st,end
1679544994249,1679544996196
1679544994497,1679544996196
1679544994293,1679544996196
1679544995150,1679544996196
1679544994248,1679544996252
1679544994247,1679544996275
1679544994249,1679544996323
1679544994462,1679544996348
1679544994245,1679544996350
1679544994249,1679544996353
1679544994554,1679544996364
1679544994289,1679544996375
1679544994251,1679544996388
1679544994780,1679544996388
1679544994245,1679544996413
1679544994246,1679544996418
1679544994273,1679544996423
1679544994742,1679544996432
1679544994643,1679544996433
1679544994251,1679544996442
1679544994244,1679544996458
1679544994648,1679544996482
1679544994250,1679544996501
1679544994702,1679544996512
1679544994496,1679544996536
1679544994887,1679544996560
1679544996244,1679544996564
1679544994247,1679544996589
1679544997758,1679544997982
1679544998012,1679544998223
1679544998060,1679544998330
1679544998015,1679544998371
1679544998146,1679544998431
1679544998259,1679544998649
1679544998250,1679544998690
1679544998545,1679544998759
1679544998617,1679544998847
1679544998713,1679544998962
1679544998600,1679544998986
1679544998747,1679544999007
1679544998875,1679544999096
1679544998877,1679544999123
1679544998836,1679544999147
1679544998710,1679544999187
1679544999057,1679544999300
1679544998941,1679544999302
1679544999014,1679544999360
1679544999231,1679544999405
1679544999206,1679544999451
1679544999322,1679544999503
1679544999399,1679544999569
1679544999384,1679544999631
1679544999406,1679544999662
1679544999548,1679544999750
1679544999456,1679544999756
1679544999617,1679544999809
1679544999520,1679544999854
1679544999609,1679544999896
1679544999736,1679544999958
1679544999816,1679545000016
1679544999734,1679545000017
1679544999976,1679545000155
1679544999990,1679545000302
1679545000168,1679545000322
1679545000329,1679545000514
1679545000230,1679545000536
1679545000201,1679545000559
1679545000395,1679545000579
1679545000309,1679545000615
1679545000446,1679545000617
1679545000541,1679545000850
1679545000710,1679545000880
1679545000747,1679545000952
1679545000874,1679545001087
1679545000734,1679545001143
1679545000969,1679545001223
1679545000947,1679545001284
1679545001030,1679545001396
1679545001016,1679545001454
1679545001144,1679545001467
1679545001040,1679545001496
1679545000868,1679545001508
1679545001378,1679545001693
1679545001450,1679545001708
1679545001432,1679545001715
1679545001570,1679545001768
1679545001236,1679545001785
1679545001531,1679545001791
1679545001710,1679545001938
1679545001804,1679545001983
1679545001956,1679545002119
1679545001918,1679545002172
1679545001839,1679545002185
1679545002125,1679545002335
1679545002180,1679545002372
1679545002203,1679545002405
1679545002197,1679545002497
1679545002209,1679545002535
1679545002254,1679545002556
1679545002294,1679545002568
1679545002297,1679545002603
1679545002318,1679545002658
1679545002519,1679545002707
1679545002617,1679545002781
1679545002208,1679545002823
1679545002666,1679545002865
1679545002906,1679545003073
1679545002811,1679545003148
1679545002887,1679545003266
1679545002963,1679545003286
1679545003028,1679545003383
1679545003278,1679545003457
1679545003223,1679545003458
1679545003250,1679545003462
1679545003297,1679545003645
1679545003394,1679545003654
1679545003508,1679545003660
1679545003499,1679545003735
1679545003551,1679545003750
1679545003580,1679545003836
1679545003808,1679545004022
1679545003654,1679545004053
1679545003909,1679545004136
1679545004017,1679545004256
1679545004101,1679545004308
1679545004316,1679545004512
1679545004247,1679545004528
1679545004394,1679545004547
1679545004276,1679545004547
1679545004343,1679545004589
1679545004555,1679545004779
1679545004534,1679545004813
1679545004625,1679545004826
1679545004542,1679545004860
1679545004616,1679545004891
1679545004676,1679545004924
1679545004789,1679545005060
1679545004869,1679545005097
1679545005018,1679545005273
1679545005168,1679545005344
1679545005108,1679545005364
1679545004954,1679545005364
1679545005137,1679545005423
1679545005242,1679545005489
1679545005249,1679545005523
1679545005265,1679545005525
1679545005198,1679545005547
1679545005369,1679545005610
1679545005386,1679545005774
1679545005605,1679545005845
1679545005742,1679545006027
1679545005908,1679545006076
1679545005849,1679545006143
1679545005987,1679545006225
1679545006093,1679545006328
1679545005936,1679545006358
1679545006160,1679545006359
1679545006308,1679545006604
1679545006402,1679545006612
1679545006390,1679545006642
1679545006706,1679545006878
1679545006658,1679545006927
1679545006833,1679545007010
1679545006746,1679545007067
1679545006854,1679545007108
1679545006800,1679545007155
1679545006989,1679545007280
1679545007020,1679545007339
1679545007032,1679545007486
1679545007147,1679545007510
1679545007261,1679545007529
1679545007312,1679545007544
1679545007414,1679545007595
1679545007353,1679545007595
1679545007435,1679545007715
1679545007504,1679545007831
1679545007645,1679545007847
1679545007685,1679545007879
1679545007515,1679545007880
1679545007827,1679545007974
1679545007752,1679545008016
1679545007726,1679545008072
1679545007810,1679545008075
1679545007904,1679545008173
1679545007852,1679545008187
1679545007961,1679545008243
1679545007946,1679545008287
1679545008204,1679545008436
1679545008205,1679545008461
1679545008267,1679545008526
1679545008272,1679545008562
1679545008342,1679545008615
1679545008273,1679545008633
1679545008442,1679545008638
1679545008428,1679545008786
1679545008633,1679545008805
1679545008866,1679545009140
1679545008938,1679545009180
1679545009041,1679545009279
1679545008906,1679545009282
1679545009068,1679545009315
1679545009284,1679545009466
1679545009212,1679545009503
1679545009143,1679545009515
1679545009380,1679545009543
1679545009377,1679545009565
1679545009359,1679545009628
1679545009345,1679545009632
1679545009393,1679545009671
1679545009454,1679545009746
1679545009627,1679545009860
1679545009691,1679545009916
1679545009509,1679545010027
1679545009888,1679545010103
1679545009899,1679545010251
1679545009490,1679545010328
1679545010292,1679545010435
1679545010250,1679545010479
1679545010270,1679545010527
1679545010386,1679545010600
1679545010390,1679545010667
1679545010395,1679545010679
1679545010337,1679545010716
1679545010541,1679545010798
1679545010556,1679545010798
1679545010585,1679545010828
1679545010710,1679545010842
1679545010754,1679545010893
1679545010754,1679545010917
1679545010663,1679545010923
1679545010673,1679545010943
1679545010728,1679545010954
1679545010866,1679545011170
1679545010978,1679545011195
1679545010988,1679545011292
1679545011260,1679545011340
1679545011189,1679545011432
1679545011250,1679545011481
1679545011295,1679545011598
1679545011582,1679545011767
1679545011591,1679545011827
1679545011529,1679545011868
1679545011619,1679545011963
1679545011701,1679545012030
1679545011859,1679545012031
1679545011867,1679545012166
1679545011989,1679545012177
1679545012034,1679545012268
1679545012047,1679545012299
1679545011907,1679545012382
1679545012341,1679545012577
1679545012307,1679545012616
1679545012233,1679545012700
1679545012547,1679545012712
1679545012381,1679545012782
1679545012727,1679545012853
1679545012576,1679545012880
1679545012844,1679545013075
1679545013027,1679545013230
1679545013039,1679545013242
1679545013224,1679545013385
1679545013123,1679545013395
1679545013262,1679545013527
1679545013213,1679545013544
1679545013373,1679545013566
1679545013369,1679545013601
1679545013499,1679545013706
1679545013482,1679545013747
1679545013525,1679545013839
1679545013668,1679545013880
1679545013744,1679545013996
1679545013592,1679545014019
1679545013925,1679545014152
1679545013952,1679545014324
1679545014227,1679545014402
1679545014247,1679545014494
1679545014256,1679545014596
1679545014365,1679545014690
1679545014414,1679545014693
1679545014490,1679545014746
1679545014352,1679545014748
1679545014621,1679545014812
1679545014631,1679545014831
1679545014731,1679545014912
1679545014818,1679545014961
1679545014766,1679545014970
1679545014773,1679545015086
1679545014758,1679545015090
1679545014613,1679545015094
1679545014867,1679545015122
1679545014928,1679545015134
1679545014896,1679545015201
1679545015024,1679545015299
1679545015110,1679545015470
1679545015243,1679545015471
1679545015361,1679545015532
1679545015338,1679545015627
1679545015471,1679545015691
1679545015447,1679545015723
1679545015518,1679545015796
1679545015531,1679545015832
1679545015778,1679545015983
1679545015817,1679545016126
1679545016008,1679545016246
1679545016041,1679545016272
1679545015880,1679545016308
1679545016135,1679545016420
1679545016174,1679545016472
1679545016282,1679545016532
1679545016400,1679545016585
1679545016375,1679545016643
1679545016347,1679545016788
1679545016644,1679545016879
1679545016592,1679545016928
1679545016624,1679545016956
1679545016652,1679545016983
1679545016960,1679545017123
1679545016978,1679545017167
1679545016917,1679545017175
1679545016794,1679545017176
1679545016875,1679545017186
1679545016942,1679545017260
1679545016970,1679545017376
1679545017278,1679545017628
1679545017118,1679545017703
1679545017473,1679545017724
1679545017542,1679545017750
1679545017576,1679545017802
1679545017442,1679545017856
1679545017741,1679545017997
1679545017830,1679545018039
1679545017960,1679545018092
1679545017722,1679545018106
1679545017916,1679545018127
1679545017830,1679545018153
1679545018067,1679545018238
1679545018069,1679545018393
1679545018310,1679545018440
1679545018376,1679545018564
1679545018347,1679545018595
1679545018400,1679545018624
1679545018509,1679545018648
1679545018478,1679545018731
1679545018632,1679545018844
1679545018611,1679545018859
1679545018593,1679545018881
1679545018723,1679545018936
1679545018742,1679545018996
1679545018759,1679545019030
1679545018835,1679545019098
1679545018841,1679545019107
1679545018757,1679545019145
1679545019078,1679545019354
1679545019158,1679545019453
1679545019176,1679545019486
1679545019330,1679545019542
1679545019294,1679545019544
1679545019350,1679545019579
1679545019383,1679545019662
1679545019354,1679545019711
1679545019650,1679545019844
1679545019748,1679545019906
1679545019632,1679545019916
1679545019559,1679545019926
1679545019771,1679545019987
1679545019743,1679545019990
1679545019760,1679545020032
1679545019894,1679545020129
1679545020009,1679545020204
1679545020007,1679545020211
1679545020031,1679545020298
1679545019955,1679545020305
1679545020267,1679545020448
1679545020201,1679545020527
1679545020368,1679545020590
1679545020632,1679545020779
1679545020603,1679545020832
1679545020595,1679545020855
1679545020723,1679545020887
1679545020925,1679545021145
1679545020875,1679545021198
1679545020966,1679545021208
1679545020805,1679545021230
1679545020805,1679545021267
1679545020900,1679545021267
1679545020870,1679545021404
1679545021132,1679545021423
1679545021300,1679545021442
1679545021304,1679545021526
1679545021259,1679545021538
1679545021450,1679545021691
1679545021513,1679545021736
1679545021601,1679545021777
1679545021601,1679545021904
1679545021596,1679545021937
1679545021753,1679545021944
1679545021789,1679545022024
1679545021715,1679545022030
1679545021697,1679545022030
1679545021924,1679545022114
1679545021898,1679545022142
1679545022031,1679545022234
1679545022118,1679545022337
1679545022035,1679545022356
1679545022117,1679545022371
1679545022109,1679545022378
1679545022206,1679545022411
1679545022089,1679545022438
1679545022273,1679545022489
1679545022344,1679545022508
1679545022306,1679545022605
1679545022480,1679545022673
1679545022470,1679545022712
1679545022645,1679545022780
1679545022763,1679545022912
1679545022333,1679545023009
1679545022731,1679545023072
1679545022768,1679545023113
1679545022967,1679545023220
1679545022839,1679545023244
1679545023302,1679545023414
1679545023272,1679545023425
1679545023131,1679545023560
1679545023519,1679545023662
1679545023528,1679545023831
1679545023672,1679545023872
1679545023782,1679545023966
1679545023801,1679545023996
1679545023712,1679545024063
1679545023914,1679545024162
1679545023952,1679545024175
1679545024096,1679545024271
1679545024096,1679545024328
1679545024066,1679545024370
1679545024154,1679545024419
1679545024275,1679545024478
1679545024262,1679545024482
1679545024299,1679545024579
1679545024384,1679545024648
1679545024547,1679545024661
1679545024574,1679545024797
1679545024505,1679545024803
1679545024617,1679545024900
1679545024772,1679545025053
1679545024795,1679545025064
1679545024720,1679545025086
1679545024845,1679545025140
1679545024942,1679545025228
1679545025149,1679545025284
1679545024849,1679545025305
1679545025174,1679545025379
1679545025060,1679545025540
1679545025317,1679545025600
1679545025475,1679545025610
1679545025364,1679545025611
1679545025435,1679545025668
1679545025395,1679545025699
1679545025596,1679545025788
1679545025665,1679545025939
1679545025705,1679545026003
1679545025733,1679545026024
1679545025865,1679545026123
1679545025632,1679545026151
1679545025897,1679545026194
1679545025985,1679545026226
1679545025973,1679545026267
1679545025961,1679545026334
1679545026140,1679545026403
1679545026169,1679545026497
1679545026379,1679545026577
1679545026464,1679545026640
1679545026668,1679545026961
1679545026714,1679545027004
1679545026770,1679545027042
1679545026893,1679545027051
1679545026993,1679545027186
1679545027076,1679545027221
1679545026947,1679545027264
1679545026775,1679545027277
1679545026865,1679545027335
1679545027131,1679545027406
1679545027188,1679545027451
1679545027261,1679545027470
1679545027281,1679545027471
1679545027209,1679545027520
1679545027428,1679545027653
1679545027577,1679545027681
1679545027417,1679545027696
1679545027534,1679545027795
1679545027348,1679545027834
1679545027652,1679545027917
1679545027750,1679545028099
1679545027680,1679545028099
1679545027831,1679545028099
1679545027872,1679545028449
1679545028126,1679545028471
1679545028066,1679545028471
1679545028240,1679545028471
1679545028217,1679545028506
1679545028260,1679545028511
1679545028477,1679545028610
1679545028501,1679545028723
1679545028628,1679545028754
1679545028559,1679545028796
1679545028613,1679545028973
1679545028708,1679545028985
1679545028720,1679545029014
1679545028736,1679545029048
1679545028914,1679545029084
1679545028851,1679545029157
1679545028950,1679545029250
1679545029069,1679545029319
1679545029129,1679545029345
1679545029130,1679545029393
1679545029231,1679545029407
1679545029053,1679545029441
1679545029319,1679545029513
1679545029512,1679545029648
1679545029492,1679545029656
1679545029365,1679545029715
1679545029556,1679545029823
1679545029603,1679545029932
1679545029638,1679545029941
1679545029810,1679545030065
1679545029709,1679545030071
1679545029860,1679545030077
1679545029937,1679545030169
1679545029937,1679545030205
1679545029830,1679545030220
1679545029894,1679545030273
1679545030107,1679545030422
1679545030232,1679545030547
1679545030358,1679545030562
1679545030298,1679545030653
1679545030239,1679545030666
1679545030524,1679545030724
1679545030735,1679545030940
1679545030584,1679545030942
1679545030680,1679545030982
1679545030963,1679545031108
1679545030956,1679545031115
1679545030961,1679545031122
1679545031054,1679545031198
1679545031065,1679545031386
1679545031258,1679545031430
1679545031376,1679545031540
1679545031273,1679545031737
1679545031419,1679545031776
1679545031530,1679545031784
1679545031615,1679545031884
1679545031771,1679545031901
1679545031758,1679545032018
1679545031921,1679545032054
1679545031828,1679545032078
1679545031645,1679545032125
1679545031946,1679545032172
1679545031784,1679545032300
1679545031933,1679545032302
1679545031911,1679545032340
1679545032026,1679545032343
1679545031964,1679545032363
1679545032195,1679545032392
1679545032268,1679545032555
1679545032414,1679545032556
1679545032429,1679545032682
1679545032449,1679545032686
1679545032428,1679545032708
1679545032333,1679545032779
1679545032659,1679545032966
1679545032717,1679545032977
1679545032737,1679545032996
1679545033014,1679545033256
1679545033308,1679545033479
1679545033463,1679545033656
1679545033443,1679545033665
1679545033546,1679545033679
1679545033592,1679545033757
1679545033578,1679545033840
1679545033826,1679545034130
1679545034000,1679545034139
1679545034069,1679545034277
1679545034069,1679545034322
1679545034150,1679545034416
1679545034338,1679545034474
1679545034368,1679545034597
1679545034698,1679545034903
1679545034763,1679545034938
1679545034787,1679545034995
1679545034758,1679545035005
1679545034739,1679545035012
1679545034975,1679545035150
1679545034917,1679545035153
1679545034918,1679545035241
1679545034986,1679545035451
1679545035332,1679545035562
1679545035280,1679545035597
1679545035413,1679545035621
1679545035389,1679545035652
1679545035387,1679545035702
1679545035307,1679545035746
1679545035706,1679545035843
1679545035601,1679545035870
1679545035587,1679545035886
1679545035812,1679545035926
1679545035913,1679545036085
1679545036032,1679545036257
1679545036011,1679545036362
1679545036116,1679545036369
1679545036179,1679545036421
1679545036209,1679545036434
1679545036162,1679545036445
1679545036278,1679545036468
1679545036194,1679545036482
1679545036396,1679545036687
1679545036542,1679545036780
1679545036598,1679545036790
1679545036664,1679545036925
1679545036693,1679545036937
1679545036594,1679545036964
1679545036916,1679545037104
1679545036781,1679545037128
1679545037121,1679545037395
1679545037277,1679545037440
1679545037335,1679545037443
1679545037197,1679545037496
1679545037347,1679545037569
1679545037146,1679545037619
1679545037235,1679545037657
1679545037445,1679545037666
1679545037638,1679545037823
1679545037389,1679545037826
1679545037569,1679545037879
1679545037746,1679545037881
1679545037577,1679545037895
1679545037711,1679545037965
1679545037826,1679545038041
1679545037797,1679545038042
1679545037918,1679545038165
1679545038187,1679545038392
1679545038277,1679545038543
1679545038501,1679545038682
1679545038597,1679545038788
1679545038602,1679545038797
1679545038557,1679545038876
1679545038409,1679545038881
1679545038830,1679545039093
1679545038857,1679545039212
1679545038948,1679545039230
1679545038800,1679545039234
1679545038937,1679545039253
1679545039193,1679545039372
1679545039064,1679545039395
1679545039201,1679545039499
1679545039393,1679545039706
1679545039393,1679545039743
1679545039404,1679545039767
1679545039528,1679545039783
1679545039565,1679545039783
1679545039341,1679545039831
1679545039622,1679545039843
1679545039600,1679545039849
1679545039421,1679545039897
1679545039493,1679545039926
1679545039609,1679545039951
1679545039904,1679545040066
1679545039880,1679545040091
1679545039885,1679545040159
1679545039900,1679545040160
1679545039803,1679545040206
1679545040134,1679545040379
1679545039957,1679545040423
1679545040025,1679545040429
1679545040121,1679545040471
1679545040221,1679545040490
1679545040235,1679545040622
1679545040580,1679545040851
1679545040547,1679545040879
1679545040859,1679545041051
1679545040715,1679545041078
1679545041062,1679545041235
1679545041204,1679545041428
1679545041255,1679545041460
1679545041262,1679545041567
1679545041317,1679545041620
1679545041433,1679545041625
1679545041385,1679545041692
1679545041521,1679545041799
1679545041473,1679545041809
1679545041645,1679545041823
1679545041699,1679545041894
1679545041525,1679545041898
1679545041646,1679545041907
1679545041825,1679545041971
1679545041789,1679545042033
1679545041691,1679545042053
1679545041769,1679545042093
1679545041974,1679545042250
1679545041916,1679545042324
1679545042182,1679545042338
1679545041811,1679545042358
1679545041977,1679545042415
1679545042210,1679545042489
1679545042359,1679545042583
1679545042459,1679545042656
1679545042501,1679545042739
1679545042578,1679545042768
1679545042427,1679545042800
1679545042485,1679545042824
1679545042548,1679545042833
1679545042671,1679545042887
1679545042822,1679545043182
1679545043207,1679545043374
1679545042723,1679545043454
1679545043259,1679545043468
1679545043335,1679545043493
1679545043265,1679545043520
1679545043268,1679545043525
1679545043402,1679545043556
1679545043394,1679545043593
1679545043532,1679545043682
1679545043492,1679545043754
1679545043505,1679545043799
1679545043668,1679545043839
1679545043659,1679545043854
1679545043677,1679545043999
1679545043822,1679545044093
1679545043976,1679545044165
1679545044120,1679545044285
1679545044006,1679545044304
1679545044212,1679545044393
1679545044296,1679545044470
1679545044295,1679545044511
1679545044214,1679545044515
1679545044401,1679545044611
1679545044417,1679545044656
1679545044581,1679545044803
1679545044608,1679545044903
1679545044776,1679545044950
1679545044720,1679545045034
1679545044951,1679545045083
1679545044904,1679545045087
1679545044821,1679545045095
1679545044799,1679545045137
1679545044875,1679545045139
1679545044931,1679545045227
1679545045014,1679545045246
1679545045104,1679545045323
1679545044859,1679545045366
1679545044894,1679545045571
1679545045322,1679545045588
1679545045307,1679545045626
1679545045393,1679545045666
1679545045489,1679545045747
1679545045450,1679545045757
1679545045550,1679545045763
1679545045493,1679545045827
1679545045510,1679545045830
1679545045647,1679545045859
1679545045831,1679545046016
1679545045871,1679545046019
1679545045880,1679545046071
1679545045937,1679545046130
1679545045899,1679545046170
1679545046077,1679545046351
1679545046131,1679545046357
1679545046212,1679545046402
1679545046320,1679545046547
1679545046007,1679545046635
1679545046406,1679545046712
1679545046442,1679545046767
1679545046461,1679545046792
1679545046591,1679545046823
1679545046623,1679545047068
1679545046657,1679545047069
1679545046851,1679545047080
1679545047022,1679545047239
1679545047130,1679545047406
1679545047390,1679545047582
1679545047221,1679545047607
1679545047402,1679545047635
1679545047340,1679545047654
1679545047433,1679545047657
1679545047614,1679545047782
1679545047483,1679545047812
1679545047753,1679545047932
1679545047729,1679545048023
1679545047927,1679545048185
1679545047760,1679545048191
1679545048109,1679545048298
1679545047865,1679545048320
1679545048159,1679545048332
1679545048178,1679545048372
1679545048190,1679545048441
1679545048291,1679545048501
1679545048227,1679545048583
1679545048404,1679545048616
1679545048209,1679545048649
1679545048499,1679545048708
1679545048426,1679545048748
1679545048577,1679545048761
1679545048561,1679545048798
1679545048640,1679545048827
1679545048483,1679545048907
1679545048717,1679545048912
1679545048816,1679545048970
1679545048744,1679545048987
1679545048801,1679545049013
1679545048921,1679545049122
1679545049008,1679545049268
1679545049043,1679545049335
1679545049125,1679545049522
1679545049330,1679545049537
1679545049371,1679545049538
1679545049332,1679545049605
1679545049425,1679545049652
1679545049779,1679545049911
1679545049533,1679545049916
1679545049661,1679545049956
1679545049837,1679545050091
1679545049737,1679545050135
1679545050011,1679545050136
1679545050121,1679545050298
1679545050223,1679545050464
1679545050317,1679545050512
1679545050325,1679545050551
1679545050240,1679545050590
1679545050469,1679545050698
1679545050361,1679545050753
1679545050746,1679545050928
1679545050693,1679545050981
1679545050706,1679545051038
1679545050820,1679545051109
1679545050933,1679545051135
1679545051112,1679545051303
1679545051218,1679545051465
1679545051211,1679545051512
1679545051271,1679545051557
1679545051370,1679545051560
1679545051492,1679545051599
1679545051343,1679545051614
1679545051437,1679545051646
1679545051542,1679545051783
1679545051658,1679545051861
1679545051788,1679545051978
1679545051865,1679545052050
1679545051837,1679545052080
1679545051689,1679545052104
1679545052063,1679545052266
1679545051982,1679545052302
1679545052061,1679545052315
1679545052025,1679545052366
1679545052220,1679545052493
1679545052392,1679545052570
1679545052345,1679545052604
1679545052270,1679545052622
1679545052368,1679545052660
1679545052545,1679545052758
1679545052551,1679545052770
1679545052609,1679545053068
1679545052878,1679545053109
1679545053026,1679545053160
1679545052952,1679545053204
1679545053086,1679545053318
1679545053054,1679545053318
1679545053145,1679545053322
1679545053198,1679545053345
1679545053046,1679545053354
1679545053159,1679545053370
1679545053162,1679545053404
1679545053067,1679545053426
1679545053281,1679545053479
1679545053509,1679545053780
1679545053495,1679545053850
1679545053570,1679545053904
1679545053731,1679545053992
1679545053555,1679545054020
1679545053557,1679545054032
1679545053796,1679545054081
1679545053777,1679545054081
1679545053764,1679545054121
1679545053946,1679545054200
1679545054003,1679545054216
1679545054147,1679545054280
1679545054302,1679545054453
1679545054263,1679545054506
1679545054445,1679545054574
1679545054379,1679545054574
1679545054362,1679545054583
1679545054381,1679545054616
1679545054466,1679545054670
1679545054382,1679545054728
1679545054604,1679545054861
1679545054541,1679545054891
1679545054725,1679545054914
1679545054791,1679545055000
1679545054682,1679545055054
1679545054801,1679545055193
1679545054968,1679545055195
1679545054923,1679545055272
1679545055165,1679545055358
1679545055023,1679545055362
1679545055384,1679545055595
1679545055446,1679545055642
1679545055342,1679545055746
1679545055522,1679545055772
1679545055621,1679545055837
1679545055622,1679545055907
1679545055514,1679545055908
1679545055723,1679545056025
1679545055787,1679545056102
1679545055741,1679545056104
1679545055845,1679545056128
1679545055913,1679545056168
1679545055921,1679545056182
1679545055985,1679545056194
1679545055917,1679545056218
1679545055962,1679545056266
1679545055802,1679545056295
1679545056172,1679545056307
1679545055989,1679545056388
1679545056056,1679545056513
1679545056307,1679545056526
1679545056273,1679545056533
1679545056329,1679545056547
1679545056208,1679545056553
1679545056204,1679545056596
1679545056251,1679545056659
1679545056304,1679545056716
1679545056485,1679545056760
1679545056788,1679545057008
1679545056942,1679545057088
1679545056753,1679545057116
1679545056898,1679545057196
1679545056984,1679545057204
1679545057052,1679545057248
1679545057042,1679545057364
1679545057287,1679545057505
1679545057365,1679545057562
1679545057317,1679545057568
1679545057448,1679545057652
1679545057527,1679545057660
1679545057488,1679545057666
1679545057492,1679545057805
1679545057553,1679545057854
1679545057557,1679545057897
1679545057819,1679545057947
1679545057655,1679545058088
1679545057938,1679545058141
1679545057840,1679545058157
1679545058003,1679545058188
1679545058052,1679545058292
1679545058080,1679545058342
1679545057875,1679545058348
1679545057937,1679545058411
1679545058258,1679545058463
1679545058346,1679545058587
1679545058461,1679545058670
1679545058386,1679545058671
1679545058369,1679545058699
1679545058440,1679545058705
1679545058440,1679545058738
1679545058645,1679545058867
1679545058725,1679545059020
1679545058634,1679545059021
1679545058749,1679545059071
1679545059021,1679545059167
1679545058745,1679545059179
1679545059008,1679545059199
1679545058935,1679545059221
1679545059059,1679545059392
1679545059351,1679545059543
1679545059365,1679545059632
1679545059426,1679545059637
1679545059490,1679545059777
1679545059588,1679545059804
1679545059704,1679545059971
1679545059777,1679545060075
1679545059943,1679545060173
1679545059976,1679545060205
1679545060089,1679545060216
1679545060162,1679545060276
1679545060229,1679545060385
1679545060202,1679545060409
1679545060086,1679545060441
1679545060150,1679545060483
1679545060337,1679545060516
1679545060341,1679545060520
1679545060369,1679545060543
1679545060340,1679545060552
1679545060638,1679545060811
1679545060433,1679545060812
1679545060431,1679545060821
1679545060749,1679545060912
1679545060764,1679545060919
1679545060650,1679545060948
1679545060674,1679545060978
1679545060815,1679545061009
1679545060669,1679545061034
1679545060522,1679545061092
1679545060815,1679545061103
1679545060949,1679545061120
1679545060969,1679545061220
1679545061259,1679545061427
1679545061194,1679545061447
1679545061071,1679545061450
1679545061451,1679545061633
1679545061447,1679545061713
1679545061650,1679545061847
1679545061580,1679545061899
1679545061732,1679545061909
1679545061879,1679545062046
1679545061864,1679545062117
1679545061754,1679545062134
1679545061808,1679545062148
1679545061937,1679545062198
1679545062141,1679545062353
1679545062077,1679545062353
1679545062364,1679545062542
1679545062380,1679545062644
1679545062435,1679545062718
1679545062520,1679545062723
1679545062453,1679545062836
1679545062576,1679545062867
1679545062693,1679545062882
1679545062643,1679545062899
1679545062740,1679545063019
1679545062850,1679545063027
1679545062809,1679545063030
1679545062851,1679545063052
1679545062867,1679545063061
1679545062809,1679545063093
1679545062642,1679545063161
1679545063086,1679545063297
1679545063120,1679545063320
1679545062938,1679545063332
1679545063117,1679545063335
1679545062968,1679545063389
1679545063189,1679545063432
1679545063325,1679545063511
1679545063409,1679545063574
1679545063603,1679545063752
1679545063595,1679545063770
1679545063311,1679545063779
1679545063653,1679545063870
1679545063626,1679545063880
1679545063713,1679545063884
1679545063722,1679545063926
1679545063754,1679545063965
1679545063854,1679545064106
1679545063849,1679545064168
1679545064067,1679545064280
1679545064072,1679545064386
1679545064196,1679545064390
1679545064238,1679545064456
1679545064128,1679545064506
1679545064253,1679545064560
1679545064461,1679545064671
1679545064532,1679545064695
1679545064372,1679545064701
1679545064612,1679545064760
1679545064511,1679545064766
1679545064472,1679545064806
1679545064567,1679545064836
1679545064602,1679545064838
1679545064784,1679545065029
1679545064797,1679545065034
1679545064925,1679545065155
1679545064925,1679545065163
1679545065026,1679545065209
1679545065106,1679545065353
1679545065159,1679545065438
1679545065304,1679545065482
1679545065337,1679545065501
1679545064933,1679545065556
1679545065304,1679545065599
1679545065452,1679545065659
1679545065513,1679545065823
1679545065772,1679545065945
1679545065958,1679545066141
1679545066050,1679545066208
1679545066038,1679545066257
1679545066065,1679545066381
1679545066066,1679545066396
1679545066197,1679545066412
1679545066306,1679545066516
1679545066371,1679545066556
1679545066462,1679545066619
1679545066391,1679545066661
1679545066449,1679545066691
1679545066497,1679545066769
1679545066572,1679545066786
1679545066605,1679545066799
1679545066510,1679545066821
1679545066430,1679545066832
1679545066616,1679545066886
1679545066676,1679545066920
1679545066859,1679545067096
1679545066760,1679545067098
1679545066804,1679545067137
1679545066861,1679545067137
1679545066749,1679545067205
1679545067130,1679545067346
1679545067231,1679545067424
1679545067382,1679545067622
1679545067543,1679545067672
1679545067447,1679545067685
1679545067565,1679545067757
1679545067688,1679545067949
1679545067736,1679545068041
1679545067920,1679545068125
1679545067841,1679545068200
1679545068037,1679545068273
1679545068021,1679545068302
1679545068139,1679545068368
1679545068044,1679545068385
1679545068196,1679545068597
1679545068464,1679545068619
1679545068482,1679545068680
1679545068514,1679545068682
1679545068431,1679545068760
1679545068234,1679545068787
1679545068500,1679545068797
1679545068839,1679545068967
1679545068873,1679545069063
1679545068833,1679545069067
1679545068837,1679545069141
1679545068949,1679545069173
1679545069016,1679545069269
1679545069104,1679545069316
1679545069105,1679545069326
1679545069064,1679545069334
1679545069170,1679545069339
1679545069158,1679545069451
1679545069355,1679545069478
1679545069074,1679545069490
1679545069204,1679545069508
1679545069288,1679545069634
1679545069410,1679545069650
1679545069485,1679545069662
1679545069496,1679545069717
1679545069687,1679545069818
1679545069589,1679545069876
1679545069912,1679545070062
1679545069990,1679545070227
1679545070090,1679545070228
1679545070145,1679545070326
1679545070106,1679545070356
1679545070221,1679545070401
1679545070273,1679545070482
1679545070189,1679545070522
1679545070325,1679545070553
1679545070452,1679545070656
1679545070559,1679545070685
1679545070354,1679545070733
1679545070586,1679545070787
1679545070537,1679545070802
1679545070853,1679545071076
1679545070689,1679545071094
1679545071032,1679545071193
1679545071014,1679545071228
1679545071121,1679545071287
1679545071042,1679545071336
1679545071253,1679545071446
1679545071246,1679545071466
1679545071357,1679545071497
1679545071141,1679545071551
1679545071358,1679545071647
1679545071249,1679545071651
1679545071300,1679545071663
1679545071552,1679545071727
1679545071488,1679545071758
1679545071749,1679545071901
1679545071637,1679545071918
1679545071768,1679545071922
1679545071765,1679545071955
1679545071699,1679545071965
1679545071809,1679545072188
1679545072082,1679545072230
1679545071927,1679545072319
1679545072031,1679545072323
1679545072185,1679545072354
1679545072202,1679545072388
1679545072120,1679545072393
1679545072153,1679545072427
1679545072266,1679545072513
1679545072527,1679545072638
1679545072491,1679545072679
1679545072555,1679545072770
1679545072525,1679545072840
1679545072634,1679545072860
1679545072813,1679545073017
1679545073022,1679545073214
1679545073010,1679545073237
1679545073004,1679545073257
1679545073305,1679545073445
1679545073341,1679545073540
1679545073319,1679545073592
1679545073217,1679545073624
1679545073281,1679545073672
1679545073369,1679545073709
1679545073270,1679545073767
1679545073660,1679545073827
1679545073533,1679545073836
1679545073673,1679545073851
1679545073745,1679545073907
1679545073510,1679545073922
1679545073786,1679545073994
1679545073840,1679545074011
1679545073761,1679545074071
1679545074091,1679545074372
1679545073761,1679545074378
1679545074100,1679545074415
1679545074116,1679545074416
1679545074206,1679545074445
1679545074273,1679545074521
1679545074396,1679545074544
1679545074168,1679545074558
1679545074261,1679545074648
1679545074410,1679545074689
1679545074541,1679545074750
1679545074428,1679545074768
1679545074411,1679545074808
1679545074478,1679545074852
1679545074528,1679545074905
1679545074691,1679545074933
1679545074854,1679545075018
1679545074765,1679545075050
1679545074686,1679545075064
1679545075101,1679545075212
1679545074895,1679545075248
1679545075159,1679545075294
1679545075081,1679545075302
1679545075199,1679545075401
1679545075199,1679545075493
1679545075645,1679545075880
1679545075775,1679545075924
1679545075545,1679545075976
1679545075817,1679545076037
1679545075948,1679545076114
1679545075873,1679545076170
1679545076141,1679545076382
1679545076012,1679545076396
1679545076224,1679545076417
1679545076317,1679545076493
1679545076311,1679545076536
1679545076417,1679545076630
1679545076324,1679545076663
1679545076197,1679545076690
1679545076522,1679545076742
1679545076651,1679545076832
1679545076564,1679545076837
1679545076694,1679545076881
1679545076698,1679545077008
1679545076687,1679545077009
1679545076877,1679545077059
1679545076801,1679545077098
1679545076862,1679545077137
1679545076981,1679545077152
1679545076916,1679545077184
1679545076987,1679545077247
1679545077043,1679545077269
1679545077050,1679545077369
1679545077089,1679545077438
1679545077314,1679545077640
1679545077417,1679545077649
1679545077372,1679545077672
1679545077658,1679545077829
1679545077474,1679545077833
1679545077779,1679545077924
1679545077787,1679545078035
1679545077889,1679545078053
1679545077827,1679545078155
1679545078062,1679545078211
1679545078077,1679545078323
1679545078222,1679545078379
1679545078045,1679545078408
1679545078373,1679545078602
1679545078351,1679545078610
1679545078357,1679545078638
1679545078481,1679545078659
1679545078498,1679545078726
1679545078527,1679545078790
1679545078709,1679545078956
1679545078809,1679545078972
1679545078857,1679545079040
1679545078607,1679545079079
1679545078909,1679545079108
1679545079038,1679545079196
1679545078982,1679545079210
1679545078985,1679545079222
1679545079037,1679545079273
1679545078981,1679545079332
1679545078915,1679545079337
1679545079142,1679545079385
1679545079066,1679545079439
1679545079361,1679545079577
1679545079487,1679545079699
1679545079378,1679545079705
1679545079678,1679545079805
1679545079677,1679545079864
1679545079697,1679545079996
1679545079740,1679545080013
1679545079828,1679545080105
1679545079783,1679545080121
1679545079845,1679545080123
1679545079888,1679545080161
1679545079922,1679545080178
1679545080000,1679545080182
1679545080033,1679545080263
1679545080065,1679545080326
1679545080059,1679545080361
1679545080266,1679545080477
1679545080365,1679545080532
1679545080373,1679545080587
1679545080383,1679545080607
1679545080641,1679545080857
1679545080621,1679545080861
1679545080548,1679545080861
1679545080792,1679545080931
1679545080688,1679545080944
1679545080765,1679545080954
1679545080830,1679545081100
1679545081014,1679545081350
1679545081080,1679545081358
1679545081413,1679545081614
1679545081533,1679545081748
1679545081696,1679545081882
1679545081605,1679545081937
1679545081870,1679545081999
1679545081860,1679545082106
1679545081916,1679545082188
1679545082026,1679545082199
1679545081950,1679545082324
1679545082162,1679545082385
1679545082185,1679545082391
1679545082109,1679545082402
1679545082223,1679545082592
1679545082552,1679545082780
1679545082534,1679545082788
1679545082636,1679545082978
1679545082658,1679545082995
1679545082862,1679545082999
1679545082710,1679545083025
1679545082879,1679545083104
1679545083191,1679545083382
1679545083045,1679545083412
1679545083237,1679545083554
1679545083409,1679545083622
1679545083449,1679545083655
1679545083597,1679545083842
1679545083574,1679545083876
1679545083921,1679545084045
1679545083920,1679545084056
1679545083839,1679545084107
1679545083977,1679545084234
1679545084085,1679545084235
1679545084052,1679545084315
1679545084096,1679545084352
1679545084045,1679545084420
1679545084181,1679545084449
1679545084248,1679545084453
1679545084165,1679545084537
1679545084501,1679545084634
1679545084396,1679545084702
1679545084402,1679545084726
1679545084397,1679545084733
1679545084432,1679545084745
1679545084539,1679545084774
1679545084557,1679545084822
1679545084570,1679545084909
1679545084718,1679545084909
1679545084583,1679545084972
1679545084768,1679545084989
1679545084833,1679545085076
1679545084723,1679545085088
1679545084855,1679545085094
1679545084868,1679545085100
1679545084840,1679545085112
1679545085198,1679545085449
1679545085237,1679545085528
1679545085201,1679545085540
1679545085285,1679545085569
1679545085369,1679545085570
1679545085393,1679545085658
1679545085495,1679545085719
1679545085711,1679545085952
1679545085902,1679545086021
1679545085864,1679545086085
1679545086013,1679545086263
1679545086091,1679545086281
1679545086227,1679545086376
1679545086289,1679545086607
1679545086483,1679545086648
1679545086465,1679545086724
1679545086370,1679545086740
1679545086394,1679545086771
1679545086481,1679545086773
1679545086477,1679545086789
1679545086629,1679545086834
1679545086593,1679545087026
1679545086913,1679545087113
1679545086794,1679545087153
1679545086791,1679545087175
1679545086902,1679545087190
1679545087047,1679545087216
1679545086909,1679545087239
1679545086977,1679545087375
1679545087264,1679545087432
1679545087161,1679545087447
1679545087142,1679545087483
1679545087261,1679545087516
1679545087271,1679545087559
1679545087381,1679545087562
1679545087388,1679545087588
1679545087257,1679545087632
1679545087415,1679545087676
1679545087508,1679545087767
1679545087613,1679545087855
1679545087668,1679545087887
1679545087461,1679545087907
1679545087494,1679545087912
1679545087837,1679545088052
1679545087925,1679545088085
1679545087976,1679545088176
1679545087869,1679545088185
1679545087944,1679545088238
1679545088103,1679545088301
1679545088157,1679545088394
1679545088131,1679545088401
1679545088390,1679545088571
1679545088396,1679545088644
1679545088578,1679545088720
1679545088678,1679545088838
1679545088563,1679545088861
1679545088690,1679545088926
1679545088859,1679545089067
1679545088778,1679545089093
1679545088983,1679545089102
1679545089044,1679545089186
1679545089113,1679545089364
1679545089218,1679545089375
1679545089021,1679545089396
1679545089188,1679545089409
1679545089234,1679545089425
1679545089013,1679545089426
1679545089233,1679545089483
1679545089150,1679545089530
1679545089232,1679545089546
1679545089464,1679545089670
1679545089433,1679545089706
1679545089526,1679545089733
1679545089386,1679545089743
1679545089630,1679545089771
1679545089425,1679545089779
1679545089588,1679545089854
1679545089662,1679545089943
1679545089758,1679545090022
1679545089842,1679545090061
1679545089783,1679545090081
1679545089951,1679545090213
1679545090005,1679545090213
1679545090196,1679545090404
1679545090361,1679545090692
1679545090510,1679545090692
1679545090558,1679545090707
1679545090517,1679545090729
1679545090557,1679545090765
1679545090590,1679545090806
1679545090394,1679545090900
1679545090701,1679545090903
1679545090935,1679545091138
1679545091012,1679545091217
1679545091107,1679545091346
1679545091031,1679545091359
1679545091198,1679545091367
1679545091137,1679545091369
1679545091181,1679545091377
1679545091110,1679545091378
1679545091071,1679545091410
1679545091279,1679545091579
1679545091372,1679545091655
1679545091491,1679545091755
1679545091679,1679545091817
1679545091668,1679545091838
1679545091719,1679545092035
1679545091767,1679545092039
1679545092004,1679545092258
1679545092080,1679545092283
1679545092335,1679545092489
1679545092363,1679545092601
1679545092390,1679545092676
1679545092634,1679545092774
1679545092808,1679545093027
1679545092707,1679545093070
1679545092865,1679545093126
1679545092926,1679545093136
1679545092970,1679545093156
1679545093056,1679545093210
1679545093016,1679545093210
1679545092932,1679545093266
1679545093061,1679545093273
1679545093062,1679545093320
1679545093149,1679545093411
1679545093210,1679545093506
1679545093289,1679545093528
1679545093201,1679545093550
1679545093537,1679545093678
1679545093541,1679545093703
1679545093583,1679545093735
1679545093509,1679545093782
1679545093603,1679545093796
1679545093601,1679545093823
1679545093471,1679545093831
1679545093645,1679545093859
1679545093761,1679545093922
1679545093686,1679545093936
1679545093665,1679545093938
1679545093762,1679545094049
1679545093572,1679545094109
1679545093948,1679545094147
1679545094150,1679545094401
1679545094315,1679545094425
1679545094307,1679545094547
1679545094449,1679545094617
1679545094236,1679545094659
1679545094397,1679545094666
1679545094543,1679545094709
1679545094287,1679545094713
1679545094537,1679545094815
1679545094727,1679545094925
1679545094829,1679545095045
1679545094884,1679545095047
1679545094901,1679545095090
1679545094909,1679545095115
1679545094938,1679545095186
1679545095100,1679545095320
1679545095184,1679545095384
1679545095229,1679545095412
1679545095388,1679545095686
1679545095504,1679545095778
1679545095633,1679545095851
1679545095711,1679545095973
1679545095852,1679545095985
1679545095844,1679545096010
1679545095780,1679545096020
1679545095978,1679545096184
1679545096117,1679545096283
1679545096026,1679545096287
1679545096168,1679545096334
1679545096229,1679545096414
1679545096170,1679545096454
1679545096314,1679545096540
1679545096422,1679545096584
1679545096435,1679545096631
1679545096487,1679545096646
1679545096471,1679545096741
1679545096440,1679545096786
1679545096697,1679545096861
1679545096671,1679545096892
1679545096530,1679545096909
1679545096789,1679545097004
1679545096795,1679545097014
1679545097061,1679545097237
1679545096983,1679545097255
1679545097084,1679545097264
1679545097084,1679545097299
1679545097197,1679545097359
1679545097233,1679545097527
1679545097329,1679545097532
1679545097366,1679545097594
1679545096912,1679545097598
1679545097413,1679545097642
1679545097342,1679545097685
1679545097471,1679545097699
1679545097352,1679545097728
1679545097499,1679545097748
1679545097617,1679545097813
1679545097605,1679545097821
1679545097650,1679545097895
1679545097665,1679545097945
1679545097637,1679545097989
1679545097910,1679545098255
1679545098039,1679545098279
1679545097991,1679545098312
1679545098206,1679545098462
1679545098271,1679545098475
1679545098091,1679545098497
1679545098558,1679545098703
1679545098517,1679545098784
1679545098644,1679545098818
1679545098705,1679545098849
1679545098665,1679545098887
1679545098846,1679545099095
1679545098829,1679545099106
1679545098886,1679545099109
1679545098991,1679545099201
1679545099148,1679545099257
1679545099036,1679545099284
1679545099150,1679545099298
1679545099119,1679545099345
1679545099148,1679545099457
1679545099323,1679545099511
1679545099330,1679545099617
1679545099355,1679545099625
1679545099510,1679545099634
1679545099469,1679545099706
1679545099354,1679545099735
1679545099573,1679545099773
1679545099594,1679545099775
1679545099640,1679545099885
1679545099646,1679545099887
1679545100029,1679545100145
1679545100006,1679545100216
1679545100011,1679545100334
1679545100157,1679545100352
1679545100118,1679545100439
1679545100368,1679545100677
1679545100369,1679545100683
1679545100399,1679545100699
1679545100390,1679545100703
1679545100259,1679545100707
1679545100461,1679545100731
1679545100591,1679545100772
1679545100636,1679545100784
1679545100739,1679545100915
1679545100746,1679545100955
1679545100756,1679545100995
1679545100938,1679545101225
1679545100926,1679545101226
1679545100975,1679545101236
1679545100991,1679545101426
1679545101251,1679545101471
1679545101186,1679545101487
1679545101204,1679545101503
1679545101162,1679545101506
1679545101245,1679545101539
1679545101133,1679545101626
1679545101214,1679545101627
1679545101488,1679545101670
1679545101535,1679545101739
1679545101550,1679545101807
1679545101659,1679545101878
1679545101657,1679545101887
1679545101656,1679545101911
1679545101633,1679545101948
1679545101686,1679545102041
1679545101853,1679545102048
1679545101895,1679545102161
1679545102010,1679545102234
1679545101980,1679545102279
1679545102181,1679545102346
1679545102196,1679545102455
1679545102161,1679545102481
1679545102258,1679545102531
1679545102242,1679545102610
1679545102381,1679545102740
1679545102462,1679545102758
1679545102605,1679545102758
1679545102400,1679545102771
1679545102549,1679545102790
1679545102629,1679545102814
1679545102635,1679545102816
1679545102608,1679545102862
1679545102664,1679545102921
1679545102677,1679545103000
1679545102828,1679545103163
1679545103045,1679545103215
1679545103048,1679545103235
1679545102875,1679545103250
1679545103104,1679545103285
1679545103008,1679545103332
1679545103157,1679545103355
1679545103100,1679545103393
1679545103170,1679545103425
1679545103289,1679545103546
1679545103390,1679545103648
1679545103701,1679545103806
1679545103763,1679545103898
1679545103549,1679545103938
1679545103792,1679545103993
1679545103886,1679545104031
1679545103766,1679545104046
1679545103890,1679545104116
1679545104068,1679545104189
1679545104192,1679545104482
1679545104311,1679545104531
1679545104335,1679545104625
1679545104317,1679545104646
1679545104322,1679545104660
1679545104434,1679545104723
1679545104535,1679545104752
1679545104608,1679545104778
1679545104729,1679545104954
1679545104740,1679545104985
1679545104715,1679545105022
1679545104742,1679545105035
1679545104957,1679545105115
1679545104857,1679545105138
1679545105005,1679545105171
1679545104980,1679545105216
1679545105117,1679545105255
1679545105049,1679545105399
1679545105270,1679545105523
1679545105377,1679545105575
1679545105431,1679545105674
1679545105199,1679545105705
1679545105365,1679545105785
1679545105468,1679545105799
1679545105692,1679545105921
1679545105773,1679545105991
1679545105638,1679545106002
1679545105753,1679545106087
1679545105897,1679545106113
1679545105880,1679545106151
1679545105913,1679545106154
1679545105829,1679545106196
1679545105964,1679545106198
1679545106065,1679545106273
1679545106037,1679545106292
1679545106178,1679545106303
1679545105861,1679545106317
1679545106114,1679545106328
1679545106173,1679545106356
1679545106080,1679545106375
1679545106229,1679545106482
1679545106145,1679545106495
1679545106333,1679545106583
1679545106495,1679545106625
1679545106394,1679545106704
1679545106461,1679545106754
1679545106442,1679545106765
1679545106678,1679545106962
1679545106802,1679545106985
1679545106806,1679545107156
1679545106970,1679545107202
1679545107249,1679545107437
1679545107268,1679545107599
1679545107419,1679545107720
1679545107509,1679545107724
1679545107440,1679545107758
1679545107565,1679545107786
1679545107515,1679545107791
1679545107570,1679545107945
1679545107791,1679545107964
1679545107757,1679545108017
1679545107932,1679545108073
1679545107679,1679545108091
1679545108125,1679545108222
1679545108013,1679545108287
1679545108019,1679545108333
1679545108109,1679545108357
1679545107845,1679545108359
1679545108236,1679545108426
1679545108161,1679545108428
1679545108186,1679545108433
1679545108277,1679545108500
1679545108281,1679545108597
1679545108425,1679545108604
1679545108386,1679545108620
1679545108277,1679545108636
1679545108164,1679545108736
1679545108640,1679545108888
1679545108560,1679545108911
1679545108721,1679545108992
1679545108869,1679545109077
1679545108895,1679545109085
1679545108814,1679545109097
1679545108953,1679545109206
1679545109079,1679545109250
1679545109079,1679545109293
1679545109070,1679545109426
1679545109253,1679545109447
1679545109157,1679545109455
1679545109391,1679545109520
1679545109253,1679545109583
1679545109371,1679545109598
1679545109325,1679545109663
1679545109723,1679545109982
1679545109813,1679545110034
1679545109800,1679545110043
1679545109905,1679545110112
1679545109800,1679545110159
1679545109998,1679545110278
1679545110065,1679545110308
1679545110229,1679545110359
1679545110203,1679545110382
1679545110188,1679545110389
1679545109980,1679545110407
1679545110093,1679545110414
1679545110231,1679545110479
1679545110367,1679545110487
1679545110227,1679545110505
1679545110269,1679545110583
1679545110387,1679545110654
1679545110449,1679545110872
1679545110610,1679545110914
1679545110755,1679545110987
1679545110692,1679545111013
1679545110578,1679545111034
1679545110917,1679545111070
1679545110949,1679545111137
1679545110913,1679545111197
1679545111034,1679545111210
1679545111049,1679545111441
1679545111292,1679545111460
1679545111261,1679545111553
1679545111265,1679545111567
1679545111424,1679545111664
1679545111590,1679545111787
1679545111619,1679545111846
1679545111671,1679545111865
1679545111891,1679545112034
1679545111865,1679545112038
1679545111705,1679545112086
1679545111924,1679545112104
1679545112083,1679545112307
1679545112140,1679545112314
1679545112156,1679545112379
1679545112257,1679545112419
1679545112130,1679545112477
1679545112120,1679545112541
1679545112376,1679545112588
1679545112372,1679545112636
1679545112520,1679545112655
1679545112499,1679545112758
1679545112443,1679545112758
1679545112673,1679545112817
1679545112470,1679545112828
1679545112693,1679545112833
1679545112770,1679545112903
1679545112785,1679545112918
1679545112820,1679545113060
1679545113162,1679545113334
1679545113079,1679545113334
1679545113180,1679545113355
1679545113212,1679545113430
1679545113196,1679545113458
1679545113098,1679545113501
1679545113318,1679545113543
1679545113410,1679545113619
1679545113656,1679545113770
1679545113680,1679545113796
1679545113572,1679545113809
1679545113665,1679545113895
1679545113745,1679545113932
1679545113715,1679545114007
1679545113826,1679545114072
1679545113825,1679545114079
1679545113857,1679545114129
1679545114027,1679545114222
1679545113923,1679545114299
1679545113982,1679545114316
1679545114153,1679545114358
1679545114030,1679545114402
1679545114353,1679545114481
1679545114122,1679545114499
1679545114312,1679545114582
1679545114246,1679545114622
1679545114172,1679545114679
1679545114493,1679545114773
1679545114471,1679545114773
1679545114510,1679545114802
1679545114661,1679545114845
1679545114748,1679545114882
1679545114726,1679545114933
1679545114835,1679545115113
1679545115066,1679545115228
1679545115035,1679545115245
1679545115102,1679545115295
1679545115210,1679545115398
1679545115201,1679545115420
1679545115125,1679545115580
1679545115453,1679545115585
1679545115412,1679545115670
1679545115499,1679545115775
1679545115613,1679545115862
1679545115677,1679545115895
1679545115670,1679545115908
1679545115618,1679545115915
1679545115905,1679545116038
1679545115881,1679545116171
1679545115928,1679545116196
1679545116039,1679545116198
1679545116093,1679545116393
1679545116176,1679545116470
1679545116441,1679545116605
1679545116308,1679545116616
1679545116379,1679545116684
1679545116626,1679545116888
1679545116586,1679545116924
1679545116681,1679545117013
1679545116828,1679545117020
1679545116976,1679545117066
1679545116867,1679545117106
1679545116652,1679545117137
1679545117109,1679545117240
1679545116829,1679545117259
1679545117023,1679545117348
1679545117116,1679545117353
1679545117146,1679545117498
1679545117290,1679545117542
1679545117415,1679545117562
1679545117068,1679545117578
1679545117295,1679545117597
1679545117277,1679545117613
1679545117514,1679545117711
1679545117442,1679545117797
1679545117574,1679545117865
1679545117671,1679545117869
1679545117698,1679545117942
1679545117679,1679545118049
1679545117809,1679545118072
1679545117967,1679545118163
1679545118063,1679545118201
1679545118125,1679545118297
1679545118097,1679545118359
1679545118323,1679545118430
1679545118234,1679545118448
1679545118245,1679545118624
1679545118413,1679545118711
1679545118529,1679545118767
1679545118389,1679545118796
1679545118819,1679545118975
1679545118923,1679545119066
1679545118777,1679545119084
1679545118790,1679545119104
1679545118699,1679545119106
1679545118780,1679545119108
1679545118694,1679545119123
1679545119044,1679545119249
1679545119001,1679545119250
1679545119098,1679545119321
1679545119308,1679545119566
1679545119309,1679545119599
1679545119241,1679545119603
1679545119279,1679545119640
1679545119468,1679545119686
1679545119358,1679545119702
1679545119441,1679545119716
1679545119534,1679545119773
1679545119527,1679545119846
1679545119999,1679545120150
1679545120051,1679545120199
1679545120091,1679545120307
1679545119959,1679545120356
1679545120152,1679545120393
1679545120290,1679545120412
1679545120194,1679545120458
1679545120224,1679545120550
1679545120385,1679545120579
1679545120357,1679545120649
1679545120315,1679545120649
1679545120462,1679545120680
1679545120557,1679545120754
1679545120574,1679545120871
1679545120689,1679545120910
1679545120704,1679545120946
1679545120706,1679545121012
1679545120777,1679545121069
1679545120873,1679545121159
1679545120991,1679545121287
1679545121158,1679545121354
1679545121257,1679545121462
1679545121208,1679545121482
1679545121302,1679545121500
1679545121013,1679545121567
1679545121384,1679545121591
1679545121390,1679545121619
1679545121453,1679545121745
1679545121453,1679545121784
1679545121584,1679545121861
1679545121569,1679545121953
1679545121788,1679545122061
1679545121946,1679545122108
1679545121483,1679545122173
1679545121851,1679545122241
1679545122000,1679545122258
1679545122125,1679545122272
1679545121757,1679545122350
1679545122045,1679545122388
1679545122251,1679545122482
1679545122253,1679545122495
1679545122542,1679545122673
1679545122608,1679545122820
1679545122757,1679545122933
1679545122749,1679545122999
1679545122905,1679545123034
1679545122782,1679545123082
1679545122916,1679545123197
1679545123093,1679545123284
1679545123151,1679545123395
1679545123031,1679545123405
1679545123107,1679545123509
1679545123481,1679545123607
1679545123563,1679545123674
1679545123536,1679545123753
1679545123526,1679545123778
1679545123577,1679545123781
1679545123644,1679545123850
1679545123649,1679545123882
1679545123750,1679545123977
1679545123787,1679545124009
1679545123831,1679545124029
1679545123769,1679545124074
1679545123911,1679545124261
1679545123882,1679545124275
1679545124085,1679545124310
1679545124038,1679545124319
1679545123936,1679545124364
1679545124231,1679545124413
1679545124340,1679545124498
1679545124279,1679545124511
1679545124299,1679545124533
1679545124473,1679545124633
1679545124525,1679545124672
1679545124463,1679545124690
1679545124525,1679545124737
1679545124489,1679545124796
1679545124866,1679545125045
1679545124862,1679545125111
1679545124861,1679545125113
1679545124943,1679545125170
1679545124937,1679545125177
1679545124857,1679545125200
1679545124981,1679545125202
1679545124894,1679545125219
1679545125108,1679545125398
1679545125268,1679545125429
1679545125245,1679545125443
1679545125274,1679545125470
1679545125274,1679545125635
1679545125389,1679545125713
1679545125523,1679545125730
1679545125576,1679545125837
1679545125686,1679545125970
1679545125846,1679545126066
1679545125884,1679545126117
1679545126008,1679545126150
1679545126126,1679545126319
1679545126345,1679545126476
1679545126256,1679545126490
1679545126506,1679545126644
1679545126501,1679545126689
1679545126376,1679545126693
1679545126574,1679545126803
1679545126736,1679545126824
1679545126593,1679545126826
1679545126508,1679545126859
1679545126776,1679545126990
1679545126740,1679545127002
1679545126761,1679545127030
1679545126742,1679545127073
1679545127018,1679545127178
1679545127009,1679545127179
1679545126985,1679545127238
1679545127028,1679545127294
1679545127042,1679545127295
1679545126957,1679545127329
1679545127006,1679545127563
1679545127236,1679545127567
1679545127287,1679545127602
1679545127440,1679545127620
1679545127243,1679545127635
1679545127333,1679545127705
1679545127519,1679545127826
1679545127764,1679545127969
1679545127789,1679545127969
1679545127845,1679545128087
1679545128001,1679545128164
1679545127950,1679545128177
1679545128011,1679545128281
1679545128199,1679545128450
1679545128196,1679545128485
1679545128245,1679545128493
1679545128147,1679545128531
1679545128389,1679545128630
1679545128427,1679545128671
1679545128533,1679545128738
1679545128539,1679545128759
1679545128679,1679545128850
1679545128861,1679545129045
1679545128832,1679545129101
1679545128950,1679545129109
1679545129013,1679545129120
1679545128779,1679545129200
1679545129112,1679545129310
1679545129088,1679545129337
1679545129138,1679545129484
1679545129347,1679545129549
1679545129296,1679545129560
1679545129406,1679545129611
1679545129500,1679545129740
1679545129517,1679545129833
1679545129766,1679545129884
1679545129831,1679545130014
1679545129883,1679545130042
1679545129937,1679545130107
1679545129909,1679545130200
1679545130131,1679545130406
1679545130229,1679545130450
1679545130306,1679545130525
1679545130396,1679545130649
1679545130369,1679545130681
1679545130553,1679545130694
1679545130505,1679545130699
1679545130481,1679545130729
1679545130486,1679545130829
1679545130501,1679545130853
1679545130538,1679545130873
1679545130668,1679545130973
1679545130396,1679545130982
1679545130733,1679545130988
1679545130729,1679545130991
1679545130794,1679545131031
1679545130818,1679545131041
1679545130726,1679545131046
1679545130605,1679545131048
1679545130842,1679545131122
1679545130938,1679545131147
1679545131068,1679545131384
1679545131299,1679545131445
1679545131257,1679545131462
1679545131353,1679545131594
1679545131302,1679545131647
1679545131478,1679545131648
1679545131447,1679545131687
1679545131545,1679545131762
1679545131581,1679545131836
1679545131660,1679545131845
1679545131755,1679545131931
1679545131700,1679545131998
1679545131777,1679545132102
1679545131900,1679545132142
1679545132027,1679545132229
1679545132081,1679545132248
1679545132069,1679545132347
1679545132057,1679545132366
1679545132163,1679545132506
1679545132377,1679545132592
1679545132419,1679545132607
1679545132448,1679545132690
1679545132433,1679545132769
1679545132554,1679545132951
1679545132815,1679545133064
1679545132849,1679545133071
1679545132973,1679545133285
1679545133067,1679545133422
1679545133129,1679545133456
1679545133248,1679545133513
1679545133387,1679545133555
1679545133431,1679545133601
1679545133357,1679545133601
1679545133524,1679545133702
1679545133448,1679545133768
1679545133627,1679545133870
1679545133691,1679545133886
1679545133661,1679545133889
1679545133620,1679545133929
1679545133606,1679545133964
1679545133705,1679545133983
1679545133841,1679545134026
1679545133801,1679545134071
1679545133862,1679545134110
1679545133858,1679545134194
1679545134124,1679545134343
1679545134141,1679545134355
1679545134313,1679545134478
1679545134244,1679545134487
1679545134447,1679545134752
1679545134442,1679545134790
1679545134476,1679545134799
1679545134519,1679545134813
1679545134462,1679545134816
1679545134550,1679545134842
1679545134806,1679545135031
1679545134797,1679545135049
1679545134924,1679545135123
1679545134988,1679545135151
1679545134945,1679545135180
1679545135026,1679545135274
1679545135085,1679545135276
1679545135132,1679545135337
1679545135141,1679545135381
1679545135205,1679545135394
1679545135192,1679545135460
1679545135323,1679545135504
1679545135313,1679545135539
1679545135238,1679545135554
1679545135411,1679545135689
1679545135583,1679545135806
1679545135541,1679545135844
1679545135689,1679545135901
1679545135733,1679545135987
1679545135632,1679545135989
1679545135893,1679545136174
1679545136017,1679545136202
1679545136149,1679545136296
1679545136112,1679545136372
1679545136271,1679545136468
1679545136241,1679545136537
1679545136354,1679545136608
1679545136506,1679545136613
1679545136395,1679545136716
1679545136466,1679545136744
1679545136600,1679545136788
1679545136600,1679545136891
1679545136745,1679545137046
1679545136823,1679545137070
1679545136933,1679545137108
1679545136969,1679545137125
1679545136987,1679545137211
1679545137048,1679545137215
1679545136925,1679545137233
1679545136846,1679545137268
1679545136962,1679545137351
1679545137166,1679545137361
1679545137345,1679545137470
1679545137340,1679545137480
1679545137273,1679545137505
1679545137344,1679545137553
1679545137564,1679545137854
1679545137642,1679545137956
1679545137794,1679545138005
1679545137701,1679545138012
1679545137907,1679545138097
1679545138088,1679545138229
1679545138037,1679545138231
1679545138071,1679545138309
1679545138274,1679545138573
1679545138379,1679545138581
1679545138398,1679545138596
1679545138400,1679545138603
1679545138413,1679545138663
1679545138470,1679545138693
1679545138438,1679545138745
1679545138505,1679545138761
1679545138562,1679545138791
1679545138478,1679545138799
1679545138675,1679545138811
1679545138647,1679545138831
1679545138493,1679545138896
1679545138789,1679545138963
1679545138690,1679545139004
1679545138720,1679545139075
1679545138700,1679545139076
1679545138848,1679545139098
1679545138892,1679545139147
1679545138872,1679545139224
1679545139055,1679545139321
1679545139118,1679545139362
1679545139090,1679545139380
1679545139285,1679545139576
1679545139601,1679545139726
1679545139558,1679545139820
1679545139655,1679545139851
1679545139733,1679545139948
1679545139855,1679545140052
1679545139894,1679545140166
1679545139893,1679545140227
1679545140119,1679545140301
1679545140246,1679545140487
1679545140264,1679545140536
1679545140400,1679545140562
1679545140525,1679545140717
1679545140479,1679545140727
1679545140611,1679545140829
1679545140961,1679545141246
1679545141140,1679545141263
1679545141219,1679545141353
1679545141305,1679545141498
1679545141359,1679545141515
1679545141282,1679545141550
1679545141384,1679545141607
1679545141551,1679545141774
1679545141540,1679545141845
1679545141718,1679545141886
1679545141706,1679545141892
1679545141779,1679545141939
1679545141731,1679545141971
1679545141813,1679545142032
1679545141837,1679545142097
1679545141893,1679545142149
1679545141645,1679545142164
1679545141879,1679545142256
1679545141955,1679545142260
1679545141969,1679545142290
1679545142094,1679545142308
1679545141989,1679545142365
1679545142053,1679545142368
1679545142248,1679545142464
1679545142106,1679545142482
1679545142182,1679545142524
1679545142425,1679545142541
1679545142354,1679545142613
1679545142160,1679545142643
1679545142507,1679545142828
1679545142589,1679545142860
1679545142772,1679545142871
1679545142706,1679545142953
1679545142819,1679545143063
1679545142847,1679545143187
1679545143079,1679545143215
1679545143140,1679545143425
1679545143248,1679545143440
1679545143260,1679545143446
1679545143292,1679545143496
1679545143330,1679545143504
1679545143239,1679545143561
1679545143405,1679545143580
1679545143418,1679545143652
1679545143420,1679545143660
1679545143511,1679545143851
1679545143597,1679545143862
1679545143621,1679545143875
1679545143781,1679545144017
1679545144006,1679545144112
1679545143941,1679545144238
1679545144195,1679545144407
1679545144206,1679545144473
1679545144217,1679545144503
1679545144326,1679545144528
1679545144353,1679545144554
1679545144256,1679545144638
1679545144458,1679545144659
1679545144552,1679545144710
1679545144612,1679545144838
1679545144625,1679545144846
1679545144719,1679545144866
1679545144800,1679545145101
1679545144719,1679545145136
1679545144621,1679545145171
1679545144972,1679545145228
1679545145045,1679545145361
1679545145096,1679545145441
1679545145201,1679545145455
1679545145304,1679545145476
1679545145346,1679545145548
1679545145189,1679545145553
1679545145477,1679545145655
1679545145482,1679545145685
1679545145576,1679545145753
1679545145625,1679545145953
1679545145693,1679545145964
1679545145728,1679545146037
1679545145835,1679545146041
1679545145708,1679545146069
1679545145953,1679545146093
1679545145823,1679545146096
1679545145905,1679545146190
1679545145725,1679545146241
1679545146132,1679545146321
1679545146066,1679545146327
1679545146079,1679545146338
1679545146217,1679545146374
1679545146229,1679545146464
1679545146257,1679545146470
1679545146352,1679545146551
1679545146355,1679545146572
1679545146395,1679545146590
1679545146221,1679545146646
1679545146545,1679545146710
1679545146466,1679545146775
1679545146588,1679545146778
1679545146586,1679545146787
1679545146879,1679545147087
1679545146909,1679545147144
1679545146773,1679545147241
1679545146972,1679545147252
1679545147188,1679545147355
1679545147233,1679545147383
1679545147170,1679545147399
1679545147314,1679545147439
1679545147272,1679545147512
1679545147300,1679545147588
1679545147405,1679545147601
1679545147506,1679545147770
1679545147577,1679545147799
1679545147673,1679545147827
1679545147740,1679545147932
1679545147744,1679545148003
1679545147780,1679545148189
1679545147833,1679545148190
1679545148048,1679545148310
1679545147907,1679545148342
1679545148192,1679545148434
1679545148230,1679545148434
1679545148275,1679545148457
1679545148138,1679545148474
1679545148261,1679545148520
1679545148263,1679545148615
1679545148644,1679545148840
1679545148651,1679545148845
1679545148614,1679545149011
1679545148935,1679545149068
1679545148687,1679545149074
1679545148907,1679545149107
1679545149081,1679545149281
1679545149150,1679545149416
1679545149183,1679545149494
1679545149324,1679545149524
1679545149106,1679545149525
1679545149152,1679545149561
1679545149316,1679545149599
1679545149401,1679545149650
1679545149625,1679545149838
1679545149657,1679545149991
1679545149746,1679545150014
1679545149917,1679545150091
1679545149977,1679545150143
1679545150016,1679545150187
1679545150025,1679545150283
1679545150187,1679545150470
1679545150288,1679545150508
1679545150236,1679545150516
1679545150241,1679545150552
1679545150342,1679545150566
1679545150540,1679545150715
1679545150466,1679545150729
1679545150397,1679545150762
1679545150646,1679545150803
1679545150532,1679545150809
1679545150589,1679545150813
1679545150657,1679545150850
1679545150733,1679545151004
1679545150806,1679545151101
1679545150769,1679545151101
1679545150755,1679545151106
1679545150965,1679545151133
1679545150886,1679545151164
1679545150894,1679545151174
1679545151077,1679545151335
1679545151120,1679545151341
1679545151138,1679545151358
1679545150972,1679545151417
1679545150972,1679545151425
1679545151421,1679545151566
1679545151422,1679545151642
1679545151465,1679545151658
1679545151514,1679545151750
1679545151667,1679545151864
1679545151861,1679545152029
1679545151672,1679545152057
1679545151860,1679545152092
1679545151862,1679545152113
1679545151881,1679545152143
1679545151982,1679545152291
1679545152178,1679545152333
1679545152121,1679545152473
1679545152315,1679545152644
1679545152419,1679545152777
1679545152713,1679545152897
1679545152681,1679545152921
1679545152704,1679545152955
1679545152885,1679545153062
1679545152857,1679545153074
1679545152845,1679545153075
1679545152847,1679545153144
1679545152933,1679545153174
1679545153044,1679545153274
1679545152965,1679545153282
1679545153021,1679545153282
1679545152965,1679545153297
1679545153189,1679545153336
1679545153145,1679545153350
1679545153021,1679545153405
1679545153143,1679545153428
1679545153269,1679545153462
1679545153291,1679545153517
1679545153364,1679545153669
1679545153543,1679545153695
1679545153537,1679545153720
1679545153737,1679545153906
1679545153678,1679545153950
1679545153747,1679545153950
1679545153625,1679545154020
1679545153768,1679545154068
1679545153774,1679545154138
1679545154068,1679545154222
1679545154036,1679545154251
1679545154165,1679545154372
1679545154129,1679545154464
1679545154286,1679545154526
1679545154343,1679545154561
1679545154445,1679545154623
1679545154578,1679545154691
1679545154526,1679545154725
1679545154501,1679545154734
1679545154580,1679545154868
1679545154641,1679545154911
1679545154827,1679545155015
1679545154862,1679545155060
1679545154952,1679545155085
1679545154927,1679545155132
1679545155052,1679545155201
1679545155081,1679545155277
1679545155036,1679545155287
1679545155049,1679545155377
1679545155155,1679545155415
1679545155160,1679545155450
1679545155256,1679545155477
1679545155342,1679545155506
1679545155511,1679545155683
1679545155520,1679545155690
1679545155453,1679545155738
1679545155624,1679545155755
1679545155618,1679545155836
1679545155690,1679545155898
1679545155660,1679545155971
1679545155791,1679545156070
1679545155989,1679545156119
1679545155906,1679545156147
1679545156029,1679545156176
1679545156182,1679545156306
1679545156181,1679545156371
1679545156267,1679545156461
1679545155894,1679545156466
1679545156248,1679545156536
1679545156436,1679545156614
1679545156379,1679545156624
1679545156465,1679545156646
1679545156339,1679545156664
1679545156549,1679545156719
1679545156631,1679545156806
1679545156565,1679545156855
1679545156626,1679545156939
1679545156752,1679545157060
1679545156824,1679545157138
1679545157132,1679545157305
1679545157073,1679545157308
1679545157038,1679545157382
1679545157309,1679545157438
1679545157365,1679545157533
1679545157123,1679545157575
1679545157476,1679545157635
1679545157469,1679545157639
1679545157345,1679545157667
1679545157553,1679545157674
1679545157537,1679545157702
1679545157487,1679545157747
1679545157423,1679545157870
1679545157625,1679545157892
1679545157671,1679545157898
1679545157710,1679545157951
1679545157754,1679545157960
1679545157640,1679545158014
1679545157835,1679545158041
1679545157721,1679545158050
1679545157625,1679545158110
1679545157969,1679545158227
1679545157954,1679545158254
1679545157928,1679545158276
1679545158168,1679545158372
1679545158531,1679545158768
1679545158676,1679545158817
1679545158725,1679545158871
1679545158524,1679545158899
1679545158669,1679545159033
1679545159005,1679545159122
1679545158976,1679545159190
1679545158970,1679545159264
1679545159108,1679545159273
1679545159156,1679545159349
1679545158985,1679545159376
1679545159145,1679545159398
1679545159124,1679545159414
1679545159346,1679545159528
1679545159330,1679545159536
1679545159445,1679545159639
1679545159363,1679545159677
1679545159500,1679545159686
1679545159569,1679545159757
1679545159649,1679545160004
1679545159749,1679545160011
1679545159643,1679545160072
1679545159769,1679545160076
1679545159878,1679545160080
1679545160067,1679545160157
1679545160015,1679545160275
1679545160076,1679545160319
1679545160047,1679545160386
1679545160145,1679545160395
1679545160214,1679545160460
1679545160147,1679545160473
1679545160366,1679545160554
1679545160441,1679545160597
1679545160430,1679545160707
1679545160315,1679545160719
1679545160515,1679545160724
1679545160536,1679545160741
1679545160442,1679545160769
1679545160642,1679545160821
1679545160579,1679545160888
1679545160521,1679545160906
1679545160601,1679545160966
1679545160818,1679545161017
1679545160804,1679545161083
1679545160903,1679545161091
1679545160804,1679545161145
1679545161016,1679545161165
1679545161052,1679545161275
1679545161173,1679545161317
1679545161065,1679545161373
1679545161542,1679545161713
1679545161513,1679545161749
1679545161627,1679545161750
1679545161790,1679545162006
1679545161774,1679545162067
1679545161889,1679545162093
1679545161808,1679545162097
1679545161908,1679545162260
1679545162070,1679545162387
1679545162225,1679545162434
1679545162198,1679545162436
1679545162223,1679545162485
1679545162313,1679545162534
1679545162331,1679545162536
1679545162434,1679545162709
1679545162505,1679545162709
1679545162436,1679545162734
1679545162684,1679545162934
1679545162738,1679545162971
1679545162810,1679545162994
1679545162803,1679545163049
1679545162958,1679545163134
1679545162966,1679545163177
1679545163033,1679545163202
1679545163003,1679545163206
1679545163121,1679545163294
1679545163230,1679545163364
1679545163226,1679545163459
1679545163316,1679545163470
1679545163361,1679545163493
1679545163306,1679545163597
1679545163514,1679545163635
1679545163312,1679545163636
1679545163393,1679545163641
1679545163504,1679545163761
1679545163611,1679545163786
1679545163582,1679545163831
1679545163688,1679545163991
1679545163744,1679545163999
1679545163924,1679545164119
1679545163807,1679545164120
1679545163963,1679545164161
1679545164042,1679545164256
1679545164157,1679545164290
1679545164049,1679545164383
1679545164285,1679545164411
1679545164145,1679545164504
1679545164365,1679545164570
1679545164327,1679545164585
1679545164433,1679545164591
1679545164547,1679545164806
1679545164710,1679545164830
1679545164519,1679545164862
1679545164632,1679545164868
1679545164573,1679545164878
1679545164826,1679545164980
1679545164825,1679545165062
1679545164837,1679545165087
1679545164965,1679545165184
1679545164825,1679545165211
1679545165038,1679545165224
1679545165068,1679545165324
1679545165180,1679545165393
1679545165198,1679545165405
1679545165114,1679545165478
1679545165343,1679545165534
1679545165297,1679545165561
1679545165273,1679545165561
1679545165465,1679545165738
1679545165552,1679545165756
1679545165477,1679545165778
1679545165648,1679545165876
1679545165725,1679545165921
1679545165771,1679545165990
1679545165834,1679545166182
1679545165992,1679545166260
1679545165930,1679545166268
1679545166152,1679545166313
1679545166078,1679545166327
1679545166293,1679545166518
1679545166130,1679545166521
1679545166521,1679545166672
1679545166429,1679545166673
1679545166278,1679545166695
1679545166565,1679545166750
1679545166547,1679545166762
1679545166415,1679545166791
1679545166656,1679545166851
1679545166534,1679545166870
1679545166614,1679545166905
1679545166729,1679545166996
1679545166752,1679545167044
1679545166860,1679545167049
1679545166791,1679545167100
1679545166925,1679545167100
1679545166952,1679545167163
1679545166993,1679545167195
1679545167035,1679545167256
1679545167159,1679545167304
1679545167137,1679545167418
1679545167258,1679545167491
1679545167218,1679545167498
1679545167522,1679545167669
1679545167529,1679545167714
1679545167548,1679545167848
1679545167718,1679545167956
1679545167782,1679545168095
1679545167940,1679545168221
1679545167920,1679545168249
1679545168031,1679545168293
1679545168177,1679545168371
1679545167936,1679545168380
1679545168110,1679545168401
1679545168165,1679545168454
1679545168284,1679545168485
1679545168311,1679545168503
1679545168407,1679545168599
1679545168580,1679545168800
1679545168684,1679545168808
1679545168885,1679545169042
1679545168922,1679545169133
1679545168855,1679545169134
1679545168968,1679545169182
1679545169107,1679545169232
1679545168890,1679545169233
1679545169083,1679545169311
1679545169221,1679545169457
1679545169297,1679545169614
1679545169455,1679545169632
1679545169317,1679545169642
1679545169625,1679545169786
1679545169397,1679545169797
1679545169577,1679545169835
1679545169573,1679545169909
1679545169630,1679545169948
1679545169777,1679545170016
1679545169920,1679545170073
1679545169949,1679545170115
1679545169988,1679545170167
1679545169869,1679545170175
1679545170094,1679545170252
1679545169985,1679545170253
1679545170220,1679545170361
1679545170076,1679545170412
1679545170177,1679545170431
1679545170144,1679545170457
1679545170181,1679545170477
1679545170109,1679545170508
1679545170174,1679545170518
1679545170169,1679545170540
1679545170328,1679545170652
1679545170453,1679545170735
1679545170618,1679545170813
1679545170524,1679545170855
1679545170671,1679545170877
1679545170841,1679545171021
1679545170678,1679545171034
1679545170871,1679545171081
1679545170779,1679545171159
1679545171103,1679545171444
1679545171183,1679545171468
1679545170961,1679545171499
1679545171087,1679545171598
1679545171650,1679545171811
1679545171555,1679545171860
1679545171666,1679545171931
1679545171672,1679545171943
1679545171765,1679545171984
1679545171807,1679545172009
1679545171793,1679545172055
1679545171889,1679545172093
1679545171851,1679545172118
1679545172010,1679545172192
1679545172065,1679545172295
1679545171971,1679545172317
1679545172221,1679545172390
1679545172197,1679545172441
1679545172266,1679545172521
1679545172149,1679545172536
1679545172369,1679545172588
1679545172339,1679545172607
1679545172222,1679545172665
1679545172470,1679545172762
1679545172411,1679545172776
1679545172634,1679545172829
1679545172538,1679545172844
1679545172643,1679545172867
1679545172708,1679545172901
1679545172838,1679545173055
1679545172739,1679545173084
1679545172925,1679545173134
1679545172998,1679545173204
1679545173012,1679545173239
1679545172998,1679545173270
1679545173094,1679545173325
1679545173220,1679545173353
1679545173150,1679545173420
1679545173220,1679545173453
1679545173407,1679545173618
1679545173371,1679545173657
1679545173591,1679545173761
1679545173703,1679545173874
1679545173842,1679545173994
1679545173802,1679545174041
1679545173956,1679545174214
1679545173619,1679545174295
1679545174136,1679545174324
1679545174209,1679545174388
1679545174145,1679545174396
1679545174183,1679545174589
1679545174401,1679545174625
1679545174370,1679545174644
1679545174325,1679545174725
1679545174657,1679545174894
1679545174745,1679545174901
1679545174723,1679545174923
1679545174617,1679545174969
1679545174771,1679545175100
1679545174878,1679545175134
1679545175010,1679545175171
1679545175049,1679545175233
1679545174954,1679545175258
1679545175017,1679545175309
1679545175088,1679545175343
1679545175181,1679545175439
1679545175203,1679545175446
1679545175229,1679545175571
1679545175364,1679545175598
1679545175398,1679545175637
1679545175218,1679545175658
1679545175355,1679545175673
1679545175485,1679545175682
1679545175411,1679545175705
1679545175399,1679545175715
1679545175572,1679545175778
1679545175566,1679545175849
1679545175658,1679545175853
1679545175766,1679545176016
1679545175769,1679545176085
1679545175865,1679545176101
1679545175754,1679545176148
1679545176041,1679545176273
1679545176077,1679545176375
1679545176236,1679545176444
1679545176315,1679545176551
1679545176348,1679545176555
1679545176334,1679545176579
1679545176350,1679545176652
1679545176493,1679545176737
1679545176637,1679545176862
1679545176650,1679545176912
1679545176637,1679545176923
1679545176689,1679545176967
1679545176846,1679545177076
1679545176884,1679545177120
1679545176871,1679545177138
1679545177102,1679545177226
1679545176878,1679545177241
1679545177054,1679545177274
1679545177020,1679545177290
1679545177209,1679545177351
1679545177277,1679545177452
1679545177394,1679545177555
1679545177363,1679545177583
1679545177392,1679545177647
1679545177510,1679545177681
1679545177531,1679545177734
1679545177569,1679545177778
1679545177549,1679545177793
1679545177467,1679545177809
1679545177566,1679545177833
1679545177651,1679545177855
1679545177724,1679545177915
1679545177649,1679545177975
1679545177787,1679545178042
1679545177916,1679545178094
1679545177908,1679545178153
1679545178103,1679545178297
1679545178212,1679545178378
1679545178206,1679545178407
1679545178194,1679545178425
1679545178280,1679545178462
1679545178319,1679545178480
1679545178130,1679545178513
1679545178320,1679545178722
1679545178454,1679545178741
1679545178493,1679545178749
1679545178543,1679545178792
1679545178609,1679545178793
1679545178462,1679545178872
1679545178702,1679545178886
1679545178775,1679545178926
1679545178664,1679545178930
1679545178914,1679545179030
1679545178968,1679545179086
1679545178866,1679545179089
1679545178837,1679545179137
1679545179182,1679545179303
1679545179132,1679545179490
1679545179252,1679545179508
1679545179480,1679545179591
1679545179393,1679545179610
1679545179508,1679545179774
1679545179550,1679545179827
1679545179740,1679545179922
1679545179640,1679545179948
1679545179493,1679545179979
1679545179532,1679545179983
1679545179777,1679545180087
1679545179710,1679545180122
1679545179583,1679545180174
1679545180072,1679545180313
1679545180122,1679545180348
1679545180199,1679545180384
1679545180125,1679545180387
1679545180165,1679545180471
1679545180296,1679545180478
1679545180325,1679545180566
1679545180313,1679545180645
1679545180591,1679545180795
1679545180668,1679545180922
1679545180560,1679545180930
1679545180766,1679545181039
1679545181007,1679545181207
1679545181067,1679545181241
1679545181109,1679545181340
1679545181254,1679545181444
1679545181065,1679545181491
1679545181242,1679545181517
1679545181284,1679545181557
1679545181425,1679545181584
1679545181322,1679545181590
1679545181372,1679545181644
1679545181383,1679545181655
1679545181356,1679545181665
1679545181426,1679545181667
1679545181414,1679545181703
1679545181481,1679545181712
1679545181612,1679545181888
1679545181543,1679545181990
1679545181893,1679545182003
1679545181961,1679545182214
1679545182003,1679545182252
1679545181993,1679545182252
1679545182014,1679545182284
1679545182140,1679545182314
1679545182017,1679545182327
1679545182173,1679545182345
1679545182208,1679545182478
1679545182112,1679545182505
1679545182357,1679545182539
1679545182373,1679545182650
1679545182381,1679545182702
1679545182560,1679545182858
1679545182681,1679545182868
1679545182789,1679545182966
1679545182894,1679545183126
1679545182832,1679545183168
1679545183002,1679545183241
1679545182993,1679545183260
1679545182940,1679545183261
1679545183132,1679545183337
1679545183122,1679545183392
1679545183188,1679545183461
1679545183266,1679545183463
1679545183249,1679545183520
1679545183329,1679545183528
1679545183235,1679545183560
1679545183357,1679545183602
1679545183387,1679545183672
1679545183732,1679545183986
1679545183786,1679545183989
1679545183630,1679545183999
1679545183913,1679545184050
1679545183789,1679545184136
1679545184049,1679545184229
1679545184071,1679545184280
1679545184049,1679545184335
1679545184196,1679545184365
1679545184005,1679545184387
1679545184196,1679545184481
1679545184366,1679545184657
1679545184475,1679545184670
1679545184237,1679545184688
1679545184292,1679545184694
1679545184436,1679545184708
1679545184585,1679545184733
1679545184305,1679545184760
1679545184445,1679545184790
1679545184334,1679545184830
1679545184613,1679545184837
1679545184697,1679545184894
1679545184693,1679545184923
1679545184553,1679545184936
1679545184814,1679545185039
1679545184882,1679545185114
1679545185022,1679545185237
1679545185121,1679545185263
1679545185058,1679545185350
1679545185004,1679545185385
1679545185293,1679545185502
1679545185299,1679545185519
1679545185462,1679545185703
1679545185259,1679545185738
1679545185569,1679545185743
1679545185492,1679545185745
1679545185755,1679545185853
1679545185650,1679545185946
1679545185732,1679545186054
1679545185926,1679545186148
1679545186097,1679545186244
1679545185978,1679545186280
1679545186136,1679545186335
1679545186186,1679545186389
1679545186174,1679545186425
1679545186231,1679545186430
1679545186367,1679545186515
1679545186285,1679545186618
1679545186387,1679545186696
1679545186642,1679545186865
1679545186705,1679545186930
1679545186770,1679545186954
1679545186713,1679545187005
1679545186843,1679545187011
1679545186971,1679545187218
1679545186905,1679545187229
1679545186992,1679545187304
1679545187194,1679545187319
1679545187381,1679545187562
1679545187291,1679545187609
1679545187290,1679545187648
1679545187582,1679545187742
1679545187274,1679545187750
1679545187516,1679545187856
1679545187715,1679545187861
1679545187629,1679545187979
1679545187772,1679545188026
1679545187903,1679545188132
1679545187892,1679545188134
1679545187970,1679545188190
1679545187985,1679545188251
1679545188003,1679545188310
1679545188081,1679545188324
1679545187971,1679545188393
1679545188074,1679545188413
1679545188097,1679545188417
1679545188120,1679545188424
1679545188155,1679545188432
1679545187957,1679545188495
1679545188337,1679545188587
1679545188324,1679545188603
1679545188360,1679545188636
1679545188476,1679545188682
1679545188526,1679545188827
1679545188412,1679545188838
1679545188640,1679545188842
1679545188743,1679545188993
1679545188720,1679545189005
1679545188833,1679545189080
1679545188883,1679545189113
1679545188992,1679545189185
1679545189073,1679545189255
1679545189036,1679545189267
1679545189150,1679545189324
1679545189246,1679545189405
1679545189279,1679545189416
1679545189319,1679545189498
1679545189447,1679545189673
1679545189691,1679545189855
1679545189701,1679545189856
1679545189737,1679545189947
1679545189616,1679545189969
1679545189810,1679545189983
1679545189844,1679545189988
1679545189668,1679545189990
1679545189680,1679545190012
1679545189856,1679545190144
1679545189933,1679545190174
1679545189957,1679545190294
1679545190354,1679545190500
1679545190395,1679545190578
1679545190292,1679545190588
1679545190383,1679545190623
1679545190435,1679545190695
1679545190597,1679545190815
1679545190603,1679545190831
1679545190703,1679545190878
1679545190605,1679545190905
1679545190723,1679545190948
1679545190721,1679545190953
1679545190825,1679545190966
1679545190786,1679545191017
1679545190916,1679545191293
1679545191090,1679545191324
1679545191051,1679545191331
1679545191025,1679545191337
1679545191114,1679545191372
1679545191113,1679545191394
1679545191189,1679545191491
1679545191161,1679545191562
1679545191269,1679545191575
1679545191298,1679545191584
1679545191333,1679545191623
1679545191161,1679545191646
1679545191557,1679545191726
1679545191559,1679545191769
1679545191566,1679545191838
1679545191602,1679545191852
1679545191594,1679545191855
1679545191632,1679545191857
1679545191761,1679545191966
1679545192033,1679545192220
1679545192018,1679545192221
1679545191849,1679545192234
1679545192051,1679545192274
1679545192199,1679545192360
1679545192304,1679545192455
1679545192299,1679545192481
1679545192286,1679545192491
1679545192332,1679545192591
1679545192464,1679545192602
1679545192413,1679545192626
1679545192473,1679545192738
1679545192535,1679545192765
1679545192601,1679545192834
1679545192733,1679545192956
1679545192769,1679545193003
1679545192874,1679545193057
1679545193009,1679545193143
1679545193014,1679545193290
1679545193137,1679545193327
1679545193093,1679545193333
1679545193096,1679545193396
1679545193109,1679545193417
1679545193128,1679545193424
1679545193208,1679545193444
1679545193281,1679545193448
1679545193209,1679545193482
1679545193209,1679545193533
1679545193062,1679545193541
1679545193361,1679545193562
1679545193478,1679545193703
1679545193563,1679545193710
1679545193493,1679545193738
1679545193539,1679545193872
1679545193598,1679545194027
1679545193714,1679545194028
1679545193805,1679545194041
1679545193942,1679545194169
1679545193928,1679545194197
1679545194064,1679545194201
1679545193808,1679545194256
1679545194017,1679545194295
1679545194061,1679545194354
1679545193948,1679545194449
1679545194265,1679545194461
1679545194291,1679545194599
1679545194563,1679545194724
1679545194613,1679545194760
1679545194670,1679545194830
1679545194765,1679545194961
1679545194782,1679545194988
1679545194864,1679545195017
1679545194829,1679545195062
1679545194905,1679545195069
1679545194982,1679545195180
1679545194889,1679545195182
1679545194744,1679545195194
1679545195000,1679545195259
1679545194994,1679545195263
1679545195091,1679545195328
1679545195124,1679545195354
1679545195185,1679545195392
1679545195121,1679545195406
1679545195294,1679545195593
1679545195175,1679545195596
1679545195519,1679545195732
1679545195605,1679545195788
1679545195585,1679545195799
1679545195635,1679545195840
1679545195589,1679545195867
1679545195752,1679545195943
1679545195785,1679545196027
1679545195707,1679545196088
1679545195794,1679545196247
1679545196066,1679545196253
1679545196112,1679545196353
1679545196327,1679545196535
1679545196420,1679545196660
1679545196493,1679545196815
1679545196636,1679545196832
1679545196713,1679545196886
1679545196600,1679545196949
1679545196750,1679545196985
1679545196773,1679545197005
1679545196913,1679545197019
1679545196717,1679545197026
1679545196631,1679545197067
1679545196845,1679545197069
1679545196801,1679545197088
1679545196768,1679545197188
1679545197048,1679545197198
1679545197009,1679545197274
1679545197117,1679545197311
1679545197093,1679545197338
1679545197068,1679545197454
1679545197277,1679545197471
1679545197397,1679545197583
1679545197485,1679545197661
1679545197500,1679545197664
1679545197415,1679545197731
1679545197518,1679545197732
1679545197509,1679545197774
1679545197553,1679545197846
1679545197658,1679545197852
1679545197676,1679545197859
1679545197529,1679545197885
1679545197629,1679545197905
1679545197707,1679545197945
1679545197957,1679545198128
1679545198148,1679545198337
1679545198219,1679545198584
1679545198559,1679545198751
1679545198476,1679545198797
1679545198587,1679545198838
1679545198649,1679545198871
1679545198644,1679545198908
1679545198695,1679545198977
1679545198777,1679545198978
1679545198908,1679545199125
1679545198822,1679545199270
1679545198909,1679545199272
1679545199113,1679545199338
1679545199105,1679545199355
1679545199377,1679545199554
1679545199438,1679545199563
1679545199377,1679545199623
1679545199465,1679545199652
1679545199369,1679545199741
1679545199520,1679545199748
1679545199601,1679545199776
1679545199665,1679545199880
1679545199743,1679545199948
1679545199938,1679545200098
1679545199930,1679545200119
1679545199787,1679545200144
1679545200048,1679545200169
1679545200013,1679545200277
1679545199900,1679545200290
1679545199974,1679545200345
1679545200177,1679545200385
1679545200183,1679545200436
1679545200297,1679545200447
1679545200179,1679545200501
1679545200381,1679545200548
1679545200456,1679545200665
1679545200518,1679545200835
1679545200496,1679545200857
1679545200543,1679545200864
1679545200633,1679545200886
1679545200617,1679545200947
1679545200839,1679545201044
1679545200876,1679545201108
1679545200823,1679545201135
1679545200817,1679545201155
1679545200958,1679545201203
1679545201082,1679545201209
1679545200969,1679545201261
1679545201150,1679545201308
1679545201058,1679545201322
1679545201127,1679545201332
1679545201137,1679545201599
1679545201346,1679545201600
1679545201542,1679545201697
1679545201501,1679545201747
1679545201577,1679545201766
1679545201569,1679545201766
1679545201526,1679545201831
1679545201649,1679545201882
1679545201637,1679545201904
1679545201558,1679545201916
1679545201746,1679545202028
1679545201829,1679545202055
1679545202297,1679545202493
1679545202214,1679545202502
1679545202280,1679545202580
1679545202432,1679545202633
1679545202372,1679545202652
1679545202435,1679545202673
1679545202464,1679545202692
1679545202441,1679545202711
1679545202511,1679545202717
1679545202477,1679545202740
1679545202453,1679545202763
1679545202553,1679545202798
1679545202681,1679545202803
1679545202687,1679545202946
1679545202852,1679545203005
1679545202951,1679545203052
1679545202855,1679545203077
1679545202941,1679545203205
1679545203056,1679545203253
1679545202926,1679545203262
1679545203048,1679545203275
1679545203213,1679545203417
1679545203203,1679545203445
1679545203367,1679545203561
1679545203397,1679545203569
1679545203499,1679545203684
1679545203584,1679545203706
1679545203474,1679545203716
1679545203610,1679545203786
1679545203704,1679545203927
1679545203818,1679545204036
1679545203956,1679545204081
1679545203935,1679545204100
1679545203779,1679545204146
1679545203852,1679545204161
1679545204093,1679545204244
1679545203848,1679545204317
1679545204069,1679545204367
1679545204198,1679545204388
1679545204061,1679545204417
1679545204166,1679545204428
1679545204043,1679545204441
1679545204226,1679545204529
1679545204371,1679545204651
1679545204419,1679545204653
1679545204544,1679545204708
1679545204525,1679545204741
1679545204237,1679545204786
1679545204578,1679545204823
1679545204619,1679545204877
1679545204787,1679545205006
1679545204758,1679545205081
1679545205085,1679545205224
1679545204845,1679545205268
1679545205133,1679545205328
1679545205187,1679545205353
1679545204758,1679545205365
1679545205077,1679545205367
1679545205280,1679545205474
1679545205322,1679545205491
1679545205375,1679545205532
1679545205408,1679545205623
1679545205306,1679545205787
1679545205424,1679545205839
1679545205626,1679545205880
1679545205693,1679545205899
1679545205791,1679545205915
1679545205730,1679545206078
1679545205941,1679545206126
1679545205932,1679545206173
1679545205852,1679545206204
1679545206076,1679545206244
1679545206203,1679545206327
1679545206071,1679545206392
1679545206355,1679545206449
1679545206173,1679545206494
1679545206285,1679545206538
1679545206361,1679545206583
1679545206382,1679545206616
1679545206240,1679545206639
1679545206377,1679545206655
1679545206551,1679545206762
1679545206549,1679545206815
1679545206648,1679545206825
1679545206492,1679545206949
1679545206799,1679545206998
1679545206813,1679545207086
1679545206913,1679545207090
1679545207193,1679545207355
1679545207223,1679545207397
1679545207239,1679545207496
1679545207446,1679545207651
1679545207513,1679545207729
1679545207577,1679545207783
1679545207617,1679545207800
1679545207524,1679545207817
1679545207566,1679545207839
1679545207675,1679545207846
1679545207553,1679545207874
1679545207823,1679545207979
1679545207962,1679545208130
1679545207977,1679545208151
1679545207960,1679545208225
1679545208081,1679545208226
1679545208021,1679545208228
1679545208113,1679545208332
1679545208160,1679545208355
1679545208187,1679545208365
1679545208183,1679545208438
1679545208041,1679545208558
1679545208425,1679545208566
1679545208122,1679545208707
1679545208528,1679545208841
1679545208689,1679545208850
1679545208801,1679545208899
1679545208676,1679545208953
1679545208710,1679545208957
1679545208733,1679545209024
1679545208849,1679545209028
1679545208793,1679545209030
1679545208818,1679545209100
1679545208803,1679545209146
1679545209132,1679545209272
1679545209020,1679545209304
1679545208819,1679545209306
1679545209102,1679545209388
1679545209322,1679545209478
1679545209282,1679545209546
1679545209413,1679545209589
1679545209548,1679545209727
1679545209432,1679545209729
1679545209560,1679545209742
1679545209597,1679545209810
1679545209643,1679545209885
1679545209626,1679545209911
1679545209727,1679545210001
1679545209598,1679545210058
1679545210003,1679545210190
1679545210081,1679545210215
1679545209861,1679545210226
1679545210073,1679545210260
1679545210209,1679545210436
1679545210139,1679545210459
1679545210184,1679545210516
1679545210417,1679545210631
1679545210308,1679545210638
1679545210453,1679545210697
1679545210355,1679545210745
1679545210384,1679545210750
1679545210378,1679545210824
1679545210687,1679545210883
1679545210793,1679545210911
1679545210743,1679545210956
1679545210992,1679545211177
1679545210923,1679545211248
1679545210991,1679545211269
1679545211077,1679545211278
1679545211203,1679545211370
1679545211079,1679545211439
1679545211240,1679545211482
1679545211387,1679545211565
1679545211390,1679545211600
1679545211358,1679545211615
1679545211420,1679545211665
1679545211436,1679545211711
1679545211520,1679545211737
1679545211595,1679545211777
1679545211537,1679545211822
1679545211503,1679545211947
1679545211633,1679545211984
1679545211862,1679545211998
1679545211636,1679545212021
1679545211776,1679545212028
1679545211898,1679545212101
1679545211925,1679545212122
1679545212020,1679545212222
1679545211936,1679545212280
1679545212085,1679545212340
1679545212131,1679545212342
1679545212020,1679545212350
1679545212057,1679545212380
1679545212107,1679545212397
1679545211967,1679545212407
1679545212127,1679545212462
1679545212375,1679545212561
1679545212356,1679545212564
1679545212428,1679545212579
1679545212511,1679545212671
1679545212552,1679545212678
1679545212794,1679545213053
1679545212917,1679545213086
1679545212827,1679545213156
1679545213040,1679545213169
1679545212930,1679545213191
1679545212969,1679545213246
1679545213045,1679545213303
1679545213014,1679545213320
1679545213233,1679545213474
1679545213253,1679545213486
1679545213300,1679545213499
1679545213378,1679545213574
1679545213397,1679545213723
1679545213328,1679545213725
1679545213512,1679545213740
1679545213548,1679545213774
1679545213592,1679545213933
1679545213738,1679545213946
1679545213776,1679545213968
1679545213624,1679545213999
1679545213797,1679545214073
1679545214016,1679545214126
1679545213826,1679545214166
1679545213926,1679545214193
1679545213873,1679545214225
1679545214111,1679545214336
1679545214257,1679545214389
1679545214203,1679545214428
1679545214118,1679545214459
1679545214487,1679545214648
1679545214454,1679545214666
1679545214473,1679545214735
1679545214570,1679545214747
1679545214510,1679545214800
1679545214592,1679545214832
1679545214623,1679545214912
1679545214977,1679545215199
1679545215056,1679545215248
1679545215062,1679545215284
1679545215133,1679545215331
1679545215063,1679545215341
1679545215227,1679545215385
1679545215233,1679545215421
1679545215180,1679545215453
1679545215204,1679545215467
1679545215326,1679545215499
1679545215267,1679545215620
1679545215382,1679545215650
1679545215606,1679545215753
1679545215581,1679545215763
1679545215488,1679545215888
1679545215677,1679545215934
1679545215632,1679545215960
1679545215551,1679545215962
1679545215633,1679545216031
1679545215850,1679545216068
1679545215839,1679545216076
1679545215839,1679545216195
1679545215817,1679545216216
1679545215932,1679545216276
1679545216107,1679545216315
1679545215839,1679545216322
1679545215995,1679545216340
1679545216136,1679545216342
1679545216101,1679545216459
1679545215843,1679545216472
1679545216283,1679545216579
1679545216466,1679545216679
1679545216421,1679545216768
1679545216357,1679545216816
1679545216740,1679545216882
1679545216740,1679545216889
1679545216486,1679545216904
1679545216638,1679545216912
1679545216777,1679545217165
1679545216997,1679545217169
1679545217222,1679545217370
1679545217149,1679545217480
1679545217232,1679545217501
1679545217305,1679545217531
1679545217438,1679545217615
1679545217491,1679545217775
1679545217667,1679545217881
1679545217638,1679545217934
1679545217521,1679545217939
1679545217625,1679545217960
1679545217701,1679545217981
1679545217944,1679545218079
1679545217805,1679545218159
1679545217870,1679545218168
1679545217940,1679545218174
1679545218082,1679545218227
1679545217914,1679545218240
1679545217813,1679545218333
1679545218181,1679545218349
1679545218215,1679545218415
1679545218272,1679545218512
1679545218236,1679545218571
1679545218240,1679545218593
1679545218325,1679545218595
1679545218449,1679545218730
1679545218319,1679545218733
1679545218535,1679545218736
1679545218548,1679545218968
1679545218702,1679545218973
1679545218556,1679545218979
1679545218757,1679545218996
1679545218793,1679545219034
1679545218917,1679545219085
1679545219065,1679545219276
1679545219116,1679545219305
1679545219243,1679545219406
1679545219304,1679545219439
1679545219293,1679545219500
1679545219176,1679545219501
1679545219344,1679545219576
1679545219572,1679545219739
1679545219583,1679545219742
1679545219865,1679545219991
1679545219866,1679545220047
1679545219832,1679545220090
1679545220001,1679545220154
1679545220026,1679545220243
1679545220069,1679545220282
1679545220094,1679545220318
1679545220235,1679545220515
1679545220330,1679545220613
1679545220491,1679545220699
1679545220562,1679545220795
1679545220600,1679545220808
1679545220660,1679545220879
1679545220671,1679545220901
1679545220639,1679545220924
1679545220770,1679545220966
1679545220717,1679545221004
1679545220789,1679545221034
1679545220680,1679545221039
1679545220773,1679545221085
1679545220935,1679545221102
1679545220881,1679545221172
1679545220958,1679545221207
1679545220965,1679545221231
1679545221041,1679545221249
1679545221060,1679545221305
1679545221061,1679545221310
1679545221264,1679545221537
1679545221333,1679545221566
1679545221424,1679545221606
1679545221475,1679545221626
1679545221218,1679545221628
1679545221475,1679545221691
1679545221500,1679545221693
1679545221475,1679545221847
1679545221527,1679545221856
1679545221609,1679545221999
1679545221603,1679545222025
1679545221904,1679545222148
1679545221924,1679545222192
1679545221952,1679545222200
1679545222035,1679545222364
1679545222315,1679545222483
1679545222395,1679545222558
1679545222405,1679545222577
1679545222485,1679545222724
1679545222473,1679545222772
1679545222641,1679545222861
1679545222723,1679545222913
1679545222894,1679545223033
1679545222604,1679545223039
1679545222907,1679545223052
1679545222729,1679545223167
1679545223110,1679545223295
1679545223149,1679545223306
1679545222947,1679545223368
1679545223054,1679545223435
1679545223434,1679545223623
1679545223465,1679545223664
1679545223758,1679545223968
1679545223642,1679545223987
1679545223893,1679545224058
1679545223991,1679545224123
1679545223851,1679545224130
1679545223926,1679545224214
1679545224053,1679545224215
1679545224073,1679545224256
1679545224047,1679545224336
1679545224119,1679545224388
1679545224276,1679545224419
1679545224370,1679545224514
1679545224126,1679545224575
1679545224383,1679545224598
1679545224472,1679545224655
1679545224512,1679545224758
1679545224667,1679545224830
1679545224615,1679545224888
1679545224687,1679545224910
1679545224589,1679545224947
1679545224685,1679545224999
1679545224822,1679545225101
1679545224953,1679545225107
1679545224673,1679545225123
1679545224739,1679545225134
1679545224964,1679545225165
1679545224821,1679545225172
1679545224813,1679545225189
1679545224684,1679545225191
1679545224891,1679545225202
1679545225041,1679545225347
1679545225110,1679545225373
1679545225031,1679545225410
1679545225220,1679545225479
1679545225342,1679545225540
1679545225409,1679545225611
1679545225294,1679545225692
1679545225419,1679545225693
1679545225445,1679545225732
1679545225534,1679545225738
1679545225449,1679545225819
1679545225538,1679545225850
1679545225785,1679545226092
1679545226042,1679545226247
1679545226243,1679545226377
1679545226168,1679545226426
1679545226365,1679545226474
1679545226174,1679545226526
1679545226272,1679545226602
1679545226415,1679545226668
1679545226412,1679545226723
1679545226610,1679545226892
1679545226738,1679545226896
1679545226826,1679545226998
1679545226819,1679545227040
1679545226820,1679545227064
1679545226733,1679545227130
1679545226943,1679545227156
1679545226769,1679545227174
1679545227157,1679545227338
1679545227155,1679545227392
1679545227272,1679545227406
1679545227221,1679545227499
1679545227168,1679545227511
1679545227432,1679545227610
1679545227475,1679545227740
1679545227635,1679545227837
1679545227721,1679545227899
1679545227384,1679545227904
1679545227705,1679545227905
1679545227752,1679545227939
1679545227700,1679545227979
1679545227722,1679545228004
1679545227855,1679545228057
1679545227851,1679545228072
1679545227865,1679545228126
1679545227925,1679545228129
1679545227885,1679545228165
1679545227992,1679545228176
1679545228161,1679545228361
1679545228068,1679545228480
1679545228171,1679545228490
1679545228209,1679545228496
1679545228412,1679545228556
1679545228496,1679545228617
1679545228442,1679545228620
1679545228480,1679545228703
1679545228471,1679545228761
1679545228472,1679545228781
1679545228572,1679545228827
1679545228749,1679545228912
1679545228633,1679545228946
1679545228598,1679545228955
1679545228590,1679545228972
1679545228637,1679545228980
1679545228506,1679545229050
1679545228729,1679545229067
1679545228842,1679545229086
1679545228852,1679545229092
1679545228990,1679545229280
1679545229097,1679545229310
1679545229144,1679545229327
1679545228983,1679545229335
1679545229260,1679545229426
1679545229251,1679545229525
1679545229353,1679545229577
1679545229320,1679545229608
1679545229227,1679545229669
1679545229522,1679545229687
1679545229628,1679545229840
1679545229778,1679545229997
1679545229870,1679545230013
1679545229936,1679545230123
1679545229902,1679545230133
1679545230008,1679545230206
1679545230057,1679545230270
1679545229992,1679545230285
1679545230213,1679545230329
1679545230222,1679545230442
1679545230266,1679545230491
1679545230213,1679545230523
1679545230336,1679545230534
1679545230274,1679545230648
1679545230439,1679545230703
1679545230700,1679545230940
1679545230854,1679545230997
1679545230818,1679545231016
1679545230925,1679545231081
1679545230993,1679545231196
1679545230866,1679545231223
1679545230968,1679545231234
1679545230961,1679545231256
1679545230936,1679545231275
1679545231064,1679545231321
1679545231196,1679545231388
1679545231235,1679545231423
1679545231074,1679545231426
1679545231177,1679545231504
1679545231166,1679545231513
1679545231249,1679545231569
1679545231382,1679545231619
1679545231396,1679545231637
1679545231433,1679545231647
1679545231489,1679545231735
1679545231435,1679545231802
1679545231569,1679545231844
1679545231674,1679545231928
1679545231600,1679545231943
1679545231699,1679545231946
1679545231783,1679545232048
1679545231801,1679545232067
1679545231929,1679545232140
1679545231866,1679545232200
1679545232000,1679545232241
1679545232161,1679545232317
1679545232094,1679545232335
1679545232238,1679545232383
1679545232242,1679545232485
1679545232345,1679545232603
1679545232435,1679545232617
1679545232323,1679545232633
1679545232485,1679545232645
1679545232370,1679545232701
1679545232443,1679545232728
1679545232409,1679545232794
1679545232544,1679545232831
1679545232674,1679545232844
1679545232700,1679545232861
1679545232748,1679545232936
1679545232776,1679545232972
1679545232731,1679545232990
1679545232752,1679545233005
1679545232933,1679545233065
1679545232625,1679545233088
1679545232952,1679545233206
1679545232950,1679545233244
1679545233052,1679545233260
1679545233146,1679545233428
1679545232845,1679545233436
1679545233307,1679545233551
1679545233327,1679545233589
1679545233363,1679545233599
1679545233536,1679545233701
1679545233253,1679545233770
1679545233694,1679545233903
1679545233595,1679545233904
1679545233781,1679545233999
1679545233888,1679545234060
1679545233805,1679545234072
1679545233912,1679545234129
1679545234020,1679545234220
1679545234005,1679545234224
1679545234117,1679545234232
1679545234104,1679545234385
1679545234490,1679545234647
1679545234458,1679545234763
1679545234714,1679545234930
1679545234821,1679545234933
1679545234825,1679545234986
1679545234855,1679545235008
1679545234822,1679545235075
1679545234869,1679545235087
1679545234917,1679545235090
1679545234928,1679545235153
1679545235146,1679545235252
1679545235170,1679545235401
1679545234973,1679545235408
1679545235146,1679545235426
1679545235229,1679545235437
1679545235303,1679545235475
1679545235506,1679545235709
1679545235621,1679545235768
1679545235663,1679545235833
1679545235536,1679545235855
1679545235723,1679545235920
1679545235769,1679545235980
1679545235821,1679545236033
1679545235813,1679545236054
1679545235960,1679545236141
1679545235929,1679545236203
1679545236080,1679545236224
1679545236057,1679545236335
1679545236223,1679545236342
1679545236017,1679545236439
1679545236093,1679545236456
1679545236173,1679545236458
1679545236169,1679545236461
1679545236274,1679545236470
1679545236266,1679545236520
1679545236365,1679545236537
1679545236214,1679545236593
1679545236548,1679545236760
1679545236532,1679545236865
1679545236718,1679545237052
1679545236674,1679545237067
1679545236831,1679545237105
1679545236952,1679545237170
1679545236860,1679545237194
1679545236921,1679545237238
1679545237122,1679545237273
1679545237068,1679545237298
1679545237221,1679545237432
1679545237145,1679545237441
1679545237201,1679545237483
1679545237332,1679545237562
1679545237469,1679545237685
1679545237447,1679545237714
1679545237453,1679545237736
1679545237330,1679545237737
1679545237642,1679545237768
1679545237624,1679545237787
1679545237376,1679545237859
1679545237469,1679545237864
1679545237450,1679545237870
1679545237610,1679545237939
1679545237688,1679545238046
1679545237846,1679545238121
1679545237801,1679545238132
1679545237820,1679545238139
1679545237765,1679545238173
1679545237854,1679545238198
1679545238022,1679545238205
1679545237723,1679545238238
1679545237809,1679545238275
1679545238111,1679545238284
1679545238266,1679545238400
1679545238194,1679545238451
1679545238149,1679545238498
1679545238326,1679545238566
1679545238318,1679545238570
1679545238297,1679545238597
1679545238413,1679545238601
1679545238325,1679545238609
1679545238259,1679545238649
1679545238590,1679545238762
1679545238485,1679545238773
1679545238508,1679545238779
1679545238721,1679545238970
1679545238801,1679545239037
1679545238896,1679545239197
1679545238906,1679545239204
1679545238945,1679545239239
1679545239087,1679545239265
1679545239003,1679545239274
1679545239251,1679545239446
1679545239203,1679545239558
1679545239376,1679545239605
1679545239304,1679545239616
1679545239361,1679545239662
1679545239491,1679545239695
1679545239642,1679545239926
1679545239793,1679545239946
1679545239783,1679545240022
1679545239932,1679545240242
1679545239944,1679545240245
1679545240014,1679545240311
1679545240168,1679545240363
1679545240226,1679545240483
1679545240364,1679545240572
1679545240352,1679545240602
1679545240429,1679545240659
1679545240509,1679545240662
1679545240391,1679545240662
1679545240566,1679545240662
1679545240329,1679545240700
1679545240491,1679545240773
1679545240548,1679545240795
1679545240611,1679545240826
1679545240519,1679545240893
1679545240667,1679545240968
1679545240684,1679545241002
1679545240811,1679545241022
1679545240575,1679545241060
1679545240618,1679545241099
1679545240600,1679545241117
1679545240914,1679545241168
1679545240983,1679545241335
1679545240964,1679545241342
1679545241256,1679545241450
1679545241351,1679545241557
1679545241323,1679545241560
1679545241399,1679545241572
1679545241327,1679545241684
1679545241505,1679545241753
1679545241507,1679545241805
1679545241660,1679545241810
1679545241622,1679545241863
1679545241669,1679545241995
1679545241729,1679545241998
1679545241832,1679545242028
1679545241775,1679545242065
1679545241863,1679545242137
1679545241963,1679545242138
1679545241920,1679545242152
1679545241970,1679545242169
1679545242009,1679545242215
1679545241983,1679545242289
1679545242047,1679545242314
1679545242129,1679545242383
1679545242064,1679545242420
1679545242171,1679545242448
1679545242253,1679545242471
1679545242199,1679545242494
1679545242242,1679545242514
1679545242402,1679545242572
1679545242393,1679545242671
1679545242337,1679545242698
1679545242532,1679545242725
1679545242620,1679545242886
1679545242641,1679545242922
1679545242846,1679545243018
1679545242785,1679545243041
1679545242951,1679545243111
1679545242857,1679545243143
1679545242918,1679545243174
1679545242980,1679545243198
1679545242976,1679545243249
1679545243083,1679545243269
1679545242966,1679545243297
1679545243029,1679545243343
1679545243133,1679545243514
1679545243347,1679545243623
1679545243502,1679545243655
1679545243273,1679545243700
1679545243547,1679545243747
1679545243572,1679545243771
1679545243623,1679545243786
1679545243677,1679545243799
1679545243628,1679545243874
1679545243554,1679545244001
1679545243823,1679545244057
1679545243911,1679545244057
1679545243985,1679545244198
1679545244004,1679545244216
1679545244149,1679545244274
1679545244111,1679545244289
1679545244148,1679545244361
1679545244222,1679545244382
1679545244224,1679545244430
1679545244409,1679545244661
1679545244570,1679545244692
1679545244507,1679545244694
1679545244513,1679545244704
1679545244529,1679545244763
1679545244665,1679545244823
1679545244498,1679545244828
1679545244629,1679545244891
1679545244706,1679545244921
1679545244554,1679545244978
1679545244807,1679545245001
1679545244735,1679545245014
1679545244886,1679545245056
1679545244669,1679545245133
1679545245033,1679545245158
1679545244942,1679545245178
1679545244989,1679545245190
1679545244993,1679545245197
1679545244923,1679545245198
1679545244975,1679545245237
1679545245165,1679545245423
1679545245069,1679545245423
1679545245343,1679545245507
1679545245167,1679545245530
1679545245417,1679545245585
1679545245399,1679545245680
1679545245499,1679545245715
1679545245470,1679545245755
1679545245587,1679545245785
1679545245614,1679545245913
1679545245737,1679545245974
1679545245838,1679545245987
1679545245738,1679545246057
1679545245825,1679545246068
1679545245790,1679545246101
1679545245841,1679545246102
1679545245993,1679545246156
1679545245900,1679545246185
1679545246114,1679545246203
1679545245941,1679545246243
1679545246111,1679545246275
1679545246109,1679545246279
1679545246093,1679545246322
1679545246160,1679545246372
1679545246193,1679545246529
1679545246325,1679545246540
1679545246398,1679545246588
1679545246312,1679545246651
1679545246379,1679545246663
1679545246401,1679545246664
1679545246356,1679545246725
1679545246319,1679545246735
1679545246514,1679545246737
1679545246605,1679545246775
1679545246601,1679545246849
1679545246644,1679545246883
1679545246827,1679545246998
1679545246773,1679545247076
1679545246838,1679545247127
1679545246961,1679545247232
1679545246937,1679545247246
1679545247162,1679545247330
1679545247153,1679545247439
1679545247246,1679545247448
1679545247484,1679545247662
1679545247620,1679545247820
1679545247593,1679545247821
1679545247585,1679545247832
1679545247321,1679545247859
1679545247701,1679545247897
1679545247749,1679545247957
1679545247567,1679545247993
1679545247695,1679545248020
1679545247849,1679545248031
1679545247798,1679545248138
1679545247961,1679545248143
1679545247929,1679545248179
1679545248081,1679545248209
1679545248035,1679545248280
1679545248117,1679545248402
1679545248023,1679545248445
1679545248323,1679545248469
1679545248351,1679545248571
1679545248361,1679545248634
1679545248386,1679545248646
1679545248538,1679545248706
1679545248515,1679545248756
1679545248626,1679545248862
1679545248719,1679545248898
1679545248719,1679545248918
1679545248746,1679545248946
1679545248728,1679545248976
1679545248797,1679545248991
1679545248810,1679545249074
1679545249028,1679545249123
1679545248801,1679545249136
1679545248957,1679545249163
1679545248963,1679545249170
1679545248979,1679545249202
1679545248950,1679545249241
1679545249241,1679545249401
1679545249171,1679545249439
1679545249308,1679545249488
1679545249269,1679545249534
1679545249362,1679545249549
1679545249399,1679545249590
1679545249286,1679545249637
1679545249527,1679545249762
1679545249512,1679545249879
1679545249722,1679545249891
1679545249664,1679545250033
1679545249854,1679545250077
1679545249967,1679545250137
1679545250006,1679545250210
1679545250150,1679545250377
1679545250164,1679545250401
1679545250174,1679545250491
1679545250280,1679545250512
1679545250410,1679545250583
1679545250341,1679545250658
1679545250371,1679545250664
1679545250498,1679545250696
1679545250515,1679545250696
1679545250498,1679545250710
1679545250584,1679545250754
1679545250584,1679545250787
1679545250435,1679545250828
1679545250792,1679545250925
1679545250765,1679545251028
1679545250877,1679545251036
1679545250774,1679545251042
1679545250787,1679545251042
1679545250866,1679545251072
1679545250610,1679545251091
1679545250645,1679545251107
1679545250901,1679545251131
1679545250747,1679545251143
1679545250837,1679545251174
1679545251033,1679545251233
1679545250959,1679545251238
1679545251037,1679545251282
1679545251017,1679545251324
1679545251193,1679545251390
1679545251237,1679545251424
1679545251161,1679545251520
1679545251143,1679545251603
1679545251408,1679545251613
1679545251356,1679545251702
1679545251385,1679545251702
1679545251488,1679545251832
1679545251575,1679545251838
1679545251524,1679545251866
1679545251628,1679545251958
1679545251730,1679545252012
1679545251929,1679545252034
1679545251922,1679545252068
1679545251731,1679545252068
1679545251810,1679545252139
1679545252102,1679545252229
1679545252009,1679545252290
1679545252161,1679545252363
1679545252175,1679545252372
1679545252199,1679545252374
1679545251997,1679545252392
1679545252175,1679545252406
1679545252422,1679545252574
1679545252353,1679545252588
1679545252530,1679545252699
1679545252308,1679545252739
1679545252533,1679545252743
1679545252686,1679545252904
1679545252605,1679545252907
1679545252237,1679545252934
1679545252764,1679545252951
1679545252833,1679545253009
1679545252831,1679545253031
1679545252857,1679545253093
1679545252898,1679545253134
1679545252929,1679545253176
1679545252822,1679545253199
1679545252997,1679545253201
1679545252949,1679545253204
1679545253125,1679545253284
1679545253045,1679545253297
1679545252957,1679545253439
1679545253300,1679545253644
1679545253409,1679545253697
1679545253393,1679545253716
1679545253545,1679545253760
1679545253427,1679545253767
1679545253606,1679545253935
1679545253921,1679545254109
1679545253973,1679545254181
1679545254070,1679545254306
1679545253835,1679545254349
1679545254206,1679545254372
1679545254221,1679545254418
1679545254263,1679545254449
1679545254413,1679545254515
1679545254380,1679545254568
1679545254542,1679545254686
1679545254467,1679545254776
1679545254436,1679545254860
1679545254708,1679545254889
1679545254650,1679545254974
1679545254801,1679545255014
1679545254646,1679545255045
1679545254893,1679545255067
1679545254912,1679545255112
1679545254792,1679545255119
1679545254627,1679545255135
1679545254986,1679545255200
1679545254909,1679545255201
1679545254769,1679545255226
1679545254889,1679545255231
1679545255043,1679545255256
1679545254843,1679545255287
1679545254790,1679545255312
1679545254969,1679545255363
1679545255129,1679545255409
1679545255058,1679545255496
1679545255296,1679545255500
1679545255328,1679545255528
1679545255304,1679545255556
1679545255536,1679545255681
1679545255454,1679545255708
1679545255608,1679545255782
1679545255557,1679545255788
1679545255724,1679545255884
1679545255600,1679545255887
1679545255652,1679545255900
1679545255637,1679545255905
1679545255725,1679545255947
1679545255590,1679545255974
1679545255693,1679545256013
1679545255819,1679545256058
1679545255988,1679545256155
1679545255811,1679545256157
1679545255970,1679545256188
1679545255834,1679545256194
1679545255834,1679545256206
1679545256080,1679545256329
1679545256114,1679545256337
1679545256397,1679545256609
1679545256403,1679545256618
1679545256463,1679545256662
1679545256337,1679545256698
1679545256578,1679545256778
1679545256688,1679545256802
1679545256741,1679545256896
1679545256653,1679545257077
1679545256834,1679545257078
1679545256919,1679545257097
1679545256859,1679545257132
1679545256911,1679545257181
1679545256932,1679545257225
1679545257055,1679545257237
1679545257007,1679545257294
1679545257113,1679545257364
1679545257165,1679545257394
1679545257358,1679545257572
1679545257392,1679545257625
1679545257404,1679545257631
1679545257374,1679545257751
1679545257461,1679545257776
1679545257583,1679545257811
1679545257784,1679545257976
1679545257684,1679545257984
1679545257809,1679545257984
1679545257707,1679545258000
1679545257934,1679545258114
1679545257781,1679545258137
1679545257933,1679545258179
1679545258070,1679545258298
1679545258128,1679545258304
1679545258086,1679545258332
1679545257766,1679545258358
1679545258099,1679545258364
1679545258231,1679545258394
1679545258241,1679545258407
1679545258107,1679545258483
1679545258191,1679545258494
1679545258182,1679545258499
1679545258205,1679545258619
1679545258535,1679545258842
1679545258544,1679545258842
1679545258657,1679545258933
1679545258820,1679545258977
1679545258825,1679545259035
1679545258842,1679545259059
1679545258921,1679545259080
1679545258845,1679545259118
1679545258856,1679545259131
1679545258890,1679545259218
1679545258886,1679545259277
1679545258947,1679545259277
1679545258989,1679545259306
1679545259131,1679545259306
1679545259019,1679545259410
1679545259083,1679545259417
1679545259181,1679545259428
1679545259343,1679545259585
1679545259290,1679545259624
1679545259402,1679545259630
1679545259381,1679545259648
1679545259397,1679545259654
1679545259550,1679545259759
1679545259570,1679545259861
1679545259659,1679545259891
1679545259780,1679545259903
1679545259789,1679545259972
1679545259746,1679545259986
1679545259946,1679545260121
1679545259805,1679545260125
1679545259900,1679545260142
1679545259938,1679545260161
1679545260013,1679545260221
1679545260071,1679545260341
1679545260261,1679545260413
1679545260373,1679545260486
1679545260269,1679545260501
1679545260068,1679545260511
1679545260139,1679545260532
1679545260395,1679545260639
1679545260689,1679545260923
1679545260621,1679545261030
1679545260733,1679545261051
1679545260664,1679545261082
1679545260949,1679545261179
1679545260977,1679545261220
1679545261060,1679545261307
1679545261070,1679545261318
1679545261097,1679545261340
1679545261141,1679545261343
1679545261189,1679545261462
1679545261234,1679545261466
1679545261379,1679545261539
1679545261259,1679545261555
1679545261397,1679545261668
1679545261486,1679545261744
1679545261539,1679545261762
1679545261552,1679545261763
1679545261647,1679545261769
1679545261626,1679545261844
1679545261874,1679545262062
1679545261977,1679545262129
1679545261950,1679545262184
1679545261996,1679545262212
1679545262002,1679545262219
1679545262179,1679545262299
1679545262161,1679545262377
1679545262097,1679545262409
1679545262301,1679545262531
1679545262417,1679545262617
1679545262426,1679545262644
1679545262237,1679545262646
1679545262513,1679545262659
1679545262490,1679545262672
1679545262438,1679545262690
1679545262530,1679545262789
1679545262573,1679545262832
1679545262639,1679545262842
1679545262705,1679545262861
1679545262741,1679545262882
1679545262668,1679545262911
1679545262678,1679545262966
1679545262649,1679545262980
1679545262789,1679545262988
1679545262842,1679545263040
1679545262742,1679545263059
1679545262861,1679545263086
1679545262813,1679545263118
1679545262870,1679545263145
1679545262948,1679545263186
1679545263217,1679545263432
1679545263185,1679545263476
1679545263284,1679545263514
1679545263325,1679545263590
1679545263367,1679545263640
1679545263510,1679545263665
1679545263459,1679545263721
1679545263575,1679545263796
1679545263554,1679545263801
1679545263643,1679545263818
1679545263614,1679545263850
1679545263798,1679545263972
1679545263721,1679545264008
1679545263818,1679545264045
1679545263911,1679545264065
1679545263750,1679545264073
1679545263810,1679545264159
1679545264085,1679545264239
1679545264034,1679545264256
1679545264021,1679545264384
1679545264232,1679545264417
1679545264243,1679545264447
1679545264362,1679545264557
1679545264369,1679545264567
1679545264419,1679545264594
1679545264489,1679545264610
1679545264533,1679545264685
1679545264840,1679545264995
1679545264814,1679545264995
1679545264904,1679545265037
1679545264855,1679545265102
1679545265065,1679545265227
1679545265065,1679545265229
1679545265036,1679545265299
1679545265198,1679545265390
1679545265173,1679545265393
1679545265158,1679545265448
1679545265189,1679545265476
1679545265302,1679545265524
1679545265304,1679545265528
1679545265282,1679545265579
1679545265379,1679545265639
1679545265413,1679545265671
1679545265404,1679545265781
1679545265604,1679545265787
1679545265518,1679545265834
1679545265676,1679545265842
1679545265800,1679545265956
1679545265740,1679545265983
1679545265876,1679545266013
1679545265889,1679545266066
1679545265974,1679545266098
1679545265949,1679545266106
1679545265794,1679545266153
1679545265885,1679545266231
1679545265883,1679545266247
1679545266201,1679545266355
1679545266143,1679545266378
1679545266254,1679545266576
1679545266418,1679545266625
1679545266492,1679545266693
1679545266510,1679545266711
1679545266669,1679545266876
1679545266606,1679545266942
1679545266750,1679545266998
1679545266755,1679545267017
1679545266881,1679545267030
1679545266998,1679545267094
1679545266902,1679545267096
1679545266884,1679545267123
1679545266975,1679545267164
1679545267206,1679545267469
1679545267446,1679545267629
1679545267560,1679545267699
1679545267375,1679545267710
1679545267559,1679545267791
1679545267662,1679545267832
1679545267637,1679545267886
1679545267721,1679545267938
1679545267709,1679545267992
1679545267748,1679545268043
1679545267846,1679545268057
1679545267765,1679545268133
1679545268131,1679545268324
1679545268146,1679545268337
1679545268117,1679545268377
1679545268160,1679545268389
1679545267997,1679545268437
1679545268192,1679545268484
1679545268465,1679545268582
1679545268264,1679545268590
1679545268415,1679545268614
1679545268390,1679545268619
1679545268480,1679545268701
1679545268201,1679545268709
1679545268549,1679545268729
1679545268601,1679545268731
1679545268612,1679545268781
1679545268537,1679545268798
1679545268638,1679545268840
1679545268522,1679545268845
1679545268694,1679545268944
1679545268716,1679545269014
1679545268853,1679545269018
1679545268694,1679545269042
1679545268834,1679545269062
1679545268735,1679545269065
1679545268981,1679545269188
1679545269093,1679545269205
1679545269044,1679545269242
1679545268961,1679545269262
1679545269026,1679545269268
1679545269112,1679545269426
1679545269099,1679545269531
1679545269285,1679545269537
1679545269209,1679545269541
1679545269317,1679545269552
1679545269397,1679545269593
1679545269226,1679545269598
1679545269413,1679545269614
1679545269108,1679545269638
1679545269441,1679545269695
1679545269473,1679545269726
1679545269562,1679545269743
1679545269492,1679545269801
1679545269690,1679545269894
1679545269710,1679545269932
1679545269758,1679545269937
1679545269691,1679545270017
1679545269767,1679545270042
1679545269894,1679545270161
1679545269979,1679545270303
1679545270045,1679545270348
1679545270161,1679545270395
1679545270260,1679545270460
1679545270347,1679545270543
1679545270395,1679545270601
1679545270453,1679545270634
1679545270618,1679545270771
1679545270623,1679545270802
1679545270763,1679545270919
1679545270653,1679545270920
1679545270663,1679545270978
1679545270901,1679545271022
1679545270865,1679545271044
1679545270897,1679545271060
1679545270833,1679545271070
1679545270696,1679545271100
1679545270853,1679545271161
1679545270883,1679545271205
1679545270820,1679545271327
1679545271056,1679545271345
1679545271193,1679545271414
1679545271211,1679545271480
1679545271239,1679545271487
1679545271380,1679545271592
1679545271432,1679545271668
1679545271493,1679545271700
1679545271537,1679545271710
1679545271485,1679545271732
1679545271577,1679545271793
1679545271629,1679545271809
1679545271557,1679545271855
1679545271557,1679545271896
1679545271607,1679545271933
1679545271692,1679545271961
1679545271721,1679545272031
1679545271704,1679545272050
1679545271893,1679545272096
1679545271945,1679545272137
1679545271988,1679545272174
1679545272025,1679545272216
1679545272076,1679545272246
1679545272099,1679545272284
1679545272122,1679545272310
1679545272238,1679545272464
1679545272304,1679545272486
1679545272369,1679545272499
1679545272278,1679545272533
1679545272234,1679545272553
1679545272377,1679545272723
1679545272547,1679545272776
1679545272614,1679545272800
1679545272495,1679545272804
1679545272501,1679545272811
1679545272795,1679545272966
1679545272724,1679545273036
1679545272898,1679545273072
1679545272921,1679545273142
1679545273204,1679545273420
1679545273071,1679545273577
1679545273346,1679545273653
1679545273546,1679545273671
1679545273557,1679545273821
1679545273653,1679545273833
1679545273564,1679545273848
1679545273690,1679545273856
1679545273776,1679545274016
1679545273850,1679545274021
1679545273860,1679545274025
1679545273768,1679545274058
1679545273834,1679545274103
1679545273988,1679545274165
1679545274068,1679545274221
1679545273975,1679545274255
1679545274131,1679545274282
1679545274203,1679545274343
1679545274250,1679545274366
1679545273975,1679545274395
1679545274245,1679545274458
1679545274276,1679545274467
1679545274182,1679545274520
1679545274348,1679545274541
1679545274345,1679545274586
1679545274453,1679545274615
1679545274472,1679545274694
1679545274555,1679545274804
1679545274775,1679545274921
1679545274832,1679545274988
1679545274735,1679545274997
1679545274988,1679545275132
1679545274884,1679545275179
1679545274928,1679545275179
1679545275045,1679545275214
1679545274958,1679545275264
1679545275358,1679545275437
1679545275220,1679545275445
1679545275241,1679545275452
1679545275172,1679545275503
1679545275593,1679545275771
1679545275724,1679545275861
1679545275698,1679545275923
1679545275844,1679545276033
1679545275852,1679545276051
1679545275647,1679545276074
1679545275900,1679545276122
1679545275872,1679545276175
1679545275904,1679545276175
1679545275981,1679545276241
1679545276080,1679545276245
1679545276028,1679545276266
1679545275998,1679545276296
1679545276076,1679545276400
1679545276253,1679545276527
1679545276239,1679545276536
1679545276344,1679545276537
1679545276158,1679545276554
1679545276413,1679545276696
1679545276447,1679545276698
1679545276557,1679545276738
1679545276482,1679545276854
1679545276650,1679545276873
1679545276578,1679545276873
1679545276521,1679545276885
1679545276657,1679545276887
1679545276779,1679545276943
1679545276657,1679545276961
1679545276583,1679545276975
1679545276700,1679545276996
1679545276886,1679545277042
1679545276860,1679545277185
1679545276921,1679545277214
1679545276922,1679545277225
1679545276983,1679545277285
1679545277081,1679545277409
1679545277157,1679545277410
1679545277301,1679545277582
1679545277492,1679545277617
1679545277352,1679545277651
1679545277337,1679545277653
1679545277418,1679545277662
1679545277524,1679545277687
1679545277505,1679545277738
1679545277477,1679545277794
1679545277546,1679545277799
1679545277450,1679545277802
1679545277609,1679545277949
1679545277718,1679545277956
1679545277641,1679545278009
1679545277849,1679545278088
1679545277955,1679545278215
1679545278116,1679545278260
1679545278097,1679545278280
1679545278085,1679545278327
1679545278140,1679545278356
1679545278076,1679545278407
1679545278236,1679545278412
1679545278225,1679545278440
1679545278349,1679545278475
1679545278347,1679545278600
1679545278211,1679545278665
1679545278627,1679545278829
1679545278493,1679545278839
1679545278740,1679545278845
1679545278377,1679545278973
1679545278655,1679545279067
1679545278797,1679545279068
1679545278821,1679545279075
1679545278951,1679545279101
1679545278983,1679545279217
1679545278932,1679545279248
1679545278948,1679545279378
1679545279236,1679545279489
1679545279259,1679545279507
1679545279208,1679545279540
1679545279319,1679545279558
1679545279187,1679545279587
1679545279350,1679545279607
1679545279302,1679545279609
1679545279253,1679545279650
1679545279538,1679545279722
1679545279550,1679545279838
1679545279565,1679545279838
1679545279589,1679545279878
1679545279563,1679545279908
1679545279571,1679545279917
1679545279403,1679545279929
1679545279605,1679545279969
1679545279759,1679545279986
1679545279445,1679545279995
1679545279487,1679545280115
1679545279910,1679545280119
1679545279784,1679545280130
1679545279973,1679545280195
1679545280028,1679545280300
1679545280190,1679545280361
1679545280203,1679545280369
1679545280144,1679545280411
1679545280311,1679545280493
1679545280332,1679545280539
1679545280437,1679545280626
1679545280376,1679545280632
1679545280551,1679545280733
1679545280367,1679545280735
1679545280460,1679545280813
1679545280614,1679545280840
1679545280381,1679545280922
1679545280826,1679545281010
1679545280862,1679545281040
1679545280898,1679545281088
1679545281038,1679545281184
1679545280946,1679545281216
1679545281006,1679545281280
1679545281072,1679545281296
1679545281002,1679545281309
1679545280957,1679545281312
1679545281037,1679545281331
1679545281120,1679545281337
1679545281197,1679545281457
1679545281135,1679545281485
1679545281179,1679545281551
1679545281218,1679545281562
1679545281378,1679545281609
1679545281367,1679545281642
1679545281558,1679545281737
1679545281618,1679545281746
1679545281580,1679545281912
1679545281662,1679545281976
1679545281775,1679545282101
1679545281914,1679545282159
1679545281894,1679545282207
1679545282019,1679545282274
1679545282196,1679545282392
1679545282015,1679545282433
1679545282187,1679545282444
1679545282296,1679545282523
1679545282224,1679545282526
1679545282208,1679545282545
1679545282287,1679545282598
1679545282458,1679545282622
1679545282530,1679545282640
1679545282420,1679545282772
1679545282687,1679545282842
1679545282613,1679545282873
1679545282642,1679545282900
1679545282745,1679545282918
1679545282809,1679545283071
1679545282862,1679545283105
1679545282880,1679545283158
1679545282959,1679545283171
1679545283078,1679545283191
1679545283116,1679545283279
1679545283075,1679545283326
1679545283116,1679545283342
1679545283108,1679545283380
1679545283238,1679545283426
1679545283270,1679545283488
1679545283325,1679545283503
1679545283240,1679545283540
1679545283317,1679545283582
1679545283430,1679545283584
1679545283325,1679545283612
1679545283466,1679545283629
1679545283458,1679545283630
1679545283338,1679545283761
1679545283686,1679545283859
1679545283791,1679545283909
1679545283632,1679545283939
1679545283701,1679545283965
1679545283873,1679545284046
1679545283849,1679545284085
1679545283844,1679545284146
1679545283832,1679545284176
1679545284028,1679545284219
1679545284090,1679545284242
1679545283955,1679545284281
1679545283782,1679545284298
1679545284042,1679545284325
1679545284188,1679545284357
1679545284215,1679545284513
1679545284165,1679545284517
1679545284363,1679545284544
1679545284450,1679545284643
1679545284617,1679545284763
1679545284555,1679545284823
1679545284492,1679545284832
1679545284569,1679545284837
1679545284705,1679545284964
1679545284770,1679545284965
1679545284735,1679545284996
1679545284886,1679545285028
1679545284773,1679545285033
1679545284700,1679545285036
1679545284767,1679545285102
1679545284805,1679545285177
1679545284772,1679545285178
1679545285049,1679545285292
1679545285060,1679545285321
1679545284971,1679545285333
1679545285182,1679545285381
1679545285221,1679545285485
1679545285329,1679545285546
1679545285395,1679545285666
1679545285447,1679545285754
1679545285364,1679545285761
1679545285477,1679545285808
1679545285520,1679545285867
1679545285742,1679545285896
1679545285546,1679545285936
1679545285755,1679545285997
1679545285788,1679545286025
1679545285840,1679545286060
1679545285759,1679545286072
1679545285672,1679545286117
1679545285874,1679545286147
1679545286037,1679545286192
1679545286095,1679545286272
1679545286064,1679545286294
1679545286118,1679545286309
1679545286109,1679545286347
1679545286142,1679545286397
1679545286317,1679545286559
1679545286253,1679545286573
1679545286367,1679545286652
1679545286430,1679545286677
1679545286406,1679545286701
1679545286432,1679545286760
1679545286426,1679545286772
1679545286339,1679545286895
1679545286721,1679545286897
1679545286844,1679545287047
1679545286726,1679545287082
1679545286814,1679545287105
1679545287073,1679545287228
1679545287186,1679545287355
1679545287288,1679545287484
1679545287153,1679545287553
1679545287413,1679545287620
1679545287418,1679545287629
1679545287348,1679545287636
1679545287440,1679545287718
1679545287657,1679545287775
1679545287639,1679545287826
1679545287605,1679545287831
1679545287629,1679545287888
1679545288013,1679545288207
1679545287758,1679545288222
1679545287829,1679545288240
1679545288062,1679545288241
1679545288061,1679545288293
1679545288277,1679545288438
1679545288326,1679545288582
1679545288340,1679545288624
1679545288372,1679545288643
1679545288429,1679545288647
1679545288414,1679545288658
1679545288604,1679545288765
1679545288611,1679545288850
1679545288711,1679545288891
1679545288710,1679545288895
1679545288543,1679545288916
1679545288697,1679545288940
1679545288677,1679545289018
1679545288794,1679545289023
1679545288746,1679545289062
1679545288765,1679545289106
1679545288855,1679545289158
1679545288946,1679545289196
1679545288933,1679545289221
1679545288883,1679545289247
1679545289023,1679545289271
1679545289046,1679545289291
1679545289157,1679545289300
1679545289115,1679545289338
1679545289036,1679545289347
1679545289110,1679545289450
1679545289233,1679545289459
1679545289274,1679545289483
1679545289449,1679545289597
1679545289348,1679545289624
1679545289395,1679545289636
1679545289454,1679545289665
1679545289579,1679545289756
1679545289293,1679545289758
1679545289581,1679545289843
1679545289703,1679545289933
1679545289762,1679545289986
1679545289752,1679545290032
1679545289811,1679545290056
1679545289855,1679545290056
1679545289900,1679545290142
1679545289973,1679545290146
1679545290031,1679545290211
1679545289851,1679545290215
1679545290025,1679545290221
1679545289907,1679545290253
1679545289994,1679545290314
1679545290119,1679545290327
1679545290253,1679545290416
1679545290138,1679545290417
1679545290290,1679545290529
1679545290238,1679545290550
1679545290261,1679545290610
1679545290629,1679545290763
1679545290421,1679545290866
1679545290722,1679545290960
1679545290837,1679545291058
1679545290874,1679545291080
1679545290887,1679545291100
1679545290778,1679545291111
1679545291108,1679545291283
1679545291133,1679545291316
1679545291173,1679545291378
1679545291231,1679545291522
1679545291249,1679545291559
1679545291334,1679545291579
1679545291314,1679545291617
1679545291397,1679545291622
1679545291413,1679545291629
1679545291383,1679545291704
1679545291318,1679545291726
1679545291506,1679545291768
1679545291431,1679545291784
1679545291583,1679545291914
1679545291769,1679545291929
1679545291857,1679545292018
1679545291830,1679545292035
1679545291626,1679545292047
1679545291883,1679545292098
1679545291889,1679545292137
1679545291953,1679545292165
1679545291986,1679545292261
1679545292033,1679545292295
1679545292237,1679545292364
1679545292042,1679545292365
1679545292216,1679545292450
1679545292301,1679545292495
1679545292307,1679545292513
1679545292442,1679545292592
1679545292187,1679545292592
1679545292383,1679545292652
1679545292437,1679545292666
1679545292514,1679545292728
1679545292424,1679545292755
1679545292602,1679545292786
1679545292609,1679545292875
1679545292701,1679545292895
1679545292795,1679545293023
1679545292702,1679545293027
1679545293082,1679545293254
1679545293271,1679545293463
1679545293174,1679545293471
1679545293394,1679545293574
1679545293283,1679545293581
1679545293360,1679545293599
1679545293404,1679545293652
1679545293436,1679545293668
1679545293477,1679545293694
1679545293536,1679545293846
1679545293789,1679545294047
1679545293887,1679545294150
1679545293984,1679545294205
1679545293862,1679545294209
1679545293614,1679545294224
1679545293984,1679545294325
1679545294125,1679545294395
1679545294273,1679545294440
1679545294250,1679545294478
1679545294393,1679545294517
1679545294335,1679545294593
1679545294281,1679545294613
1679545294522,1679545294764
1679545294527,1679545294788
1679545294633,1679545294828
1679545294701,1679545294901
1679545294518,1679545294906
1679545294753,1679545294960
1679545294771,1679545294977
1679545294781,1679545295123
1679545294875,1679545295219
1679545294987,1679545295221
1679545295153,1679545295341
1679545295209,1679545295405
1679545295075,1679545295423
1679545295269,1679545295457
1679545295099,1679545295465
1679545295285,1679545295568
1679545295364,1679545295739
1679545295582,1679545295854
1679545295637,1679545295937
1679545295764,1679545295952
1679545295709,1679545295956
1679545295749,1679545296097
1679545295888,1679545296140
1679545296018,1679545296214
1679545295997,1679545296246
1679545296161,1679545296405
1679545296246,1679545296427
1679545296290,1679545296434
1679545296234,1679545296477
1679545296346,1679545296515
1679545296221,1679545296516
1679545296405,1679545296592
1679545296575,1679545296744
1679545296393,1679545296779
1679545296792,1679545296894
1679545296644,1679545296926
1679545296774,1679545297044
1679545296927,1679545297076
1679545296904,1679545297164
1679545297013,1679545297173
1679545296925,1679545297205
1679545296732,1679545297211
1679545296919,1679545297235
1679545297048,1679545297242
1679545297120,1679545297525
1679545297319,1679545297531
1679545297455,1679545297655
1679545297405,1679545297742
1679545297748,1679545297894
1679545297679,1679545297918
1679545297726,1679545297952
1679545297630,1679545297963
1679545297640,1679545297980
1679545297793,1679545298018
1679545297700,1679545298061
1679545297814,1679545298168
1679545298062,1679545298242
1679545298154,1679545298297
1679545298045,1679545298313
1679545298262,1679545298346
1679545298069,1679545298404
1679545298282,1679545298430
1679545298021,1679545298439
1679545298322,1679545298477
1679545298528,1679545298715
1679545298373,1679545298733
1679545298705,1679545298860
1679545298514,1679545298866
1679545298784,1679545298915
1679545298688,1679545298921
1679545298611,1679545298940
1679545298798,1679545299000
1679545298677,1679545299007
1679545298770,1679545299028
1679545298843,1679545299039
1679545298810,1679545299120
1679545298964,1679545299122
1679545298975,1679545299164
1679545298976,1679545299169
1679545299037,1679545299282
1679545299088,1679545299294
1679545299091,1679545299319
1679545299172,1679545299394
1679545298986,1679545299433
1679545299196,1679545299435
1679545299289,1679545299488
1679545299228,1679545299537
1679545299113,1679545299540
1679545299045,1679545299574
1679545299235,1679545299576
1679545299382,1679545299664
1679545299473,1679545299694
1679545299491,1679545299711
1679545299536,1679545299730
1679545299597,1679545299740
1679545299388,1679545299758
1679545299386,1679545299777
1679545299591,1679545299870
1679545299533,1679545299888
1679545299836,1679545300037
1679545299674,1679545300066
1679545299830,1679545300096
1679545299855,1679545300180
1679545300020,1679545300193
1679545299987,1679545300225
1679545300105,1679545300294
1679545299994,1679545300359
1679545300117,1679545300371
1679545300034,1679545300420
1679545300248,1679545300460
1679545300196,1679545300487
1679545300333,1679545300496
1679545300161,1679545300504
1679545300320,1679545300546
1679545300298,1679545300626
1679545300413,1679545300651
1679545300525,1679545300729
1679545300566,1679545300737
1679545300554,1679545300786
1679545300574,1679545300808
1679545300769,1679545300960
1679545300726,1679545301022
1679545300863,1679545301099
1679545300979,1679545301174
1679545300765,1679545301191
1679545301022,1679545301210
1679545300856,1679545301252
1679545301016,1679545301291
1679545301113,1679545301420
1679545301218,1679545301476
1679545301267,1679545301490
1679545301208,1679545301535
1679545301400,1679545301543
1679545301333,1679545301568
1679545301304,1679545301593
1679545301310,1679545301637
1679545301260,1679545301640
1679545301289,1679545301641
1679545301281,1679545301790
1679545301541,1679545301846
1679545301705,1679545301898
1679545301832,1679545302151
1679545302055,1679545302193
1679545302203,1679545302374
1679545302173,1679545302400
1679545302256,1679545302568
1679545302487,1679545302650
1679545302613,1679545302756
1679545302523,1679545302769
1679545302609,1679545302795
1679545302628,1679545302886
1679545302703,1679545302899
1679545302712,1679545302919
1679545302873,1679545303023
1679545302897,1679545303082
1679545302828,1679545303097
1679545302962,1679545303107
1679545302821,1679545303115
1679545302844,1679545303137
1679545302922,1679545303151
1679545302936,1679545303170
1679545303006,1679545303187
1679545303142,1679545303346
1679545303137,1679545303397
1679545303164,1679545303406
1679545303327,1679545303436
1679545303201,1679545303450
1679545303224,1679545303484
1679545303367,1679545303555
1679545303317,1679545303597
1679545303341,1679545303636
1679545303456,1679545303700
1679545303585,1679545303736
1679545303747,1679545303846
1679545303566,1679545303869
1679545303613,1679545303897
1679545303694,1679545303988
1679545303967,1679545304113
1679545303905,1679545304122
1679545303985,1679545304368
1679545304101,1679545304368
1679545304193,1679545304373
1679545304207,1679545304404
1679545304284,1679545304486
1679545304292,1679545304538
1679545304457,1679545304593
1679545304453,1679545304692
1679545304371,1679545304712
1679545304581,1679545304752
1679545304593,1679545304764
1679545304511,1679545304793
1679545304630,1679545304801
1679545304582,1679545304873
1679545304653,1679545304887
1679545304694,1679545304893
1679545304421,1679545304904
1679545304813,1679545305004
1679545304874,1679545305038
1679545304633,1679545305042
1679545304830,1679545305046
1679545304883,1679545305150
1679545304841,1679545305175
1679545305090,1679545305219
1679545304938,1679545305330
1679545304889,1679545305342
1679545305035,1679545305380
1679545304982,1679545305541
1679545304931,1679545305559
1679545305455,1679545305693
1679545305463,1679545305775
1679545305477,1679545305812
1679545305571,1679545305880
1679545305746,1679545305908
1679545305826,1679545305986
1679545305750,1679545306008
1679545305715,1679545306029
1679545305857,1679545306101
1679545306060,1679545306257
1679545306118,1679545306295
1679545306203,1679545306348
1679545306354,1679545306497
1679545306185,1679545306501
1679545306243,1679545306501
1679545306507,1679545306750
1679545306621,1679545306754
1679545306469,1679545306771
1679545306645,1679545306829
1679545306648,1679545306926
1679545306755,1679545307073
1679545306965,1679545307152
1679545307156,1679545307278
1679545307059,1679545307346
1679545307154,1679545307389
1679545307119,1679545307396
1679545307244,1679545307467
1679545307217,1679545307494
1679545307128,1679545307532
1679545307395,1679545307558
1679545307353,1679545307593
1679545307109,1679545307644
1679545307593,1679545307780
1679545307519,1679545307784
1679545307622,1679545307818
1679545307801,1679545307989
1679545307793,1679545307999
1679545307744,1679545308027
1679545307883,1679545308136
1679545308061,1679545308283
1679545307999,1679545308349
1679545308149,1679545308425
1679545308286,1679545308526
1679545308307,1679545308526
1679545308384,1679545308559
1679545308283,1679545308584
1679545308338,1679545308643
1679545308454,1679545308684
1679545308489,1679545308728
1679545308578,1679545308763
1679545308530,1679545308793
1679545308597,1679545308861
1679545308523,1679545308879
1679545308731,1679545309087
1679545308836,1679545309109
1679545308893,1679545309148
1679545308937,1679545309167
1679545308967,1679545309178
1679545309016,1679545309257
1679545309044,1679545309266
1679545309016,1679545309280
1679545309048,1679545309338
1679545309136,1679545309354
1679545309216,1679545309390
1679545308978,1679545309399
1679545309257,1679545309464
1679545309245,1679545309516
1679545309353,1679545309524
1679545309271,1679545309538
1679545309309,1679545309619
1679545309429,1679545309633
1679545309417,1679545309641
1679545309479,1679545309720
1679545309459,1679545309734
1679545309671,1679545309800
1679545309578,1679545309835
1679545309483,1679545309844
1679545309542,1679545309847
1679545309756,1679545309877
1679545309650,1679545310028
1679545309830,1679545310070
1679545309896,1679545310088
1679545309882,1679545310278
1679545309969,1679545310286
1679545310082,1679545310377
1679545310172,1679545310383
1679545310121,1679545310411
1679545310220,1679545310448
1679545310257,1679545310452
1679545310182,1679545310462
1679545310504,1679545310661
1679545310345,1679545310717
1679545310435,1679545310781
1679545310710,1679545310838
1679545310669,1679545310867
1679545310985,1679545311182
1679545310943,1679545311201
1679545310952,1679545311239
1679545311071,1679545311274
1679545311081,1679545311278
1679545311219,1679545311473
1679545311269,1679545311486
1679545311092,1679545311486
1679545311680,1679545311827
1679545311397,1679545311837
1679545311661,1679545311868
1679545311772,1679545311966
1679545311805,1679545312002
1679545311789,1679545312049
1679545311940,1679545312174
1679545311941,1679545312217
1679545312122,1679545312243
1679545312086,1679545312273
1679545312267,1679545312477
1679545312288,1679545312540
1679545312225,1679545312566
1679545312446,1679545312673
1679545312463,1679545312690
1679545312532,1679545312729
1679545312543,1679545312820
1679545312684,1679545313014
1679545312472,1679545313036
1679545312958,1679545313153
1679545313023,1679545313260
1679545312874,1679545313287
1679545313218,1679545313382
1679545313073,1679545313400
1679545313135,1679545313435
1679545313265,1679545313455
1679545313564,1679545313783
1679545313611,1679545313795
1679545313718,1679545313943
1679545313676,1679545313977
1679545313573,1679545314001
1679545313762,1679545314079
1679545313837,1679545314087
1679545313977,1679545314136
1679545313895,1679545314155
1679545313984,1679545314194
1679545314027,1679545314256
1679545314051,1679545314305
1679545313977,1679545314313
1679545314121,1679545314391
1679545314173,1679545314470
1679545314152,1679545314506
1679545314355,1679545314508
1679545314349,1679545314511
1679545314378,1679545314547
1679545314428,1679545314641
1679545314564,1679545314692
1679545314343,1679545314713
1679545314496,1679545314723
1679545314464,1679545314864
1679545314649,1679545314865
1679545314662,1679545314891
1679545314774,1679545314938
1679545314832,1679545314987
1679545314776,1679545315023
1679545314717,1679545315028
1679545314893,1679545315138
1679545314849,1679545315156
1679545314997,1679545315216
1679545315028,1679545315337
1679545314857,1679545315341
1679545315124,1679545315350
1679545315075,1679545315393
1679545315207,1679545315411
1679545315059,1679545315446
1679545315267,1679545315476
1679545315177,1679545315534
1679545315372,1679545315595
1679545315448,1679545315709
1679545315474,1679545315811
1679545315633,1679545315836
1679545315743,1679545315967
1679545315750,1679545316016
1679545315886,1679545316065
1679545315904,1679545316173
1679545315935,1679545316199
1679545315970,1679545316203
1679545316044,1679545316215
1679545316156,1679545316328
1679545316054,1679545316372
1679545316015,1679545316417
1679545316159,1679545316430
1679545316129,1679545316431
1679545316145,1679545316441
1679545316156,1679545316502
1679545316501,1679545316830
1679545316655,1679545316842
1679545316613,1679545316861
1679545316829,1679545316982
1679545316752,1679545317011
1679545316887,1679545317016
1679545316718,1679545317023
1679545316792,1679545317028
1679545316743,1679545317071
1679545316870,1679545317172
1679545316978,1679545317232
1679545317132,1679545317524
1679545317222,1679545317535
1679545317424,1679545317583
1679545317406,1679545317625
1679545317349,1679545317628
1679545317509,1679545317699
1679545317489,1679545317758
1679545317489,1679545317762
1679545317559,1679545317799
1679545317229,1679545317808
1679545317674,1679545317850
1679545317494,1679545317858
1679545317658,1679545317877
1679545317749,1679545317930
1679545317810,1679545318016
1679545317710,1679545318101
1679545317620,1679545318110
1679545317916,1679545318136
1679545317952,1679545318175
1679545317977,1679545318187
1679545318133,1679545318225
1679545318080,1679545318287
1679545317893,1679545318304
1679545318234,1679545318390
1679545318249,1679545318399
1679545318236,1679545318496
1679545318377,1679545318517
1679545318381,1679545318560
1679545318240,1679545318571
1679545318370,1679545318573
1679545318549,1679545318718
1679545318441,1679545318722
1679545318448,1679545318739
1679545318535,1679545318779
1679545318604,1679545318795
1679545318449,1679545318808
1679545318509,1679545318872
1679545318698,1679545318974
1679545318748,1679545318989
1679545318763,1679545319023
1679545318662,1679545319101
1679545318860,1679545319102
1679545318883,1679545319128
1679545319029,1679545319129
1679545318872,1679545319158
1679545318841,1679545319279
1679545319121,1679545319392
1679545318961,1679545319482
1679545319221,1679545319549
1679545319418,1679545319634
1679545319517,1679545319707
1679545319539,1679545319752
1679545319425,1679545319769
1679545319568,1679545319898
1679545319730,1679545319908
1679545319565,1679545319977
1679545319740,1679545319978
1679545319709,1679545319989
1679545319854,1679545320005
1679545319793,1679545320067
1679545319844,1679545320072
1679545319884,1679545320089
1679545319981,1679545320176
1679545319989,1679545320237
1679545320020,1679545320255
1679545319997,1679545320306
1679545320065,1679545320362
1679545320285,1679545320365
1679545320314,1679545320574
1679545320461,1679545320714
1679545320521,1679545320740
1679545320512,1679545320814
1679545320592,1679545320904
1679545320647,1679545320933
1679545320597,1679545320991
1679545320718,1679545320992
1679545320676,1679545320995
1679545320422,1679545321043
1679545320584,1679545321071
1679545320886,1679545321073
1679545320737,1679545321121
1679545320869,1679545321155
1679545320926,1679545321156
1679545320844,1679545321180
1679545320901,1679545321190
1679545320826,1679545321199
1679545321025,1679545321221
1679545321053,1679545321240
1679545321153,1679545321274
1679545321164,1679545321353
1679545321027,1679545321464
1679545321141,1679545321469
1679545321175,1679545321513
1679545321399,1679545321540
1679545321314,1679545321580
1679545321278,1679545321588
1679545321289,1679545321642
1679545321414,1679545321667
1679545321594,1679545321690
1679545321391,1679545321716
1679545321711,1679545321870
1679545321728,1679545321966
1679545321700,1679545321974
1679545321741,1679545321989
1679545321852,1679545322124
1679545321916,1679545322130
1679545322019,1679545322144
1679545321905,1679545322178
1679545321972,1679545322198
1679545322089,1679545322292
1679545322045,1679545322297
1679545322035,1679545322306
1679545322301,1679545322542
1679545322369,1679545322582
1679545322234,1679545322597
1679545322421,1679545322613
1679545322531,1679545322701
1679545322470,1679545322712
1679545322556,1679545322812
1679545322606,1679545322857
1679545322729,1679545322891
1679545322649,1679545322921
1679545322786,1679545323021
1679545322990,1679545323122
1679545322929,1679545323194
1679545322845,1679545323268
1679545322806,1679545323328
1679545323089,1679545323358
1679545323492,1679545323744
1679545323414,1679545323801
1679545323642,1679545323880
1679545323872,1679545324004
1679545323808,1679545324049
1679545323922,1679545324076
1679545323771,1679545324098
1679545323747,1679545324108
1679545324033,1679545324261
1679545324006,1679545324278
1679545324133,1679545324338
1679545324232,1679545324396
1679545324224,1679545324444
1679545324270,1679545324501
1679545324447,1679545324592
1679545324564,1679545324679
1679545324346,1679545324741
1679545324422,1679545324768
1679545324640,1679545324800
1679545324613,1679545324851
1679545324609,1679545324855
1679545324613,1679545324886
1679545324793,1679545324980
1679545324735,1679545325048
1679545324924,1679545325102
1679545324773,1679545325108
1679545324895,1679545325109
1679545324893,1679545325127
1679545324969,1679545325254
1679545325061,1679545325300
1679545325152,1679545325435
1679545325353,1679545325439
1679545325241,1679545325451
1679545325299,1679545325461
1679545325449,1679545325618
1679545325494,1679545325674
1679545325581,1679545325833
1679545325388,1679545325874
1679545325625,1679545325890
1679545325596,1679545325920
1679545325659,1679545325945
1679545325742,1679545325995
1679545325877,1679545326132
1679545326041,1679545326152
1679545326054,1679545326217
1679545325983,1679545326322
1679545326041,1679545326329
1679545326043,1679545326368
1679545326158,1679545326391
1679545326161,1679545326406
1679545326220,1679545326460
1679545326196,1679545326473
1679545326409,1679545326691
1679545326603,1679545326790
1679545326596,1679545326840
1679545326578,1679545326854
1679545326773,1679545326902
1679545326404,1679545326954
1679545326643,1679545326967
1679545326725,1679545326969
1679545326707,1679545326973
1679545326735,1679545326984
1679545326923,1679545327159
1679545326976,1679545327182
1679545326861,1679545327182
1679545326990,1679545327205
1679545327045,1679545327333
1679545327136,1679545327334
1679545327119,1679545327416
1679545327265,1679545327513
1679545327265,1679545327534
1679545327184,1679545327535
1679545327372,1679545327575
1679545327364,1679545327624
1679545327277,1679545327626
1679545327485,1679545327671
1679545327490,1679545327733
1679545327495,1679545327832
1679545327441,1679545327888
1679545327784,1679545327946
1679545327721,1679545327967
1679545327682,1679545328037
1679545327923,1679545328242
1679545328154,1679545328323
1679545328206,1679545328377
1679545328096,1679545328428
1679545328065,1679545328440
1679545328238,1679545328514
1679545328112,1679545328515
1679545328244,1679545328553
1679545328233,1679545328570
1679545328359,1679545328641
1679545328245,1679545328668
1679545328534,1679545328714
1679545328617,1679545328839
1679545328650,1679545328868
1679545328438,1679545328915
1679545328709,1679545328981
1679545328937,1679545329081
1679545329014,1679545329278
1679545329113,1679545329283
1679545329039,1679545329313
1679545329388,1679545329580
1679545329305,1679545329609
1679545329542,1679545329700
1679545329590,1679545329803
1679545329574,1679545329839
1679545329627,1679545329856
1679545329757,1679545329937
1679545329755,1679545330024
1679545329889,1679545330090
1679545329834,1679545330094
1679545329953,1679545330163
1679545329750,1679545330222
1679545330036,1679545330277
1679545330017,1679545330285
1679545330031,1679545330314
1679545329933,1679545330319
1679545330152,1679545330393
1679545330188,1679545330418
1679545330263,1679545330576
1679545330299,1679545330594
1679545330266,1679545330647
1679545330434,1679545330686
1679545330461,1679545330713
1679545330557,1679545330825
1679545330607,1679545330930
1679545330789,1679545330951
1679545330768,1679545330986
1679545330497,1679545331055
1679545330842,1679545331074
1679545330861,1679545331100
1679545330882,1679545331145
1679545331033,1679545331239
1679545331017,1679545331251
1679545330816,1679545331278
1679545330949,1679545331341
1679545331017,1679545331344
1679545331029,1679545331371
1679545330789,1679545331404
1679545331158,1679545331444
1679545331277,1679545331452
1679545331052,1679545331491
1679545331245,1679545331602
1679545331376,1679545331603
1679545331225,1679545331612
1679545331385,1679545331737
1679545331364,1679545331792
1679545331309,1679545331794
1679545331376,1679545331799
1679545331417,1679545331806
1679545331533,1679545331837
1679545331489,1679545331842
1679545331668,1679545331899
1679545331652,1679545331902
1679545331629,1679545331963
1679545331734,1679545331988
1679545331808,1679545332010
1679545331684,1679545332017
1679545331786,1679545332024
1679545331651,1679545332130
1679545331972,1679545332187
1679545331854,1679545332211
1679545331900,1679545332250
1679545331957,1679545332296
1679545332080,1679545332383
1679545332176,1679545332403
1679545332306,1679545332510
1679545332340,1679545332538
1679545332406,1679545332578
1679545332478,1679545332599
1679545332537,1679545332772
1679545332687,1679545332826
1679545332736,1679545332884
1679545332710,1679545332934
1679545332774,1679545332985
1679545332776,1679545333014
1679545332828,1679545333035
1679545332830,1679545333075
1679545332829,1679545333116
1679545332832,1679545333230
1679545333105,1679545333251
1679545332965,1679545333284
1679545333154,1679545333344
1679545333192,1679545333367
1679545333155,1679545333431
1679545333349,1679545333559
1679545333313,1679545333641
1679545333445,1679545333664
1679545333282,1679545333665
1679545333529,1679545333703
1679545333428,1679545333710
1679545333337,1679545333760
1679545333578,1679545333785
1679545333547,1679545333805
1679545333645,1679545333841
1679545333609,1679545333849
1679545333653,1679545333954
1679545333912,1679545334054
1679545333804,1679545334066
1679545333837,1679545334075
1679545333874,1679545334159
1679545334062,1679545334296
1679545334038,1679545334342
1679545334181,1679545334389
1679545334120,1679545334389
1679545334488,1679545334622
1679545334402,1679545334622
1679545334092,1679545334624
1679545334511,1679545334713
1679545334585,1679545334735
1679545334456,1679545334737
1679545334608,1679545334807
1679545334607,1679545334817
1679545334709,1679545334889
1679545334689,1679545334971
1679545334705,1679545335028
1679545334858,1679545335051
1679545334975,1679545335212
1679545335022,1679545335264
1679545335173,1679545335271
1679545335077,1679545335300
1679545335160,1679545335378
1679545335189,1679545335416
1679545335286,1679545335580
1679545335351,1679545335675
1679545335472,1679545335678
1679545335363,1679545335736
1679545335437,1679545335762
1679545335634,1679545335853
1679545335664,1679545335876
1679545335762,1679545335935
1679545335682,1679545335993
1679545335709,1679545335996
1679545335924,1679545336079
1679545335920,1679545336136
1679545336049,1679545336189
1679545336029,1679545336204
1679545335995,1679545336210
1679545335981,1679545336245
1679545336001,1679545336290
1679545336022,1679545336300
1679545336155,1679545336342
1679545336049,1679545336359
1679545336114,1679545336431
1679545336200,1679545336433
1679545336205,1679545336482
1679545336264,1679545336506
1679545336113,1679545336532
1679545336475,1679545336632
1679545336321,1679545336648
1679545336397,1679545336669
1679545336257,1679545336672
1679545336490,1679545336715
1679545336507,1679545336726
1679545336584,1679545336835
1679545336743,1679545336875
1679545336864,1679545336984
1679545336945,1679545337113
1679545336657,1679545337113
1679545336950,1679545337127
1679545336855,1679545337186
1679545336882,1679545337194
1679545337037,1679545337198
1679545336913,1679545337266
1679545336992,1679545337310
1679545337108,1679545337320
1679545337184,1679545337352
1679545337272,1679545337508
1679545337400,1679545337548
1679545337253,1679545337551
1679545337331,1679545337595
1679545337398,1679545337638
1679545337458,1679545337709
1679545337447,1679545337720
1679545337529,1679545337753
1679545337529,1679545337762
1679545337568,1679545337864
1679545337630,1679545337888
1679545338001,1679545338133
1679545338082,1679545338229
1679545338148,1679545338291
1679545338129,1679545338332
1679545338158,1679545338339
1679545337976,1679545338392
1679545338152,1679545338450
1679545338298,1679545338470
1679545338249,1679545338555
1679545338409,1679545338659
1679545338432,1679545338664
1679545338372,1679545338712
1679545338445,1679545338718
1679545338551,1679545338796
1679545338636,1679545338853
1679545338786,1679545338922
1679545338747,1679545338940
1679545338686,1679545338943
1679545338865,1679545339014
1679545338892,1679545339139
1679545339133,1679545339309
1679545339100,1679545339404
1679545339069,1679545339411
1679545339167,1679545339490
1679545339197,1679545339516
1679545339435,1679545339615
1679545339372,1679545339700
1679545339403,1679545339736
1679545339521,1679545339766
1679545339465,1679545339781
1679545339676,1679545339863
1679545339413,1679545339904
1679545339645,1679545339921
1679545339842,1679545340001
1679545339801,1679545340005
1679545339902,1679545340183
1679545339879,1679545340198
1679545340090,1679545340209
1679545340031,1679545340226
1679545339927,1679545340235
1679545340245,1679545340372
1679545340191,1679545340407
1679545340186,1679545340427
1679545340265,1679545340464
1679545340273,1679545340481
1679545340424,1679545340706
1679545340521,1679545340716
1679545340506,1679545340753
1679545340592,1679545340782
1679545340608,1679545340787
1679545340697,1679545340846
1679545340697,1679545340902
1679545340796,1679545341020
1679545340706,1679545341085
1679545340873,1679545341098
1679545340977,1679545341176
1679545340902,1679545341200
1679545340985,1679545341237
1679545340996,1679545341248
1679545340993,1679545341282
1679545340989,1679545341282
1679545340780,1679545341290
1679545341057,1679545341311
1679545341175,1679545341356
1679545341235,1679545341437
1679545341157,1679545341591
1679545341209,1679545341595
1679545341317,1679545341605
1679545341145,1679545341613
1679545341113,1679545341738
1679545341586,1679545341798
1679545341510,1679545341808
1679545341361,1679545341832
1679545341680,1679545341836
1679545341638,1679545341851
1679545341505,1679545341855
1679545341305,1679545341881
1679545341241,1679545341892
1679545341473,1679545341923
1679545341504,1679545341931
1679545341774,1679545341951
1679545341361,1679545341966
1679545341700,1679545341982
1679545341741,1679545342063
1679545341865,1679545342098
1679545341964,1679545342125
1679545341837,1679545342132
1679545341867,1679545342157
1679545341980,1679545342183
1679545341738,1679545342311
1679545342059,1679545342322
1679545342198,1679545342404
1679545342176,1679545342428
1679545342073,1679545342432
1679545342145,1679545342454
1679545342114,1679545342472
1679545342391,1679545342539
1679545342221,1679545342541
1679545342348,1679545342633
1679545342471,1679545342684
1679545342581,1679545342697
1679545342443,1679545342710
1679545342509,1679545342713
1679545342574,1679545342801
1679545342556,1679545342841
1679545342646,1679545342842
1679545342654,1679545342849
1679545342774,1679545342948
1679545342916,1679545343118
1679545343064,1679545343276
1679545343137,1679545343288
1679545343042,1679545343298
1679545343029,1679545343313
1679545342775,1679545343319
1679545343234,1679545343336
1679545343257,1679545343474
1679545343272,1679545343485
1679545343338,1679545343491
1679545343188,1679545343491
1679545343213,1679545343548
1679545343349,1679545343551
1679545343261,1679545343676
1679545343409,1679545343726
1679545343374,1679545343728
1679545343365,1679545343753
1679545343513,1679545343774
1679545343514,1679545343786
1679545343321,1679545343833
1679545343624,1679545343842
1679545343473,1679545343867
1679545343393,1679545343882
1679545343422,1679545343888
1679545343716,1679545343944
1679545343748,1679545343953
1679545343846,1679545343984
1679545343785,1679545344027
1679545343786,1679545344075
1679545343756,1679545344169
1679545344125,1679545344265
1679545344146,1679545344359
1679545343981,1679545344376
1679545344093,1679545344382
1679545344165,1679545344466
1679545344279,1679545344484
1679545344297,1679545344487
1679545344482,1679545344661
1679545344583,1679545344719
1679545344289,1679545344755
1679545344567,1679545344769
1679545344622,1679545344780
1679545344472,1679545344788
1679545344418,1679545344789
1679545344445,1679545344807
1679545344547,1679545344842
1679545344441,1679545344869
1679545344589,1679545344878
1679545344601,1679545344919
1679545344709,1679545344954
1679545344731,1679545344955
1679545344645,1679545344994
1679545344795,1679545345012
1679545344829,1679545345041
1679545344759,1679545345060
1679545344901,1679545345087
1679545344626,1679545345115
1679545344909,1679545345148
1679545344843,1679545345172
1679545344996,1679545345295
1679545344991,1679545345298
1679545345128,1679545345377
1679545345251,1679545345392
1679545345128,1679545345394
1679545345191,1679545345419
1679545345069,1679545345441
1679545345280,1679545345491
1679545345246,1679545345506
1679545345180,1679545345540
1679545345301,1679545345565
1679545345362,1679545345587
1679545345314,1679545345619
1679545345382,1679545345628
1679545345353,1679545345658
1679545345413,1679545345725
1679545345497,1679545345764
1679545345382,1679545345767
1679545345589,1679545345853
1679545345633,1679545345881
1679545345541,1679545345914
1679545345568,1679545345954
1679545345709,1679545345974
1679545345653,1679545345976
1679545345806,1679545346061
1679545345965,1679545346081
1679545345849,1679545346149
1679545345755,1679545346152
1679545345857,1679545346316
1679545346276,1679545346454
1679545346304,1679545346457
1679545346133,1679545346489
1679545346270,1679545346554
1679545346381,1679545346559
1679545346554,1679545346771
1679545346476,1679545346801
1679545346609,1679545346832
1679545346477,1679545346842
1679545346587,1679545346873
1679545346683,1679545346880
1679545346519,1679545346884
1679545346720,1679545346897
1679545346522,1679545346921
1679545346534,1679545346973
1679545346809,1679545346983
1679545346839,1679545347013
1679545346840,1679545347077
1679545346885,1679545347116
1679545346691,1679545347133
1679545346975,1679545347136
1679545346885,1679545347173
1679545346897,1679545347224
1679545347030,1679545347281
1679545347114,1679545347303
1679545347039,1679545347314
1679545346969,1679545347332
1679545347117,1679545347337
1679545347169,1679545347416
1679545346997,1679545347421
1679545347241,1679545347423
1679545347181,1679545347473
1679545346999,1679545347498
1679545347201,1679545347552
1679545347303,1679545347614
1679545347316,1679545347625
1679545347260,1679545347633
1679545347396,1679545347655
1679545347189,1679545347711
1679545347452,1679545347723
1679545347475,1679545347732
1679545347359,1679545347745
1679545347504,1679545347764
1679545347495,1679545347832
1679545347540,1679545347869
1679545347670,1679545347885
1679545347711,1679545347903
1679545347414,1679545347984
1679545347866,1679545348062
1679545347864,1679545348066
1679545347806,1679545348107
1679545347951,1679545348138
1679545347888,1679545348165
1679545347748,1679545348176
1679545348021,1679545348198
1679545347932,1679545348295
1679545348133,1679545348393
1679545348269,1679545348434
1679545348293,1679545348437
1679545348361,1679545348573
1679545348160,1679545348579
1679545348291,1679545348628
1679545348491,1679545348630
1679545348386,1679545348647
1679545348545,1679545348687
1679545348600,1679545348801
1679545348666,1679545348806
1679545348634,1679545348813
1679545348569,1679545348878
1679545348690,1679545348965
1679545348802,1679545349041
1679545348658,1679545349052
1679545348769,1679545349088
1679545348849,1679545349109
1679545349019,1679545349124
1679545348937,1679545349149
1679545348921,1679545349159
1679545348972,1679545349171
1679545348793,1679545349252
1679545349025,1679545349286
1679545349014,1679545349300
1679545349033,1679545349317
1679545348933,1679545349359
1679545348949,1679545349395
1679545349220,1679545349408
1679545349230,1679545349430
1679545349328,1679545349438
1679545349219,1679545349458
1679545349261,1679545349476
1679545349291,1679545349532
1679545349505,1679545349572
1679545349446,1679545349662
1679545349445,1679545349698
1679545349328,1679545349700
1679545349521,1679545349709
1679545349455,1679545349758
1679545349420,1679545349770
1679545349599,1679545349787
1679545349412,1679545349835
1679545349352,1679545349842
1679545349541,1679545349868
1679545349573,1679545349871
1679545349726,1679545349897
1679545349585,1679545349918
1679545349642,1679545349924
1679545349669,1679545349956
1679545349757,1679545350001
1679545349831,1679545350052
1679545349937,1679545350143
1679545349985,1679545350180
1679545349908,1679545350256
1679545349984,1679545350265
1679545349973,1679545350302
1679545349867,1679545350302
1679545350069,1679545350309
1679545349985,1679545350352
1679545350118,1679545350418
1679545350228,1679545350431
1679545350251,1679545350457
1679545350328,1679545350482
1679545350354,1679545350585
1679545350368,1679545350591
1679545350344,1679545350646
1679545350457,1679545350689
1679545350333,1679545350711
1679545350481,1679545350758
1679545350635,1679545350885
1679545350747,1679545350895
1679545350749,1679545350924
1679545350757,1679545350931
1679545350781,1679545351009
1679545350857,1679545351020
1679545351034,1679545351190
1679545351011,1679545351238
1679545351180,1679545351398
1679545351169,1679545351427
1679545351209,1679545351499
1679545351410,1679545351528
1679545351225,1679545351550
1679545351289,1679545351570
1679545351536,1679545351729
1679545351452,1679545351745
1679545351319,1679545351748
1679545351321,1679545351761
1679545351487,1679545351816
1679545351655,1679545351862
1679545351477,1679545351906
1679545351806,1679545351978
1679545351702,1679545352003
1679545351728,1679545352004
1679545351955,1679545352111
1679545351973,1679545352120
1679545351856,1679545352138
1679545351912,1679545352176
1679545352001,1679545352220
1679545351965,1679545352223
1679545351908,1679545352235
1679545351938,1679545352260
1679545352031,1679545352295
1679545352077,1679545352301
1679545352033,1679545352323
1679545351913,1679545352324
1679545351972,1679545352339
1679545352190,1679545352392
1679545351989,1679545352394
1679545352105,1679545352422
1679545352220,1679545352443
1679545352088,1679545352496
1679545352260,1679545352524
1679545352055,1679545352530
1679545352337,1679545352677
1679545352237,1679545352679
1679545352371,1679545352693
1679545352200,1679545352695
1679545352497,1679545352746
1679545352443,1679545352748
1679545352283,1679545352773
1679545352606,1679545352812
1679545352611,1679545352817
1679545352477,1679545352874
1679545352602,1679545352891
1679545352641,1679545352906
1679545352733,1679545352946
1679545352710,1679545352966
1679545352337,1679545352971
1679545352711,1679545352980
1679545352695,1679545352990
1679545352825,1679545353014
1679545352745,1679545353040
1679545352779,1679545353046
1679545352808,1679545353088
1679545352970,1679545353159
1679545353026,1679545353202
1679545352851,1679545353229
1679545352905,1679545353237
1679545353073,1679545353309
1679545353068,1679545353334
1679545353088,1679545353394
1679545353087,1679545353421
1679545353236,1679545353444
1679545353379,1679545353476
1679545353151,1679545353497
1679545353282,1679545353550
1679545353358,1679545353602
1679545353366,1679545353732
1679545353384,1679545353760
1679545353226,1679545353821
1679545353372,1679545353879
1679545353730,1679545353931
1679545353465,1679545353944
1679545353548,1679545353963
1679545353577,1679545353979
1679545353521,1679545353989
1679545353862,1679545354014
1679545353930,1679545354126
1679545353833,1679545354154
1679545353609,1679545354206
1679545353449,1679545354209
1679545353597,1679545354224
1679545354136,1679545354309
1679545354124,1679545354398
1679545354181,1679545354501
1679545354301,1679545354537
1679545354358,1679545354614
1679545354436,1679545354628
1679545354467,1679545354649
1679545354574,1679545354725
1679545354544,1679545354770
1679545354680,1679545354784
1679545354301,1679545354794
1679545354610,1679545354845
1679545354613,1679545354865
1679545354609,1679545354892
1679545354709,1679545354923
1679545354788,1679545354993
1679545354778,1679545355003
1679545354819,1679545355033
1679545354615,1679545355080
1679545354980,1679545355211
1679545355018,1679545355234
1679545355196,1679545355328
1679545355178,1679545355331
1679545355173,1679545355349
1679545355180,1679545355355
1679545355168,1679545355357
1679545355318,1679545355502
1679545355314,1679545355518
1679545355392,1679545355576
1679545355240,1679545355670
1679545355502,1679545355717
1679545355546,1679545355740
1679545355613,1679545355751
1679545355628,1679545355772
1679545355580,1679545355791
1679545355609,1679545355795
1679545355709,1679545355839
1679545355650,1679545355841
1679545355733,1679545355917
1679545355595,1679545355922
1679545355737,1679545356052
1679545355640,1679545356056
1679545355717,1679545356132
1679545355697,1679545356140
1679545355974,1679545356171
1679545355826,1679545356200
1679545356033,1679545356241
1679545355965,1679545356269
1679545356185,1679545356305
1679545356133,1679545356360
1679545356082,1679545356367
1679545355848,1679545356388
1679545356179,1679545356402
1679545356238,1679545356407
1679545356201,1679545356485
1679545356229,1679545356541
1679545356466,1679545356574
1679545356233,1679545356638
1679545356437,1679545356656
1679545356349,1679545356659
1679545356533,1679545356681
1679545356489,1679545356708
1679545356508,1679545356761
1679545356632,1679545356872
1679545356679,1679545356879
1679545356689,1679545356905
1679545356733,1679545356926
1679545356698,1679545356986
1679545356776,1679545356989
1679545356768,1679545356995
1679545356693,1679545357039
1679545356900,1679545357078
1679545356836,1679545357086
1679545356934,1679545357106
1679545356992,1679545357153
1679545356975,1679545357165
1679545356924,1679545357187
1679545357101,1679545357319
1679545356945,1679545357329
1679545357127,1679545357344
1679545357153,1679545357349
1679545357141,1679545357381
1679545357170,1679545357436
1679545357113,1679545357441
1679545357149,1679545357453
1679545357342,1679545357480
1679545357269,1679545357596
1679545357499,1679545357613
1679545357528,1679545357664
1679545357456,1679545357703
1679545357592,1679545357786
1679545357695,1679545357802
1679545357631,1679545357880
1679545357655,1679545357900
1679545357945,1679545358084
1679545357861,1679545358146
1679545357925,1679545358179
1679545358017,1679545358182
1679545357898,1679545358213
1679545358017,1679545358260
1679545358148,1679545358365
1679545358172,1679545358471
1679545358248,1679545358507
1679545358175,1679545358524
1679545358462,1679545358600
1679545358278,1679545358621
1679545358458,1679545358653
1679545358419,1679545358656
1679545358505,1679545358689
1679545358353,1679545358771
1679545358596,1679545358807
1679545358598,1679545358825
1679545358586,1679545358834
1679545358689,1679545358835
1679545358794,1679545358875
1679545358594,1679545358908
1679545358685,1679545358951
1679545358649,1679545358973
1679545358766,1679545358995
1679545358782,1679545359025
1679545358816,1679545359075
1679545358962,1679545359150
1679545359027,1679545359163
1679545358996,1679545359229
1679545359017,1679545359329
1679545359217,1679545359358
1679545359090,1679545359365
1679545359444,1679545359619
1679545359490,1679545359645
1679545359371,1679545359649
1679545359436,1679545359676
1679545359518,1679545359708
1679545359531,1679545359762
1679545359573,1679545359798
1679545359632,1679545359804
1679545359541,1679545359896
1679545359538,1679545359912
1679545359697,1679545359926
1679545359529,1679545359951
1679545359561,1679545359959
1679545359433,1679545359973
1679545359688,1679545360017
1679545359858,1679545360017
1679545359686,1679545360079
1679545359923,1679545360124
1679545359967,1679545360130
1679545359845,1679545360132
1679545359904,1679545360140
1679545359921,1679545360172
1679545359894,1679545360229
1679545359936,1679545360232
1679545360017,1679545360289
1679545360175,1679545360377
1679545360298,1679545360487
1679545360197,1679545360502
1679545360195,1679545360508
1679545360055,1679545360518
1679545360306,1679545360547
1679545360373,1679545360587
1679545360425,1679545360618
1679545360509,1679545360673
1679545360565,1679545360685
1679545360426,1679545360741
1679545360461,1679545360784
1679545360393,1679545360818
1679545360605,1679545360829
1679545360502,1679545360832
1679545360637,1679545360940
1679545360667,1679545360949
1679545360565,1679545360970
1679545360793,1679545360972
1679545360474,1679545360981
1679545360706,1679545360985
1679545360687,1679545361060
1679545360753,1679545361077
1679545360935,1679545361090
1679545360917,1679545361117
1679545360873,1679545361135
1679545360836,1679545361191
1679545360955,1679545361259
1679545361000,1679545361262
1679545360921,1679545361319
1679545361173,1679545361360
1679545360951,1679545361374
1679545361242,1679545361417
1679545361315,1679545361475
1679545361249,1679545361506
1679545361393,1679545361590
1679545361334,1679545361624
1679545361407,1679545361648
1679545361509,1679545361660
1679545361565,1679545361670
1679545361429,1679545361672
1679545361428,1679545361677
1679545361535,1679545361722
1679545361589,1679545361773
1679545361486,1679545361914
1679545361768,1679545361920
1679545361769,1679545362000
1679545361787,1679545362001
1679545361701,1679545362008
1679545361782,1679545362013
1679545361861,1679545362129
1679545361842,1679545362152
1679545361804,1679545362153
1679545361962,1679545362171
1679545362007,1679545362204
1679545362030,1679545362213
1679545362019,1679545362222
1679545361944,1679545362226
1679545362053,1679545362257
1679545362005,1679545362291
1679545362128,1679545362390
1679545362230,1679545362417
1679545362142,1679545362459
1679545362225,1679545362462
1679545362140,1679545362481
1679545362292,1679545362501
1679545362047,1679545362514
1679545362430,1679545362677
1679545362502,1679545362696
1679545362672,1679545362865
1679545362632,1679545362966
1679545362681,1679545362972
1679545362434,1679545362978
1679545362745,1679545363070
1679545362620,1679545363074
1679545362873,1679545363148
1679545362901,1679545363167
1679545362914,1679545363176
1679545362830,1679545363185
1679545362594,1679545363190
1679545362956,1679545363209
1679545362857,1679545363229
1679545363097,1679545363242
1679545363121,1679545363276
1679545363157,1679545363339
1679545363196,1679545363426
1679545363221,1679545363428
1679545363185,1679545363497
1679545363189,1679545363514
1679545363374,1679545363595
1679545363497,1679545363628
1679545363420,1679545363705
1679545363412,1679545363769
1679545363599,1679545363772
1679545363481,1679545363787
1679545363573,1679545363869
1679545363646,1679545363917
1679545363825,1679545363930
1679545363740,1679545363979
1679545363736,1679545364050
1679545363724,1679545364078
1679545363860,1679545364121
1679545363803,1679545364133
1679545363848,1679545364145
1679545363993,1679545364157
1679545363928,1679545364181
1679545363925,1679545364195
1679545363949,1679545364205
1679545364149,1679545364320
1679545364074,1679545364327
1679545364198,1679545364408
1679545364124,1679545364419
1679545364010,1679545364457
1679545364120,1679545364463
1679545364337,1679545364490
1679545364050,1679545364525
1679545364321,1679545364533
1679545364163,1679545364570
1679545364359,1679545364647
1679545364554,1679545364755
1679545364597,1679545364759
1679545364484,1679545364887
1679545364596,1679545364979
1679545364649,1679545365041
1679545364860,1679545365078
1679545364856,1679545365134
1679545364925,1679545365140
1679545364997,1679545365177
1679545364962,1679545365186
1679545365104,1679545365346
1679545365157,1679545365377
1679545365168,1679545365391
1679545365307,1679545365479
1679545365321,1679545365505
1679545365253,1679545365505
1679545365347,1679545365614
1679545365433,1679545365626
1679545365344,1679545365670
1679545365377,1679545365721
1679545365306,1679545365734
1679545365531,1679545365747
1679545365642,1679545365786
1679545365581,1679545365808
1679545365632,1679545365837
1679545365524,1679545365842
1679545365511,1679545365844
1679545365797,1679545365934
1679545365708,1679545365946
1679545365785,1679545365950
1679545365753,1679545365984
1679545365765,1679545366023
1679545365863,1679545366042
1679545365877,1679545366080
1679545365805,1679545366086
1679545365901,1679545366173
1679545365961,1679545366180
1679545365876,1679545366219
1679545365969,1679545366219
1679545366019,1679545366227
1679545365963,1679545366312
1679545366201,1679545366393
1679545365880,1679545366400
1679545366180,1679545366415
1679545366029,1679545366445
1679545366095,1679545366458
1679545366162,1679545366472
1679545366207,1679545366486
1679545366340,1679545366515
1679545366257,1679545366575
1679545366337,1679545366624
1679545366261,1679545366658
1679545366489,1679545366667
1679545366366,1679545366678
1679545366494,1679545366709
1679545366444,1679545366721
1679545366270,1679545366753
1679545366625,1679545366889
1679545366722,1679545366892
1679545366551,1679545366956
1679545366829,1679545366996
1679545366771,1679545367049
1679545366973,1679545367219
1679545366937,1679545367225
1679545367090,1679545367349
1679545367126,1679545367357
1679545367129,1679545367377
1679545367158,1679545367382
1679545367272,1679545367389
1679545367159,1679545367392
1679545367206,1679545367428
1679545367225,1679545367483
1679545367102,1679545367520
1679545367281,1679545367549
1679545367245,1679545367595
1679545367405,1679545367625
1679545367507,1679545367642
1679545367254,1679545367648
1679545367591,1679545367799
1679545367609,1679545367831
1679545367522,1679545367836
1679545367673,1679545367869
1679545367663,1679545367935
1679545367638,1679545368000
1679545367909,1679545368026
1679545367952,1679545368180
1679545367933,1679545368186
1679545367816,1679545368233
1679545368192,1679545368316
1679545368204,1679545368461
1679545368253,1679545368461
1679545368159,1679545368481
1679545368392,1679545368572
1679545368400,1679545368574
1679545368412,1679545368612
1679545368534,1679545368672
1679545368475,1679545368723
1679545368461,1679545368742
1679545368565,1679545368791
1679545368588,1679545368819
1679545368580,1679545368872
1679545368696,1679545368888
1679545368597,1679545368916
1679545368612,1679545368937
1679545368774,1679545368951
1679545368737,1679545368960
1679545368679,1679545368992
1679545368893,1679545368998
1679545368792,1679545369010
1679545368476,1679545369024
1679545368740,1679545369044
1679545368846,1679545369055
1679545368886,1679545369061
1679545368868,1679545369074
1679545368933,1679545369154
1679545368954,1679545369174
1679545369023,1679545369296
1679545369170,1679545369378
1679545369123,1679545369399
1679545369047,1679545369405
1679545369225,1679545369416
1679545369156,1679545369427
1679545369259,1679545369437
1679545369270,1679545369448
1679545369218,1679545369462
1679545369011,1679545369487
1679545369297,1679545369499
1679545369332,1679545369512
1679545369344,1679545369525
1679545369334,1679545369599
1679545369356,1679545369677
1679545369257,1679545369733
1679545369487,1679545369751
1679545369558,1679545369826
1679545369538,1679545369858
1679545369455,1679545369884
1679545369549,1679545369886
1679545369624,1679545369929
1679545369665,1679545369945
1679545369896,1679545370085
1679545369672,1679545370090
1679545369810,1679545370095
1679545369610,1679545370098
1679545369808,1679545370107
1679545369926,1679545370160
1679545369901,1679545370172
1679545369858,1679545370173
1679545369854,1679545370194
1679545369872,1679545370225
1679545370009,1679545370265
1679545369945,1679545370306
1679545370099,1679545370324
1679545370137,1679545370328
1679545369964,1679545370330
1679545370153,1679545370452
1679545370293,1679545370457
1679545370146,1679545370516
1679545370289,1679545370518
1679545370226,1679545370549
1679545370384,1679545370612
1679545370349,1679545370635
1679545370349,1679545370649
1679545370497,1679545370713
1679545370549,1679545370790
1679545370678,1679545370883
1679545370566,1679545370922
1679545370790,1679545370958
1679545370619,1679545370999
1679545370768,1679545371025
1679545370892,1679545371064
1679545370777,1679545371100
1679545370907,1679545371225
1679545371064,1679545371273
1679545371035,1679545371288
1679545371024,1679545371413
1679545371318,1679545371419
1679545371196,1679545371430
1679545371058,1679545371443
1679545371204,1679545371504
1679545371396,1679545371673
1679545371509,1679545371727
1679545371724,1679545371891
1679545371731,1679545371915
1679545371657,1679545371952
1679545371797,1679545371964
1679545371859,1679545372017
1679545371817,1679545372061
1679545371893,1679545372123
1679545371990,1679545372212
1679545371926,1679545372231
1679545371930,1679545372250
1679545372045,1679545372286
1679545372196,1679545372390
1679545372275,1679545372426
1679545372284,1679545372460
1679545372331,1679545372516
1679545372335,1679545372548
1679545372388,1679545372644
1679545372389,1679545372646
1679545372503,1679545372665
1679545372290,1679545372669
1679545372494,1679545372674
1679545372371,1679545372718
1679545372581,1679545372771
1679545372481,1679545372778
1679545372512,1679545372804
1679545372608,1679545372817
1679545372665,1679545372831
1679545372460,1679545372959
1679545372872,1679545372968
1679545372822,1679545372997
1679545372538,1679545373025
1679545372653,1679545373049
1679545372750,1679545373078
1679545372913,1679545373109
1679545372942,1679545373173
1679545372956,1679545373185
1679545372991,1679545373198
1679545373062,1679545373303
1679545372990,1679545373351
1679545373165,1679545373398
1679545373225,1679545373425
1679545373261,1679545373446
1679545373156,1679545373467
1679545373094,1679545373503
1679545373112,1679545373507
1679545373017,1679545373523
1679545373335,1679545373555
1679545373325,1679545373556
1679545373302,1679545373601
1679545373380,1679545373618
1679545373401,1679545373621
1679545373309,1679545373654
1679545373367,1679545373654
1679545373467,1679545373693
1679545373445,1679545373725
1679545373265,1679545373740
1679545373663,1679545373870
1679545373513,1679545373896
1679545373395,1679545373907
1679545373657,1679545373916
1679545373753,1679545373929
1679545373730,1679545373953
1679545373549,1679545374010
1679545373787,1679545374244
1679545374059,1679545374265
1679545374218,1679545374369
1679545374095,1679545374393
1679545374204,1679545374478
1679545374315,1679545374557
1679545374453,1679545374614
1679545374553,1679545374702
1679545374550,1679545374706
1679545374602,1679545374815
1679545374654,1679545374901
1679545374540,1679545374910
1679545374750,1679545374954
1679545374754,1679545374971
1679545374692,1679545374976
1679545374689,1679545375000
1679545374838,1679545375008
1679545374865,1679545375044
1679545374705,1679545375077
1679545374868,1679545375125
1679545375017,1679545375179
1679545374925,1679545375228
1679545375064,1679545375248
1679545375037,1679545375252
1679545375121,1679545375340
1679545375240,1679545375409
1679545375261,1679545375477
1679545375121,1679545375497
1679545375261,1679545375505
1679545375400,1679545375612
1679545375419,1679545375632
1679545375396,1679545375704
1679545375514,1679545375708
1679545375589,1679545375764
1679545375657,1679545375834
1679545375627,1679545375867
1679545375614,1679545375893
1679545375817,1679545375941
1679545375597,1679545375967
1679545375653,1679545375995
1679545375774,1679545376015
1679545375873,1679545376057
1679545375768,1679545376106
1679545375846,1679545376118
1679545375781,1679545376120
1679545376055,1679545376156
1679545375920,1679545376219
1679545375843,1679545376265
1679545375933,1679545376274
1679545375937,1679545376298
1679545375980,1679545376316
1679545376058,1679545376357
1679545376163,1679545376386
1679545376181,1679545376528
1679545376392,1679545376568
1679545376377,1679545376620
1679545376222,1679545376660
1679545376381,1679545376682
1679545376608,1679545376802
1679545376708,1679545376928
1679545376517,1679545376961
1679545376745,1679545376986
1679545376739,1679545376992
1679545376737,1679545377006
1679545376833,1679545377007
1679545376657,1679545377047
1679545376878,1679545377064
1679545376791,1679545377076
1679545376929,1679545377129
1679545376957,1679545377182
1679545376833,1679545377191
1679545377049,1679545377194
1679545377062,1679545377231
1679545377192,1679545377315
1679545377209,1679545377334
1679545377263,1679545377468
1679545377276,1679545377501
1679545377263,1679545377551
1679545377421,1679545377642
1679545377467,1679545377720
1679545377391,1679545377790
1679545377565,1679545377845
1679545377641,1679545377847
1679545377701,1679545377892
1679545377532,1679545377914
1679545377665,1679545377925
1679545377552,1679545377993
1679545377805,1679545378001
1679545377669,1679545378040
1679545377368,1679545378080
1679545377487,1679545378100
1679545377900,1679545378157
1679545377976,1679545378172
1679545377609,1679545378224
1679545377960,1679545378226
1679545378106,1679545378266
1679545377869,1679545378280
1679545378141,1679545378342
1679545378184,1679545378397
1679545378458,1679545378591
1679545378383,1679545378619
1679545378374,1679545378665
1679545378545,1679545378792
1679545378580,1679545378818
1679545378611,1679545378848
1679545378775,1679545379032
1679545378668,1679545379087
1679545378877,1679545379095
1679545378904,1679545379131
1679545378982,1679545379159
1679545378929,1679545379168
1679545379097,1679545379270
1679545379133,1679545379323
1679545379137,1679545379347
1679545379085,1679545379400
1679545379201,1679545379413
1679545379175,1679545379423
1679545379190,1679545379498
1679545379357,1679545379537
1679545379306,1679545379565
1679545379469,1679545379610
1679545379358,1679545379686
1679545379380,1679545379691
1679545379433,1679545379753
1679545379465,1679545379767
1679545379477,1679545379807
1679545379705,1679545379879
1679545379746,1679545379935
1679545379657,1679545379961
1679545379837,1679545379983
1679545379731,1679545379985
1679545379721,1679545380108
1679545379911,1679545380134
1679545379773,1679545380152
1679545380029,1679545380159
1679545379945,1679545380248
1679545380078,1679545380274
1679545379996,1679545380280
1679545379821,1679545380301
1679545380093,1679545380314
1679545380161,1679545380333
1679545380189,1679545380345
1679545380169,1679545380391
1679545380025,1679545380402
1679545380094,1679545380418
1679545380285,1679545380440
1679545380254,1679545380443
1679545380417,1679545380597
1679545380365,1679545380634
1679545380388,1679545380655
1679545380481,1679545380658
1679545380538,1679545380723
1679545380581,1679545380792
1679545380620,1679545380809
1679545380592,1679545380824
1679545380585,1679545380861
1679545380473,1679545380901
1679545380593,1679545380972
1679545380784,1679545381021
1679545380657,1679545381026
1679545380756,1679545381033
1679545380603,1679545381090
1679545380945,1679545381139
1679545380849,1679545381141
1679545381052,1679545381222
1679545381070,1679545381233
1679545380929,1679545381236
1679545381073,1679545381253
1679545380861,1679545381268
1679545381038,1679545381308
1679545381069,1679545381377
1679545381137,1679545381423
1679545381211,1679545381431
1679545381223,1679545381449
1679545381349,1679545381523
1679545381341,1679545381591
1679545381394,1679545381606
1679545381218,1679545381607
1679545381372,1679545381613
1679545381327,1679545381617
1679545381442,1679545381660
1679545381280,1679545381680
1679545381345,1679545381696
1679545381559,1679545381761
1679545381549,1679545381838
1679545381615,1679545381851
1679545381658,1679545381851
1679545381726,1679545381865
1679545381593,1679545381874
1679545381758,1679545381939
1679545381645,1679545381959
1679545381730,1679545382071
1679545381894,1679545382138
1679545381832,1679545382185
1679545382022,1679545382203
1679545382095,1679545382275
1679545382131,1679545382303
1679545382112,1679545382318
1679545382089,1679545382362
1679545382169,1679545382377
1679545382149,1679545382388
1679545382199,1679545382414
1679545382328,1679545382539
1679545382300,1679545382559
1679545382355,1679545382584
1679545382482,1679545382605
1679545382384,1679545382677
1679545382453,1679545382699
1679545382564,1679545382728
1679545382553,1679545382737
1679545382453,1679545382768
1679545382569,1679545382781
1679545382527,1679545382786
1679545382601,1679545382789
1679545382811,1679545382948
1679545382637,1679545382983
1679545382787,1679545383071
1679545382826,1679545383176
1679545382665,1679545383188
1679545383073,1679545383219
1679545382901,1679545383225
1679545383048,1679545383265
1679545382825,1679545383269
1679545383075,1679545383319
1679545383293,1679545383460
1679545383332,1679545383462
1679545383148,1679545383497
1679545383338,1679545383503
1679545383283,1679545383530
1679545383305,1679545383531
1679545383427,1679545383626
1679545383550,1679545383738
1679545383560,1679545383745
1679545383442,1679545383832
1679545383617,1679545383854
1679545383722,1679545383961
1679545383797,1679545383975
1679545383744,1679545383988
1679545383878,1679545383998
1679545383805,1679545383999
1679545383494,1679545384048
1679545383805,1679545384084
1679545383690,1679545384105
1679545383831,1679545384135
1679545383917,1679545384157
1679545383879,1679545384166
1679545383961,1679545384200
1679545383952,1679545384234
1679545383891,1679545384270
1679545383983,1679545384286
1679545384191,1679545384340
1679545384141,1679545384342
1679545384090,1679545384344
1679545384160,1679545384350
1679545384293,1679545384509
1679545384276,1679545384566
1679545384261,1679545384581
1679545384421,1679545384623
1679545384361,1679545384678
1679545384296,1679545384686
1679545384323,1679545384686
1679545384558,1679545384694
1679545384244,1679545384717
1679545384574,1679545384719
1679545384530,1679545384769
1679545384427,1679545384820
1679545384621,1679545384826
1679545384685,1679545384852
1679545384645,1679545384863
1679545384754,1679545384887
1679545384801,1679545385003
1679545384833,1679545385006
1679545384897,1679545385182
1679545384997,1679545385190
1679545384956,1679545385201
1679545384908,1679545385301
1679545385017,1679545385310
1679545385006,1679545385315
1679545384988,1679545385326
1679545384992,1679545385369
1679545384993,1679545385389
1679545385024,1679545385424
1679545385263,1679545385426
1679545385214,1679545385453
1679545385116,1679545385498
1679545385081,1679545385511
1679545384829,1679545385517
1679545385093,1679545385554
1679545385226,1679545385568
1679545385336,1679545385570
1679545385051,1679545385585
1679545385228,1679545385607
1679545385299,1679545385644
1679545385396,1679545385687
1679545385344,1679545385806
1679545385567,1679545385807
1679545385500,1679545385863
1679545385606,1679545385869
1679545385493,1679545385911
1679545385656,1679545385934
1679545385709,1679545385941
1679545385561,1679545385942
1679545385805,1679545385978
1679545385815,1679545386013
1679545385815,1679545386023
1679545385727,1679545386024
1679545385658,1679545386057
1679545385931,1679545386093
1679545385773,1679545386101
1679545385721,1679545386111
1679545385873,1679545386182
1679545386049,1679545386244
1679545385926,1679545386302
1679545385961,1679545386305
1679545386213,1679545386347
1679545386111,1679545386350
1679545386039,1679545386431
1679545386214,1679545386446
1679545386307,1679545386547
1679545386458,1679545386642
1679545386411,1679545386725
1679545386468,1679545386735
1679545386452,1679545386784
1679545386597,1679545386806
1679545386605,1679545386909
1679545386681,1679545386911
1679545386580,1679545386945
1679545386744,1679545386948
1679545386619,1679545386952
1679545386804,1679545386994
1679545386730,1679545387053
1679545386880,1679545387074
1679545386936,1679545387147
1679545386865,1679545387149
1679545386781,1679545387160
1679545386974,1679545387210
1679545386905,1679545387212
1679545386914,1679545387222
1679545387024,1679545387248
1679545387072,1679545387249
1679545387093,1679545387357
1679545387116,1679545387365
1679545387181,1679545387368
1679545387227,1679545387414
1679545387306,1679545387432
1679545387270,1679545387443
1679545387253,1679545387524
1679545387560,1679545387646
1679545387424,1679545387665
1679545387369,1679545387680
1679545387519,1679545387699
1679545387594,1679545387788
1679545387541,1679545387804
1679545387579,1679545387862
1679545387416,1679545387881
1679545387698,1679545387894
1679545387557,1679545387939
1679545387740,1679545387988
1679545387768,1679545387994
1679545387678,1679545388009
1679545387837,1679545388079
1679545387854,1679545388117
1679545387797,1679545388134
1679545387915,1679545388178
1679545387895,1679545388212
1679545388086,1679545388265
1679545388137,1679545388281
1679545388250,1679545388382
1679545388211,1679545388384
1679545388253,1679545388468
1679545388246,1679545388481
1679545388256,1679545388562
1679545388418,1679545388610
1679545388265,1679545388678
1679545388311,1679545388717
1679545388677,1679545388843
1679545388613,1679545388855
1679545388766,1679545388900
1679545388567,1679545388930
1679545388730,1679545388979
1679545388792,1679545388983
1679545388807,1679545388984
1679545388607,1679545389053
1679545388818,1679545389063
1679545388898,1679545389067
1679545388800,1679545389069
1679545388833,1679545389072
1679545388978,1679545389162
1679545388776,1679545389251
1679545389098,1679545389273
1679545389097,1679545389289
1679545389139,1679545389357
1679545389078,1679545389380
1679545389340,1679545389492
1679545389260,1679545389495
1679545389202,1679545389530
1679545389449,1679545389690
1679545389285,1679545389697
1679545389597,1679545389754
1679545389478,1679545389805
1679545389623,1679545389814
1679545389684,1679545389829
1679545389752,1679545389962
1679545389655,1679545389981
1679545389695,1679545390002
1679545389788,1679545390009
1679545389884,1679545390036
1679545389717,1679545390139
1679545390019,1679545390179
1679545389936,1679545390195
1679545389843,1679545390201
1679545389845,1679545390215
1679545389896,1679545390216
1679545390081,1679545390297
1679545390101,1679545390327
1679545390122,1679545390335
1679545390032,1679545390371
1679545390175,1679545390399
1679545390209,1679545390507
1679545390105,1679545390521
1679545390256,1679545390534
1679545390421,1679545390540
1679545390270,1679545390593
1679545390304,1679545390609
1679545390365,1679545390612
1679545390512,1679545390677
1679545390596,1679545390763
1679545390518,1679545390791
1679545390644,1679545390805
1679545390691,1679545390811
1679545390661,1679545390872
1679545390690,1679545390874
1679545390508,1679545390882
1679545390791,1679545390989
1679545390744,1679545390996
1679545390797,1679545391024
1679545390807,1679545391034
1679545390805,1679545391036
1679545390857,1679545391150
1679545390851,1679545391173
1679545390839,1679545391181
1679545390929,1679545391200
1679545390990,1679545391225
1679545390972,1679545391246
1679545390927,1679545391262
1679545390873,1679545391281
1679545391062,1679545391305
1679545391281,1679545391559
1679545391408,1679545391613
1679545391437,1679545391668
1679545391289,1679545391718
1679545391522,1679545391731
1679545391486,1679545391778
1679545391659,1679545391814
1679545391676,1679545391820
1679545391718,1679545391882
1679545391799,1679545391929
1679545391753,1679545391977
1679545391671,1679545392025
1679545391786,1679545392060
1679545391923,1679545392064
1679545391910,1679545392107
1679545391866,1679545392133
1679545392017,1679545392175
1679545392085,1679545392268
1679545392048,1679545392292
1679545392029,1679545392325
1679545392114,1679545392331
1679545392061,1679545392337
1679545392141,1679545392381
1679545392003,1679545392396
1679545392143,1679545392513
1679545392282,1679545392543
1679545392269,1679545392624
1679545392159,1679545392642
1679545392429,1679545392658
1679545392498,1679545392660
1679545392361,1679545392672
1679545392416,1679545392680
1679545392343,1679545392683
1679545392267,1679545392704
1679545392358,1679545392742
1679545392530,1679545392743
1679545392461,1679545392751
1679545392275,1679545392803
1679545392635,1679545392809
1679545392521,1679545392822
1679545392660,1679545392833
1679545392578,1679545392934
1679545392688,1679545392940
1679545392593,1679545392973
1679545392731,1679545392998
1679545392862,1679545393007
1679545392779,1679545393068
1679545392795,1679545393076
1679545392970,1679545393132
1679545392895,1679545393148
1679545392794,1679545393174
1679545393007,1679545393179
1679545392840,1679545393205
1679545393040,1679545393213
1679545392569,1679545393229
1679545393061,1679545393245
1679545393157,1679545393288
1679545393040,1679545393314
1679545393133,1679545393345
1679545393174,1679545393353
1679545393120,1679545393365
1679545393257,1679545393427
1679545393133,1679545393452
1679545393253,1679545393522
1679545393326,1679545393566
1679545393348,1679545393622
1679545393389,1679545393687
1679545393418,1679545393692
1679545393544,1679545393706
1679545393324,1679545393721
1679545393537,1679545393752
1679545393293,1679545393806
1679545393592,1679545393813
1679545393594,1679545393988
1679545393860,1679545394003
1679545393873,1679545394059
1679545393816,1679545394077
1679545393836,1679545394100
1679545393903,1679545394104
1679545393922,1679545394110
1679545393862,1679545394192
1679545394112,1679545394278
1679545394062,1679545394297
1679545393980,1679545394313
1679545394093,1679545394341
1679545394125,1679545394350
1679545394035,1679545394430
1679545394054,1679545394444
1679545394323,1679545394475
1679545394258,1679545394528
1679545394358,1679545394547
1679545394228,1679545394594
1679545394462,1679545394615
1679545394449,1679545394630
1679545394371,1679545394634
1679545394130,1679545394667
1679545394256,1679545394680
1679545394547,1679545394810
1679545394595,1679545394832
1679545394606,1679545394845
1679545394615,1679545394873
1679545394725,1679545394888
1679545394702,1679545394977
1679545394566,1679545395022
1679545394882,1679545395022
1679545394733,1679545395026
1679545394897,1679545395064
1679545394885,1679545395085
1679545394650,1679545395116
1679545394757,1679545395149
1679545394997,1679545395239
1679545395020,1679545395244
1679545395056,1679545395291
1679545395109,1679545395301
1679545395296,1679545395433
1679545395288,1679545395472
1679545395342,1679545395520
1679545395289,1679545395549
1679545395532,1679545395761
1679545395577,1679545395769
1679545395606,1679545395807
1679545395743,1679545395899
1679545395684,1679545395945
1679545395615,1679545395959
1679545395927,1679545396154
1679545395980,1679545396207
1679545395892,1679545396240
1679545395949,1679545396279
1679545396019,1679545396298
1679545396020,1679545396318
1679545396152,1679545396337
1679545396185,1679545396338
1679545396077,1679545396400
1679545396333,1679545396471
1679545396346,1679545396481
1679545396353,1679545396533
1679545396304,1679545396549
1679545396262,1679545396582
1679545396389,1679545396590
1679545396407,1679545396635
1679545396465,1679545396645
1679545396449,1679545396763
1679545396477,1679545396765
1679545396525,1679545396767
1679545396603,1679545396792
1679545396636,1679545396873
1679545396619,1679545396884
1679545396563,1679545396907
1679545396567,1679545396922
1679545396517,1679545396938
1679545396662,1679545396957
1679545396576,1679545396977
1679545396546,1679545397003
1679545396650,1679545397057
1679545396721,1679545397067
1679545396849,1679545397074
1679545396866,1679545397121
1679545396968,1679545397173
1679545397077,1679545397236
1679545396986,1679545397279
1679545397057,1679545397348
1679545397090,1679545397372
1679545397211,1679545397432
1679545397106,1679545397432
1679545397249,1679545397466
1679545397220,1679545397471
1679545397261,1679545397539
1679545397259,1679545397602
1679545397289,1679545397602
1679545397393,1679545397642
1679545397416,1679545397645
1679545397358,1679545397746
1679545397470,1679545397806
1679545397690,1679545397832
1679545397590,1679545397919
1679545397784,1679545397928
1679545397720,1679545397973
1679545397769,1679545397973
1679545397447,1679545397985
1679545397949,1679545398066
1679545397854,1679545398115
1679545397894,1679545398177
1679545397941,1679545398203
1679545397986,1679545398210
1679545398025,1679545398216
1679545398222,1679545398424
1679545397974,1679545398452
1679545398321,1679545398494
1679545398215,1679545398501
1679545398288,1679545398512
1679545398283,1679545398513
1679545398342,1679545398534
1679545398234,1679545398562
1679545398152,1679545398578
1679545398449,1679545398653
1679545398544,1679545398792
1679545398557,1679545398797
1679545398605,1679545398860
1679545398442,1679545398864
1679545398505,1679545398876
1679545398635,1679545398890
1679545398537,1679545398900
1679545398628,1679545398919
1679545398681,1679545398954
1679545398697,1679545398956
1679545398721,1679545399001
1679545398829,1679545399047
1679545398909,1679545399084
1679545398894,1679545399116
1679545398901,1679545399132
1679545398964,1679545399238
1679545398847,1679545399266
1679545399099,1679545399290
1679545398871,1679545399318
1679545399160,1679545399338
1679545399165,1679545399372
1679545399185,1679545399408
1679545399130,1679545399448
1679545399213,1679545399453
1679545399225,1679545399497
1679545399228,1679545399530
1679545399182,1679545399549
1679545399342,1679545399590
1679545399325,1679545399595
1679545399354,1679545399619
1679545399421,1679545399621
1679545399252,1679545399627
1679545399621,1679545399748
1679545399644,1679545399784
1679545399630,1679545399855
1679545399712,1679545399900
1679545399477,1679545399949
1679545399737,1679545400007
1679545399808,1679545400027
1679545399789,1679545400052
1679545399924,1679545400099
1679545399974,1679545400175
1679545400010,1679545400183
1679545399706,1679545400196
1679545399918,1679545400207
1679545400055,1679545400283
1679545400108,1679545400364
1679545400284,1679545400454
1679545400284,1679545400470
1679545400262,1679545400494
1679545400335,1679545400564
1679545400249,1679545400569
1679545400380,1679545400616
1679545400353,1679545400707
1679545400433,1679545400746
1679545400367,1679545400747
1679545400553,1679545400811
1679545400529,1679545400817
1679545400614,1679545400840
1679545400519,1679545400933
1679545400795,1679545400990
1679545400765,1679545400990
1679545400767,1679545401033
1679545400797,1679545401051
1679545400770,1679545401088
1679545400657,1679545401097
1679545400948,1679545401169
1679545400985,1679545401198
1679545400921,1679545401198
1679545401054,1679545401344
1679545400983,1679545401396
1679545401237,1679545401446
1679545401311,1679545401484
1679545401339,1679545401598
1679545401349,1679545401612
1679545401212,1679545401619
1679545401248,1679545401623
1679545401468,1679545401630
1679545401296,1679545401659
1679545401241,1679545401674
1679545401434,1679545401704
1679545401572,1679545401721
1679545401528,1679545401791
1679545401589,1679545401813
1679545401612,1679545401885
1679545401727,1679545401964
1679545401805,1679545401971
1679545401778,1679545402001
1679545401828,1679545402078
1679545401890,1679545402082
1679545401896,1679545402099
1679545401760,1679545402114
1679545401942,1679545402199
1679545401795,1679545402261
1679545401785,1679545402276
1679545401793,1679545402280
1679545402168,1679545402336
1679545402164,1679545402360
1679545402244,1679545402393
1679545401932,1679545402434
1679545402246,1679545402488
1679545402330,1679545402556
1679545402374,1679545402584
1679545402328,1679545402615
1679545402401,1679545402659
1679545402431,1679545402665
1679545402276,1679545402755
1679545402461,1679545402782
1679545402490,1679545402806
1679545402233,1679545402807
1679545402473,1679545402821
1679545402666,1679545402825
1679545402572,1679545402841
1679545402625,1679545402849
1679545402456,1679545402892
1679545402696,1679545402919
1679545402687,1679545403021
1679545402774,1679545403022
1679545402822,1679545403089
1679545402793,1679545403107
1679545402922,1679545403146
1679545402932,1679545403153
1679545402976,1679545403156
1679545403046,1679545403191
1679545402942,1679545403213
1679545403044,1679545403351
1679545403181,1679545403373
1679545403225,1679545403401
1679545403268,1679545403481
1679545403244,1679545403492
1679545403335,1679545403564
1679545402950,1679545403571
1679545403427,1679545403607
1679545403277,1679545403619
1679545403438,1679545403625
1679545403517,1679545403672
1679545403417,1679545403684
1679545403472,1679545403723
1679545403499,1679545403766
1679545403448,1679545403828
1679545403537,1679545403851
1679545403623,1679545403856
1679545403710,1679545403874
1679545403696,1679545403959
1679545403778,1679545404029
1679545403948,1679545404133
1679545403941,1679545404170
1679545404037,1679545404185
1679545403942,1679545404237
1679545404029,1679545404267
1679545404029,1679545404300
1679545404029,1679545404323
1679545403889,1679545404324
1679545404214,1679545404349
1679545404097,1679545404355
1679545404077,1679545404369
1679545404074,1679545404398
1679545404265,1679545404446
1679545404273,1679545404498
1679545404284,1679545404562
1679545404400,1679545404668
1679545404525,1679545404683
1679545404581,1679545404729
1679545404369,1679545404734
1679545404413,1679545404821
1679545404555,1679545404835
1679545404615,1679545404852
1679545404641,1679545404853
1679545404518,1679545404874
1679545404658,1679545404913
1679545404765,1679545404924
1679545404687,1679545404969
1679545404821,1679545405022
1679545404713,1679545405060
1679545404795,1679545405068
1679545404874,1679545405258
1679545404959,1679545405273
1679545405117,1679545405315
1679545405092,1679545405410
1679545405111,1679545405438
1679545405279,1679545405501
1679545405184,1679545405567
1679545405365,1679545405591
1679545405306,1679545405596
1679545405427,1679545405626
1679545405410,1679545405642
1679545405356,1679545405653
1679545405410,1679545405669
1679545405491,1679545405713
1679545405459,1679545405741
1679545405411,1679545405755
1679545405260,1679545405756
1679545405648,1679545405779
1679545405646,1679545405817
1679545405702,1679545405873
1679545405716,1679545405874
1679545405737,1679545405950
1679545405675,1679545405976
1679545405836,1679545405991
1679545405839,1679545406039
1679545405810,1679545406063
1679545405769,1679545406077
1679545405861,1679545406148
1679545405953,1679545406156
1679545405972,1679545406157
1679545405921,1679545406162
1679545406004,1679545406164
1679545406004,1679545406194
1679545406061,1679545406252
1679545405751,1679545406279
1679545406130,1679545406381
1679545406208,1679545406450
1679545406187,1679545406454
1679545406269,1679545406464
1679545406377,1679545406578
1679545406168,1679545406609
1679545406532,1679545406709
1679545406625,1679545406820
1679545406623,1679545406869
1679545406754,1679545406880
1679545406757,1679545406936
1679545406537,1679545406940
1679545406717,1679545406953
1679545406816,1679545406962
1679545406812,1679545407003
1679545406589,1679545407033
1679545406643,1679545407082
1679545406901,1679545407090
1679545406869,1679545407153
1679545406861,1679545407165
1679545406989,1679545407170
1679545406944,1679545407185
1679545406985,1679545407191
1679545407005,1679545407199
1679545406969,1679545407205
1679545407057,1679545407213
1679545407043,1679545407286
1679545406911,1679545407301
1679545407077,1679545407313
1679545407049,1679545407344
1679545407218,1679545407397
1679545407221,1679545407451
1679545407061,1679545407460
1679545407121,1679545407484
1679545407259,1679545407545
1679545407300,1679545407567
1679545407441,1679545407677
1679545407471,1679545407753
1679545407759,1679545407953
1679545407852,1679545407984
1679545407809,1679545407991
1679545407861,1679545408047
1679545407546,1679545408048
1679545407894,1679545408193
1679545408153,1679545408265
1679545408123,1679545408286
1679545408195,1679545408359
1679545408193,1679545408397
1679545408393,1679545408535
1679545408260,1679545408546
1679545408259,1679545408548
1679545408338,1679545408563
1679545408323,1679545408568
1679545408341,1679545408666
1679545408396,1679545408673
1679545408387,1679545408694
1679545408429,1679545408697
1679545408497,1679545408729
1679545408589,1679545408739
1679545408604,1679545408828
1679545408545,1679545408876
1679545408709,1679545408901
1679545408750,1679545408911
1679545408811,1679545408953
1679545408908,1679545409036
1679545408437,1679545409060
1679545408686,1679545409114
1679545408866,1679545409130
1679545408861,1679545409137
1679545408929,1679545409175
1679545409106,1679545409194
1679545409051,1679545409292
1679545408772,1679545409324
1679545409167,1679545409342
1679545409189,1679545409358
1679545409029,1679545409403
1679545409130,1679545409417
1679545409104,1679545409431
1679545409169,1679545409443
1679545409282,1679545409489
1679545409301,1679545409504
1679545409252,1679545409527
1679545409333,1679545409541
1679545409353,1679545409545
1679545409357,1679545409572
1679545409473,1679545409630
1679545409341,1679545409698
1679545409309,1679545409720
1679545409357,1679545409727
1679545409553,1679545409748
1679545409621,1679545409765
1679545409612,1679545409770
1679545409601,1679545409816
1679545409647,1679545409891
1679545409701,1679545409903
1679545409785,1679545409974
1679545409818,1679545410001
1679545409840,1679545410002
1679545409883,1679545410148
1679545409986,1679545410150
1679545409933,1679545410173
1679545410098,1679545410240
1679545410101,1679545410313
1679545410273,1679545410521
1679545410289,1679545410562
1679545410321,1679545410622
1679545410479,1679545410646
1679545410557,1679545410764
1679545410578,1679545410801
1679545410684,1679545410816
1679545410551,1679545410820
1679545410549,1679545410835
1679545410709,1679545410870
1679545410650,1679545410888
1679545410745,1679545410918
1679545410733,1679545411026
1679545410780,1679545411051
1679545410860,1679545411067
1679545410757,1679545411075
1679545410717,1679545411090
1679545410859,1679545411156
1679545410878,1679545411201
1679545411009,1679545411252
1679545411025,1679545411254
1679545410913,1679545411294
1679545411006,1679545411300
1679545411057,1679545411326
1679545410961,1679545411339
1679545411001,1679545411387
1679545411137,1679545411389
1679545410989,1679545411406
1679545411077,1679545411456
1679545411250,1679545411487
1679545410945,1679545411511
1679545411272,1679545411516
1679545411283,1679545411521
1679545411276,1679545411588
1679545411453,1679545411644
1679545411373,1679545411666
1679545411413,1679545411699
1679545411354,1679545411707
1679545411671,1679545411841
1679545411582,1679545411901
1679545411677,1679545411904
1679545411640,1679545411941
1679545411787,1679545411954
1679545411749,1679545411981
1679545411670,1679545412031
1679545411834,1679545412085
1679545411833,1679545412157
1679545411977,1679545412159
1679545411938,1679545412189
1679545411952,1679545412202
1679545412018,1679545412252
1679545412012,1679545412260
1679545412029,1679545412275
1679545412304,1679545412484
1679545412479,1679545412635
1679545412516,1679545412665
1679545412398,1679545412668
1679545412423,1679545412690
1679545412566,1679545412742
1679545412629,1679545412828
1679545412651,1679545412828
1679545412823,1679545412981
1679545412684,1679545412985
1679545412869,1679545413034
1679545412783,1679545413040
1679545412738,1679545413087
1679545412812,1679545413098
1679545412924,1679545413146
1679545412951,1679545413165
1679545412944,1679545413171
1679545412910,1679545413214
1679545413103,1679545413269
1679545413198,1679545413399
1679545413117,1679545413469
1679545413044,1679545413545
1679545413100,1679545413549
1679545413469,1679545413595
1679545413286,1679545413597
1679545413421,1679545413685
1679545413521,1679545413723
1679545413596,1679545413823
1679545413737,1679545413926
1679545413761,1679545413950
1679545413631,1679545413959
1679545413699,1679545413976
1679545413708,1679545414050
1679545413936,1679545414095
1679545413885,1679545414164
1679545413786,1679545414174
1679545414061,1679545414237
1679545413949,1679545414241
1679545414161,1679545414285
1679545414037,1679545414298
1679545413719,1679545414317
1679545413849,1679545414336
1679545414241,1679545414342
1679545413982,1679545414363
1679545414089,1679545414453
1679545414387,1679545414607
1679545414357,1679545414613
1679545414351,1679545414617
1679545414397,1679545414629
1679545414486,1679545414703
1679545414555,1679545414720
1679545414504,1679545414754
1679545414513,1679545414775
1679545414569,1679545414797
1679545414565,1679545414797
1679545414614,1679545414801
1679545414636,1679545414839
1679545414533,1679545414859
1679545414512,1679545414859
1679545414641,1679545414874
1679545414605,1679545414891
1679545414702,1679545414942
1679545414705,1679545414972
1679545414816,1679545414973
1679545414827,1679545415043
1679545414882,1679545415050
1679545414855,1679545415084
1679545414787,1679545415087
1679545414843,1679545415152
1679545415018,1679545415236
1679545415060,1679545415352
1679545415222,1679545415427
1679545415209,1679545415470
1679545415301,1679545415482
1679545415322,1679545415484
1679545415177,1679545415502
1679545415147,1679545415589
1679545415488,1679545415653
1679545415495,1679545415693
1679545415403,1679545415695
1679545415369,1679545415699
1679545415491,1679545415800
1679545415233,1679545415833
1679545415670,1679545415846
1679545415581,1679545415897
1679545415568,1679545415903
1679545415826,1679545415997
1679545415759,1679545416015
1679545415838,1679545416055
1679545415921,1679545416101
1679545415948,1679545416155
1679545416013,1679545416163
1679545415827,1679545416187
1679545415855,1679545416224
1679545415933,1679545416231
1679545415852,1679545416316
1679545416114,1679545416334
1679545416124,1679545416352
1679545416320,1679545416450
1679545416303,1679545416581
1679545416359,1679545416630
1679545416378,1679545416645
1679545416530,1679545416654
1679545416440,1679545416710
1679545416466,1679545416753
1679545416373,1679545416784
1679545416432,1679545416814
1679545416645,1679545416848
1679545416551,1679545416937
1679545416894,1679545417031
1679545416805,1679545417032
1679545416877,1679545417101
1679545417039,1679545417226
1679545417050,1679545417282
1679545417145,1679545417370
1679545417001,1679545417408
1679545417339,1679545417491
1679545417261,1679545417514
1679545417334,1679545417535
1679545417085,1679545417538
1679545417224,1679545417559
1679545417417,1679545417572
1679545417350,1679545417615
1679545417533,1679545417660
1679545417513,1679545417682
1679545417446,1679545417821
1679545417569,1679545417874
1679545417661,1679545417918
1679545417750,1679545417919
1679545417709,1679545417920
1679545417710,1679545417925
1679545417766,1679545417951
1679545417756,1679545417973
1679545417785,1679545418044
1679545417905,1679545418082
1679545417859,1679545418087
1679545417959,1679545418157
1679545417986,1679545418166
1679545417997,1679545418193
1679545417845,1679545418200
1679545417998,1679545418246
1679545418033,1679545418285
1679545418037,1679545418343
1679545417987,1679545418369
1679545418186,1679545418369
1679545417969,1679545418378
1679545417812,1679545418391
1679545418208,1679545418413
1679545418421,1679545418550
1679545418296,1679545418561
1679545418341,1679545418562
1679545418197,1679545418568
1679545418513,1679545418652
1679545418441,1679545418725
1679545418365,1679545418763
1679545418612,1679545418797
1679545418668,1679545418825
1679545418543,1679545418838
1679545418645,1679545418844
1679545418713,1679545418910
1679545418718,1679545418981
1679545418805,1679545419056
1679545418797,1679545419065
1679545418995,1679545419181
1679545418952,1679545419223
1679545418878,1679545419260
1679545419013,1679545419273
1679545419071,1679545419399
1679545419059,1679545419416
1679545419152,1679545419424
1679545419200,1679545419431
1679545419169,1679545419454
1679545419410,1679545419535
1679545419319,1679545419540
1679545419329,1679545419565
1679545419298,1679545419687
1679545419573,1679545419697
1679545419621,1679545419745
1679545419546,1679545419745
1679545419654,1679545419882
1679545419645,1679545419895
1679545419552,1679545419934
1679545419654,1679545419942
1679545419916,1679545420071
1679545419983,1679545420099
1679545419918,1679545420113
1679545419815,1679545420125
1679545419993,1679545420136
1679545419873,1679545420162
1679545420084,1679545420191
1679545420044,1679545420247
1679545420013,1679545420287
1679545420139,1679545420346
1679545420077,1679545420378
1679545420227,1679545420382
1679545420129,1679545420433
1679545420272,1679545420457
1679545420226,1679545420499
1679545420213,1679545420519
1679545420135,1679545420523
1679545420145,1679545420540
1679545420325,1679545420559
1679545420335,1679545420559
1679545420442,1679545420645
1679545420401,1679545420682
1679545420488,1679545420766
1679545420501,1679545420773
1679545420464,1679545420811
1679545420410,1679545420814
1679545420545,1679545420884
1679545420688,1679545420930
1679545420705,1679545420967
1679545420738,1679545421036
1679545420861,1679545421080
1679545420974,1679545421119
1679545420790,1679545421120
1679545420897,1679545421120
1679545420688,1679545421141
1679545420929,1679545421199
1679545421047,1679545421235
1679545421002,1679545421237
1679545421049,1679545421302
1679545421045,1679545421330
1679545421112,1679545421349
1679545421089,1679545421355
1679545421256,1679545421460
1679545421207,1679545421498
1679545421301,1679545421520
1679545421444,1679545421567
1679545421105,1679545421586
1679545421581,1679545421788
1679545421425,1679545421804
1679545421650,1679545421850
1679545421532,1679545421855
1679545421578,1679545421864
1679545421647,1679545421865
1679545421595,1679545421871
1679545421797,1679545422024
1679545421832,1679545422028
1679545421954,1679545422076
1679545421780,1679545422097
1679545421965,1679545422159
1679545422032,1679545422232
1679545422077,1679545422262
1679545421973,1679545422264
1679545422106,1679545422271
1679545422079,1679545422296
1679545422075,1679545422297
1679545421975,1679545422349
1679545422133,1679545422385
1679545422208,1679545422494
1679545421984,1679545422563
1679545422278,1679545422632
1679545422282,1679545422680
1679545422413,1679545422729
1679545422635,1679545422795
1679545422391,1679545422801
1679545422760,1679545422881
1679545422691,1679545422911
1679545422683,1679545422912
1679545422677,1679545422972
1679545422836,1679545423009
1679545422821,1679545423043
1679545422809,1679545423050
1679545422827,1679545423084
1679545422965,1679545423112
1679545422773,1679545423127
1679545423079,1679545423327
1679545423266,1679545423416
1679545423180,1679545423423
1679545423238,1679545423459
1679545423141,1679545423487
1679545423273,1679545423546
1679545423145,1679545423550
1679545423325,1679545423604
1679545423285,1679545423628
1679545423459,1679545423670
1679545423167,1679545423711
1679545423501,1679545423724
1679545423441,1679545423747
1679545423536,1679545423752
1679545423503,1679545423785
1679545423464,1679545423797
1679545423598,1679545423802
1679545423688,1679545423851
1679545423785,1679545423898
1679545423681,1679545423911
1679545423691,1679545423962
1679545423836,1679545424001
1679545423874,1679545424018
1679545423890,1679545424066
1679545424114,1679545424291
1679545424053,1679545424304
1679545424146,1679545424320
1679545423932,1679545424348
1679545424226,1679545424452
1679545424312,1679545424458
1679545424186,1679545424463
1679545424122,1679545424495
1679545424404,1679545424546
1679545424281,1679545424552
1679545424348,1679545424588
1679545424481,1679545424658
1679545424497,1679545424691
1679545424681,1679545424859
1679545424573,1679545424868
1679545424644,1679545424919
1679545424592,1679545424926
1679545424836,1679545424995
1679545424693,1679545425009
1679545424778,1679545425045
1679545424934,1679545425067
1679545424817,1679545425077
1679545424803,1679545425108
1679545424902,1679545425119
1679545424831,1679545425145
1679545425026,1679545425183
1679545424741,1679545425218
1679545424980,1679545425220
1679545425042,1679545425232
1679545425134,1679545425293
1679545425135,1679545425415
1679545425157,1679545425447
1679545425305,1679545425618
1679545425391,1679545425640
1679545425461,1679545425749
1679545425383,1679545425765
1679545425373,1679545425793
1679545425656,1679545425837
1679545425644,1679545425894
1679545425702,1679545425911
1679545425488,1679545425924
1679545425609,1679545425930
1679545425650,1679545425947
1679545425419,1679545425966
1679545425723,1679545425966
1679545425847,1679545426069
1679545425752,1679545426082
1679545425833,1679545426127
1679545425904,1679545426168
1679545426055,1679545426171
1679545426051,1679545426270
1679545425965,1679545426317
1679545426061,1679545426323
1679545425936,1679545426332
1679545426028,1679545426361
1679545426114,1679545426372
1679545426265,1679545426449
1679545426328,1679545426495
1679545426116,1679545426496
1679545426264,1679545426544
1679545426430,1679545426618
1679545426453,1679545426746
1679545426485,1679545426786
1679545426690,1679545426857
1679545426694,1679545426923
1679545426767,1679545426953
1679545426779,1679545426961
1679545426973,1679545427131
1679545426885,1679545427143
1679545426894,1679545427149
1679545426903,1679545427177
1679545427092,1679545427235
1679545426979,1679545427375
1679545427270,1679545427425
1679545427251,1679545427437
1679545427129,1679545427460
1679545427272,1679545427467
1679545427124,1679545427506
1679545427203,1679545427530
1679545427311,1679545427566
1679545427313,1679545427585
1679545427405,1679545427600
1679545427361,1679545427618
1679545427486,1679545427646
1679545427505,1679545427750
1679545427445,1679545427761
1679545427587,1679545427770
1679545427388,1679545427866
1679545427073,1679545427872
1679545427681,1679545427897
1679545427510,1679545427936
1679545427708,1679545427968
1679545427776,1679545427973
1679545427565,1679545427978
1679545427631,1679545428027
1679545427788,1679545428139
1679545427829,1679545428169
1679545427821,1679545428183
1679545427893,1679545428208
1679545428001,1679545428256
1679545427986,1679545428269
1679545428213,1679545428454
1679545428146,1679545428467
1679545428379,1679545428516
1679545428373,1679545428547
1679545428392,1679545428553
1679545428404,1679545428588
1679545428449,1679545428611
1679545428343,1679545428656
1679545428017,1679545428704
1679545428394,1679545428746
1679545428509,1679545428778
1679545428606,1679545428802
1679545428466,1679545428824
1679545428689,1679545428915
1679545428717,1679545428980
1679545428679,1679545429058
1679545428789,1679545429065
1679545428916,1679545429066
1679545428917,1679545429092
1679545429009,1679545429159
1679545428912,1679545429160
1679545429079,1679545429193
1679545428999,1679545429230
1679545428549,1679545429269
1679545429130,1679545429364
1679545429113,1679545429408
1679545429269,1679545429452
1679545429286,1679545429523
1679545429367,1679545429532
1679545429328,1679545429542
1679545429369,1679545429551
1679545429452,1679545429679
1679545429649,1679545429802
1679545429672,1679545429838
1679545429551,1679545429871
1679545429621,1679545429938
1679545429785,1679545429963
1679545429765,1679545429963
1679545429773,1679545430048
1679545429853,1679545430145
1679545429985,1679545430166
1679545430067,1679545430242
1679545430101,1679545430266
1679545430160,1679545430293
1679545430064,1679545430316
1679545430193,1679545430387
1679545430126,1679545430392
1679545430211,1679545430457
1679545430189,1679545430486
1679545430210,1679545430496
1679545430373,1679545430555
1679545430285,1679545430616
1679545430348,1679545430631
1679545430374,1679545430658
1679545430476,1679545430698
1679545430561,1679545430769
1679545430585,1679545430801
1679545430692,1679545430847
1679545430740,1679545431001
1679545430561,1679545431041
1679545430663,1679545431049
1679545430806,1679545431068
1679545430729,1679545431069
1679545430786,1679545431069
1679545430880,1679545431127
1679545430989,1679545431157
1679545430909,1679545431207
1679545430922,1679545431277
1679545430917,1679545431285
1679545431077,1679545431358
1679545430997,1679545431359
1679545431297,1679545431406
1679545431042,1679545431440
1679545431279,1679545431632
1679545431439,1679545431692
1679545431516,1679545431697
1679545431406,1679545431718
1679545431584,1679545431847
1679545431598,1679545431893
1679545431692,1679545431937
1679545431729,1679545431977
1679545431725,1679545432027
1679545431825,1679545432091
1679545432016,1679545432143
1679545431857,1679545432158
1679545431890,1679545432174
1679545431937,1679545432215
1679545431842,1679545432216
1679545431954,1679545432277
1679545432057,1679545432323
1679545432068,1679545432327
1679545432045,1679545432376
1679545431768,1679545432388
1679545432260,1679545432389
1679545432268,1679545432405
1679545432199,1679545432425
1679545432333,1679545432526
1679545432441,1679545432548
1679545432399,1679545432622
1679545432493,1679545432655
1679545432325,1679545432673
1679545432747,1679545432996
1679545432920,1679545433057
1679545432763,1679545433060
1679545432808,1679545433071
1679545432884,1679545433118
1679545432889,1679545433118
1679545432822,1679545433167
1679545433113,1679545433237
1679545433082,1679545433270
1679545433021,1679545433344
1679545433160,1679545433376
1679545433225,1679545433455
1679545433355,1679545433497
1679545433396,1679545433571
1679545433433,1679545433685
1679545433451,1679545433705
1679545433610,1679545433855
1679545433772,1679545433960
1679545433649,1679545433981
1679545433355,1679545434052
1679545433989,1679545434113
1679545433808,1679545434122
1679545433873,1679545434165
1679545433847,1679545434202
1679545434051,1679545434258
1679545433957,1679545434283
1679545434019,1679545434332
1679545434074,1679545434345
1679545434143,1679545434385
1679545434216,1679545434405
1679545434234,1679545434430
1679545434282,1679545434440
1679545434313,1679545434440
1679545434286,1679545434541
1679545434398,1679545434612
1679545434473,1679545434613
1679545434380,1679545434666
1679545434416,1679545434681
1679545434431,1679545434749
1679545434457,1679545434762
1679545434553,1679545434772
1679545434494,1679545434779
1679545434422,1679545434800
1679545434624,1679545434809
1679545434544,1679545434875
1679545434678,1679545434948
1679545434802,1679545434996
1679545434804,1679545435034
1679545434785,1679545435064
1679545434971,1679545435142
1679545435056,1679545435205
1679545435149,1679545435364
1679545435157,1679545435384
1679545435084,1679545435385
1679545435197,1679545435421
1679545435170,1679545435463
1679545435386,1679545435563
1679545435381,1679545435575
1679545435237,1679545435581
1679545435382,1679545435593
1679545435350,1679545435649
1679545435423,1679545435759
1679545435510,1679545435761
1679545435521,1679545435775
1679545435349,1679545435837
1679545435675,1679545435887
1679545435504,1679545435899
1679545435697,1679545435912
1679545435784,1679545435993
1679545435856,1679545436017
1679545435747,1679545436050
1679545435945,1679545436204
1679545435948,1679545436208
1679545435917,1679545436218
1679545435959,1679545436238
1679545435916,1679545436277
1679545436078,1679545436322
1679545436136,1679545436335
1679545435777,1679545436368
1679545436222,1679545436400
1679545436273,1679545436417
1679545436117,1679545436519
1679545436408,1679545436528
1679545436277,1679545436553
1679545436593,1679545436762
1679545436612,1679545436793
1679545436657,1679545436915
1679545436691,1679545436958
1679545436717,1679545436969
1679545436483,1679545436981
1679545436681,1679545436995
1679545436736,1679545437020
1679545436644,1679545437043
1679545436913,1679545437064
1679545436857,1679545437099
1679545436901,1679545437139
1679545437073,1679545437225
1679545436971,1679545437254
1679545437050,1679545437335
1679545437169,1679545437339
1679545437124,1679545437347
1679545437164,1679545437447
1679545437200,1679545437472
1679545437353,1679545437500
1679545437275,1679545437563
1679545437275,1679545437564
1679545437324,1679545437644
1679545437409,1679545437650
1679545437221,1679545437680
1679545437532,1679545437772
1679545437482,1679545437868
1679545437628,1679545437884
1679545437725,1679545437923
1679545437635,1679545437958
1679545437845,1679545438147
1679545437973,1679545438163
1679545438130,1679545438361
1679545438088,1679545438380
1679545438249,1679545438426
1679545438228,1679545438456
1679545438368,1679545438497
1679545438332,1679545438499
1679545438356,1679545438525
1679545438337,1679545438545
1679545438393,1679545438608
1679545438298,1679545438641
1679545438519,1679545438715
1679545438437,1679545438724
1679545438626,1679545438879
1679545438741,1679545438918
1679545438518,1679545438931
1679545438821,1679545438979
1679545438673,1679545439026
1679545438743,1679545439071
1679545438861,1679545439080
1679545438679,1679545439094
1679545438801,1679545439150
1679545438803,1679545439185
1679545438936,1679545439223
1679545438693,1679545439247
1679545439172,1679545439284
1679545439064,1679545439295
1679545439107,1679545439352
1679545439181,1679545439378
1679545439077,1679545439401
1679545439357,1679545439563
1679545439305,1679545439597
1679545439423,1679545439629
1679545439413,1679545439660
1679545439488,1679545439672
1679545439584,1679545439739
1679545439591,1679545439745
1679545439320,1679545439749
1679545439456,1679545439772
1679545439439,1679545439802
1679545439772,1679545439991
1679545439770,1679545440005
1679545439668,1679545440100
1679545439957,1679545440174
1679545439987,1679545440205
1679545439914,1679545440232
1679545440136,1679545440289
1679545440281,1679545440404
1679545440141,1679545440422
1679545440224,1679545440451
1679545440344,1679545440492
1679545440180,1679545440553
1679545440369,1679545440555
1679545440388,1679545440763
1679545440457,1679545440773
1679545440500,1679545440801
1679545440607,1679545440839
1679545440577,1679545440875
1679545440439,1679545440888
1679545440709,1679545440894
1679545440625,1679545440902
1679545440748,1679545440977
1679545441013,1679545441145
1679545440930,1679545441177
1679545440741,1679545441187
1679545440925,1679545441253
1679545441107,1679545441298
1679545441088,1679545441365
1679545441061,1679545441367
1679545441151,1679545441370
1679545441147,1679545441382
1679545441246,1679545441546
1679545441349,1679545441606
1679545441395,1679545441606
1679545441498,1679545441615
1679545441361,1679545441631
1679545441276,1679545441648
1679545441376,1679545441676
1679545441408,1679545441727
1679545441501,1679545441757
1679545441476,1679545441759
1679545441341,1679545441806
1679545441654,1679545441813
1679545441638,1679545441814
1679545441830,1679545442052
1679545441771,1679545442057
1679545441744,1679545442085
1679545441824,1679545442086
1679545441883,1679545442087
1679545442026,1679545442124
1679545442025,1679545442259
1679545442099,1679545442295
1679545442069,1679545442311
1679545442171,1679545442365
1679545442100,1679545442367
1679545442117,1679545442409
1679545442176,1679545442458
1679545442246,1679545442502
1679545442097,1679545442506
1679545442304,1679545442514
1679545442335,1679545442555
1679545442326,1679545442662
1679545442467,1679545442712
1679545442665,1679545442843
1679545442711,1679545442850
1679545442621,1679545442872
1679545442618,1679545442880
1679545442716,1679545442916
1679545442856,1679545443062
1679545442781,1679545443075
1679545442797,1679545443122
1679545442820,1679545443166
1679545442841,1679545443204
1679545442859,1679545443233
1679545443181,1679545443315
1679545443144,1679545443402
1679545443037,1679545443433
1679545443259,1679545443437
1679545443061,1679545443448
1679545443300,1679545443514
1679545443229,1679545443544
1679545443462,1679545443611
1679545443306,1679545443618
1679545443461,1679545443647
1679545443534,1679545443699
1679545443558,1679545443750
1679545443635,1679545443831
1679545443584,1679545443832
1679545443585,1679545443946
1679545443811,1679545443968
1679545443889,1679545444053
1679545443920,1679545444116
1679545443801,1679545444157
1679545443948,1679545444178
1679545443904,1679545444197
1679545444018,1679545444219
1679545443909,1679545444257
1679545444013,1679545444261
1679545444134,1679545444311
1679545444003,1679545444312
1679545443918,1679545444327
1679545444187,1679545444479
1679545444165,1679545444548
1679545444233,1679545444552
1679545444357,1679545444576
1679545444335,1679545444581
1679545444258,1679545444597
1679545444505,1679545444721
1679545444468,1679545444723
1679545444620,1679545444749
1679545444523,1679545444812
1679545444647,1679545444881
1679545444628,1679545444883
1679545444769,1679545444961
1679545444814,1679545444997
1679545444864,1679545445008
1679545444754,1679545445053
1679545444678,1679545445121
1679545444844,1679545445166
1679545444937,1679545445188
1679545444970,1679545445210
1679545445107,1679545445297
1679545445037,1679545445342
1679545445178,1679545445357
1679545445225,1679545445364
1679545445316,1679545445391
1679545445390,1679545445536
1679545445306,1679545445577
1679545445513,1679545445724
1679545445622,1679545445823
1679545445672,1679545445871
1679545445525,1679545445899
1679545445696,1679545445906
1679545445687,1679545445919
1679545445477,1679545445987
1679545445890,1679545446110
1679545445971,1679545446164
1679545446014,1679545446178
1679545445884,1679545446215
1679545445917,1679545446248
1679545446063,1679545446316
1679545446041,1679545446326
1679545446074,1679545446340
1679545446016,1679545446344
1679545446161,1679545446388
1679545446160,1679545446389
1679545446063,1679545446401
1679545446189,1679545446489
1679545446361,1679545446529
1679545446314,1679545446541
1679545446271,1679545446551
1679545446215,1679545446561
1679545446357,1679545446622
1679545446689,1679545446876
1679545446797,1679545446947
1679545446744,1679545446948
1679545446802,1679545446973
1679545446850,1679545447042
1679545446877,1679545447068
1679545446887,1679545447125
1679545446987,1679545447143
1679545447006,1679545447154
1679545447165,1679545447312
1679545447094,1679545447317
1679545446948,1679545447337
1679545447178,1679545447380
1679545447128,1679545447388
1679545447166,1679545447420
1679545447193,1679545447443
1679545447305,1679545447471
1679545447339,1679545447488
1679545447065,1679545447556
1679545447392,1679545447648
1679545447561,1679545447704
1679545447529,1679545447743
1679545447421,1679545447761
1679545447517,1679545447782
1679545447408,1679545447786
1679545447656,1679545447903
1679545447657,1679545447909
1679545447652,1679545447940
1679545447718,1679545447991
1679545447878,1679545448132
1679545447964,1679545448188
1679545448048,1679545448229
1679545447888,1679545448235
1679545448109,1679545448237
1679545448033,1679545448258
1679545447981,1679545448266
1679545448224,1679545448527
1679545448293,1679545448534
1679545448287,1679545448544
1679545448456,1679545448658
1679545448428,1679545448662
1679545448438,1679545448663
1679545448372,1679545448740
1679545448496,1679545448769
1679545448567,1679545448778
1679545448541,1679545448823
1679545448501,1679545448827
1679545448629,1679545448903
1679545448699,1679545448922
1679545448720,1679545448924
1679545448858,1679545449039
1679545448887,1679545449052
1679545448885,1679545449061
1679545448878,1679545449135
1679545448853,1679545449153
1679545449002,1679545449182
1679545448970,1679545449213
1679545448871,1679545449230
1679545448822,1679545449267
1679545449113,1679545449293
1679545449052,1679545449363
1679545449221,1679545449404
1679545449113,1679545449438
1679545449326,1679545449552
1679545449442,1679545449677
1679545449482,1679545449684
1679545449473,1679545449687
1679545449547,1679545449710
1679545449609,1679545449763
1679545449657,1679545449829
1679545449569,1679545449881
1679545449702,1679545449907
1679545449686,1679545450109
1679545449912,1679545450145
1679545450007,1679545450187
1679545449915,1679545450223
1679545449782,1679545450226
1679545450034,1679545450241
1679545449952,1679545450275
1679545450054,1679545450385
1679545450167,1679545450387
1679545450168,1679545450432
1679545450325,1679545450540
1679545450169,1679545450547
1679545450370,1679545450619
1679545450541,1679545450689
1679545450510,1679545450774
1679545450585,1679545450825
1679545450598,1679545450842
1679545450591,1679545450863
1679545450615,1679545450934
1679545450712,1679545450955
1679545450706,1679545450997
1679545450745,1679545451010
1679545450745,1679545451016
1679545450861,1679545451062
1679545450888,1679545451088
1679545450581,1679545451095
1679545450903,1679545451155
1679545450643,1679545451166
1679545450772,1679545451280
1679545451156,1679545451394
1679545451040,1679545451415
1679545451259,1679545451469
1679545451289,1679545451469
1679545451205,1679545451509
1679545451140,1679545451521
1679545451189,1679545451554
1679545451445,1679545451592
1679545451510,1679545451612
1679545451492,1679545451648
1679545451638,1679545451898
1679545451633,1679545451926
1679545451647,1679545451945
1679545451767,1679545451990
1679545451881,1679545452034
1679545451803,1679545452043
1679545451784,1679545452048
1679545451950,1679545452160
1679545451953,1679545452162
1679545452000,1679545452181
1679545451997,1679545452211
1679545452080,1679545452284
1679545452152,1679545452311
1679545452253,1679545452390
1679545452301,1679545452473
1679545452237,1679545452479
1679545452326,1679545452575
1679545452421,1679545452690
1679545452545,1679545452697
1679545452379,1679545452759
1679545452515,1679545452829
1679545452615,1679545452853
1679545452571,1679545452862
1679545452593,1679545452865
1679545452519,1679545452883
1679545452714,1679545452949
1679545452696,1679545452978
1679545452849,1679545453052
1679545452873,1679545453053
1679545452785,1679545453173
1679545452925,1679545453196
1679545452994,1679545453216
1679545453007,1679545453226
1679545452889,1679545453263
1679545453115,1679545453357
1679545453209,1679545453389
1679545453191,1679545453404
1679545453323,1679545453445
1679545453327,1679545453508
1679545453293,1679545453603
1679545453425,1679545453685
1679545453541,1679545453720
1679545453613,1679545453764
1679545453567,1679545453797
1679545453562,1679545453808
1679545453621,1679545453841
1679545453483,1679545453850
1679545453336,1679545453906
1679545453601,1679545453936
1679545453834,1679545453953
1679545453492,1679545453962
1679545453721,1679545453988
1679545453818,1679545453988
1679545453925,1679545454089
1679545454017,1679545454130
1679545454095,1679545454370
1679545454113,1679545454412
1679545454245,1679545454478
1679545454354,1679545454508
1679545454216,1679545454527
1679545454196,1679545454536
1679545454421,1679545454556
1679545454374,1679545454600
1679545454362,1679545454627
1679545454107,1679545454651
1679545454308,1679545454658
1679545454404,1679545454670
1679545454509,1679545454738
1679545454633,1679545454815
1679545454600,1679545454904
1679545454476,1679545454913
1679545454694,1679545454935
1679545454867,1679545455023
1679545454858,1679545455100
1679545454856,1679545455132
1679545454977,1679545455204
1679545454950,1679545455204
1679545455036,1679545455243
1679545455176,1679545455325
1679545455129,1679545455423
1679545455202,1679545455426
1679545455221,1679545455453
1679545455297,1679545455458
1679545455314,1679545455485
1679545455341,1679545455488
1679545455075,1679545455578
1679545455403,1679545455579
1679545455544,1679545455858
1679545455758,1679545455872
1679545455562,1679545455941
1679545455724,1679545455944
1679545455717,1679545456063
1679545455925,1679545456090
1679545455989,1679545456109
1679545455787,1679545456121
1679545455951,1679545456282
1679545456061,1679545456357
1679545456246,1679545456461
1679545456135,1679545456463
1679545456269,1679545456514
1679545456309,1679545456523
1679545456163,1679545456709
1679545456285,1679545456713
1679545456436,1679545456716
1679545456609,1679545456815
1679545456729,1679545456898
1679545456793,1679545456917
1679545456805,1679545456928
1679545456445,1679545456956
1679545456845,1679545457023
1679545456852,1679545457049
1679545456663,1679545457054
1679545456984,1679545457143
1679545456889,1679545457149
1679545456967,1679545457178
1679545456882,1679545457192
1679545456651,1679545457193
1679545457097,1679545457259
1679545457088,1679545457275
1679545457145,1679545457335
1679545457092,1679545457350
1679545456877,1679545457350
1679545457241,1679545457419
1679545457191,1679545457449
1679545457085,1679545457466
1679545457181,1679545457495
1679545457091,1679545457497
1679545457122,1679545457498
1679545457436,1679545457572
1679545457504,1679545457743
1679545457673,1679545457866
1679545457612,1679545457914
1679545457760,1679545457926
1679545457607,1679545457983
1679545457963,1679545458087
1679545457857,1679545458148
1679545458109,1679545458236
1679545457995,1679545458263
1679545458108,1679545458302
1679545458112,1679545458380
1679545457729,1679545458386
1679545458215,1679545458434
1679545458253,1679545458527
1679545458412,1679545458554
1679545458406,1679545458559
1679545458461,1679545458599
1679545458387,1679545458599
1679545458334,1679545458637
1679545458336,1679545458670
1679545458303,1679545458675
1679545458446,1679545458713
1679545458655,1679545458854
1679545458405,1679545458859
1679545458709,1679545458901
1679545458677,1679545458965
1679545458757,1679545458965
1679545458547,1679545458966
1679545458824,1679545459053
1679545458933,1679545459120
1679545459053,1679545459278
1679545459129,1679545459328
1679545459115,1679545459393
1679545459225,1679545459477
1679545459321,1679545459486
1679545459327,1679545459504
1679545459228,1679545459516
1679545459464,1679545459672
1679545459413,1679545459689
1679545459483,1679545459695
1679545459520,1679545459709
1679545459455,1679545459721
1679545459496,1679545459795
1679545459582,1679545459867
1679545459672,1679545459950
1679545459730,1679545459957
1679545459654,1679545459976
1679545459865,1679545460030
1679545459842,1679545460092
1679545459985,1679545460130
1679545459833,1679545460272
1679545460099,1679545460297
1679545460014,1679545460323
1679545460157,1679545460357
1679545459950,1679545460389
1679545460149,1679545460438
1679545460258,1679545460466
1679545460216,1679545460471
1679545460340,1679545460495
1679545460485,1679545460596
1679545460379,1679545460621
1679545460393,1679545460723
1679545460469,1679545460741
1679545460535,1679545460772
1679545460625,1679545460838
1679545460663,1679545460905
1679545460828,1679545461004
1679545460718,1679545461064
1679545460817,1679545461122
1679545460926,1679545461133
1679545460931,1679545461188
1679545461119,1679545461212
1679545461026,1679545461326
1679545461161,1679545461380
1679545461233,1679545461448
1679545461096,1679545461489
1679545461391,1679545461620
1679545461360,1679545461651
1679545461423,1679545461664
1679545461438,1679545461698
1679545461501,1679545461716
1679545461488,1679545461719
1679545461558,1679545461774
1679545461552,1679545461810
1679545461681,1679545461902
1679545461601,1679545461920
1679545461851,1679545462042
1679545461745,1679545462050
1679545461765,1679545462064
1679545461849,1679545462100
1679545461722,1679545462118
1679545461856,1679545462204
1679545462050,1679545462212
1679545461959,1679545462241
1679545462098,1679545462262
1679545461744,1679545462284
1679545462154,1679545462365
1679545462217,1679545462392
1679545462361,1679545462544
1679545462394,1679545462578
1679545462233,1679545462717
1679545462582,1679545462732
1679545462610,1679545462842
1679545462712,1679545462851
1679545462448,1679545462868
1679545462720,1679545462965
1679545462687,1679545462973
1679545462788,1679545463054
1679545462726,1679545463079
1679545462862,1679545463165
1679545462994,1679545463170
1679545463000,1679545463192
1679545462958,1679545463200
1679545463088,1679545463225
1679545462998,1679545463244
1679545463057,1679545463273
1679545463103,1679545463322
1679545463077,1679545463388
1679545463147,1679545463394
1679545463216,1679545463414
1679545463189,1679545463438
1679545463269,1679545463466
1679545463307,1679545463499
1679545463385,1679545463619
1679545463512,1679545463698
1679545463636,1679545463753
1679545463539,1679545463783
1679545463698,1679545463840
1679545463490,1679545463869
1679545463765,1679545463963
1679545463686,1679545463979
1679545463813,1679545464053
1679545463930,1679545464070
1679545463863,1679545464138
1679545464019,1679545464246
1679545463968,1679545464262
1679545463952,1679545464274
1679545464122,1679545464310
1679545464173,1679545464412
1679545464286,1679545464504
1679545464402,1679545464557
1679545464250,1679545464564
1679545464527,1679545464673
1679545464487,1679545464692
1679545464388,1679545464712
1679545464374,1679545464748
1679545464629,1679545464834
1679545464581,1679545464872
1679545464711,1679545464878
1679545464668,1679545464974
1679545464640,1679545465069
1679545464937,1679545465124
1679545465032,1679545465161
1679545465077,1679545465212
1679545465051,1679545465231
1679545464940,1679545465306
1679545465247,1679545465372
1679545465104,1679545465432
1679545465229,1679545465452
1679545465261,1679545465522
1679545465364,1679545465583
1679545465429,1679545465597
1679545465404,1679545465644
1679545465357,1679545465678
1679545465409,1679545465739
1679545465563,1679545465739
1679545465457,1679545465744
1679545465565,1679545465754
1679545465517,1679545465768
1679545465428,1679545465821
1679545465699,1679545465893
1679545465791,1679545465932
1679545465873,1679545466132
1679545465744,1679545466135
1679545465932,1679545466136
1679545466018,1679545466167
1679545466047,1679545466209
1679545466112,1679545466319
1679545466081,1679545466354
1679545466459,1679545466605
1679545466333,1679545466605
1679545466368,1679545466610
1679545466476,1679545466624
1679545466193,1679545466663
1679545466420,1679545466747
1679545466494,1679545466825
1679545466564,1679545466840
1679545466705,1679545466872
1679545466649,1679545466875
1679545466624,1679545466960
1679545466535,1679545467040
1679545466800,1679545467148
1679545466856,1679545467188
1679545466965,1679545467214
1679545466833,1679545467218
1679545467099,1679545467282
1679545467197,1679545467329
1679545467155,1679545467379
1679545467169,1679545467458
1679545467181,1679545467475
1679545467157,1679545467475
1679545467250,1679545467498
1679545467021,1679545467520
1679545467508,1679545467679
1679545467401,1679545467688
1679545467554,1679545467809
1679545467591,1679545467869
1679545467689,1679545467919
1679545467672,1679545467946
1679545467805,1679545468013
1679545467824,1679545468043
1679545467589,1679545468044
1679545467840,1679545468078
1679545467892,1679545468091
1679545467920,1679545468163
1679545468126,1679545468355
1679545468116,1679545468358
1679545468240,1679545468408
1679545468237,1679545468440
1679545468379,1679545468496
1679545468397,1679545468576
1679545468147,1679545468601
1679545468292,1679545468662
1679545468521,1679545468719
1679545468472,1679545468723
1679545468520,1679545468777
1679545468532,1679545468816
1679545468592,1679545468890
1679545468676,1679545468957
1679545468589,1679545469038
1679545468810,1679545469057
1679545468861,1679545469143
1679545468935,1679545469167
1679545469059,1679545469244
1679545469042,1679545469262
1679545469124,1679545469308
1679545469171,1679545469442
1679545469164,1679545469472
1679545469217,1679545469491
1679545469380,1679545469664
1679545469486,1679545469689
1679545469393,1679545469736
1679545469500,1679545469747
1679545469480,1679545469769
1679545469601,1679545469788
1679545469379,1679545469811
1679545469324,1679545469819
1679545469740,1679545469890
1679545469793,1679545469950
1679545469659,1679545469953
1679545469755,1679545470053
1679545469832,1679545470081
1679545469857,1679545470083
1679545469918,1679545470083
1679545470049,1679545470211
1679545469949,1679545470224
1679545470076,1679545470280
1679545470155,1679545470287
1679545470093,1679545470305
1679545470240,1679545470383
1679545470186,1679545470394
1679545470247,1679545470437
1679545470224,1679545470478
1679545470543,1679545470679
1679545470424,1679545470768
1679545470657,1679545470856
1679545470661,1679545470910
1679545470707,1679545470960
1679545470655,1679545470973
1679545471003,1679545471139
1679545471003,1679545471142
1679545471070,1679545471237
1679545471124,1679545471265
1679545471081,1679545471315
1679545471181,1679545471336
1679545471153,1679545471389
1679545471239,1679545471403
1679545471309,1679545471480
1679545471246,1679545471598
1679545471501,1679545471725
1679545471509,1679545471726
1679545471526,1679545471726
1679545471445,1679545471762
1679545471477,1679545471828
1679545471655,1679545471864
1679545471664,1679545471866
1679545471689,1679545471879
1679545471813,1679545471936
1679545471648,1679545471936
1679545471616,1679545471957
1679545471777,1679545472003
1679545471716,1679545472114
1679545472029,1679545472202
1679545471934,1679545472202
1679545472153,1679545472403
1679545472327,1679545472460
1679545472167,1679545472591
1679545472503,1679545472666
1679545472559,1679545472778
1679545472443,1679545472797
1679545472597,1679545472817
1679545472704,1679545472859
1679545472746,1679545472975
1679545472833,1679545473089
1679545472939,1679545473104
1679545472795,1679545473184
1679545473029,1679545473197
1679545472923,1679545473201
1679545473073,1679545473262
1679545473155,1679545473354
1679545473242,1679545473423
1679545473321,1679545473487
1679545473313,1679545473548
1679545473361,1679545473562
1679545473085,1679545473582
1679545473208,1679545473585
1679545473442,1679545473620
1679545473313,1679545473640
1679545473445,1679545473684
1679545473534,1679545473721
1679545473389,1679545473727
1679545473510,1679545473742
1679545473512,1679545473820
1679545473261,1679545473847
1679545473705,1679545473859
1679545473676,1679545473928
1679545473772,1679545473996
1679545473700,1679545474011
1679545473869,1679545474059
1679545473916,1679545474121
1679545473933,1679545474198
1679545474005,1679545474200
1679545474165,1679545474570
1679545474415,1679545474588
1679545474294,1679545474604
1679545474457,1679545474604
1679545474476,1679545474683
1679545474668,1679545474838
1679545474621,1679545474922
1679545474707,1679545474979
1679545474733,1679545474995
1679545474809,1679545475026
1679545474910,1679545475078
1679545474842,1679545475108
1679545474739,1679545475155
1679545474948,1679545475178
1679545474881,1679545475192
1679545475061,1679545475247
1679545475072,1679545475270
1679545475033,1679545475331
1679545475278,1679545475399
1679545475117,1679545475418
1679545475129,1679545475431
1679545475170,1679545475484
1679545475093,1679545475489
1679545475338,1679545475552
1679545475393,1679545475566
1679545475317,1679545475584
1679545475554,1679545475703
1679545475626,1679545475813
1679545475633,1679545475858
1679545475390,1679545475864
1679545475541,1679545475913
1679545475844,1679545475968
1679545475856,1679545476033
1679545475769,1679545476084
1679545475839,1679545476087
1679545475973,1679545476154
1679545476154,1679545476270
1679545476128,1679545476301
1679545476061,1679545476301
1679545476124,1679545476321
1679545476229,1679545476448
1679545476335,1679545476522
1679545476277,1679545476540
1679545476354,1679545476561
1679545476426,1679545476645
1679545476358,1679545476669
1679545476589,1679545476724
1679545476587,1679545476764
1679545476394,1679545476830
1679545476228,1679545476842
1679545476453,1679545476859
1679545476668,1679545476915
1679545476795,1679545476942
1679545476732,1679545476954
1679545476677,1679545476997
1679545476890,1679545477074
1679545476904,1679545477099
1679545477044,1679545477237
1679545477097,1679545477301
1679545477034,1679545477334
1679545477149,1679545477376
1679545477329,1679545477449
1679545477454,1679545477591
1679545477449,1679545477678
1679545477273,1679545477699
1679545477517,1679545477712
1679545477601,1679545477800
1679545477640,1679545477820
1679545477781,1679545477960
1679545477859,1679545478059
1679545477819,1679545478109
1679545477839,1679545478125
1679545478011,1679545478187
1679545477952,1679545478188
1679545477989,1679545478254
1679545478012,1679545478308
1679545478129,1679545478318
1679545477913,1679545478319
1679545478101,1679545478370
1679545478233,1679545478409
1679545478225,1679545478439
1679545477980,1679545478483
1679545478121,1679545478506
1679545478185,1679545478545
1679545478109,1679545478555
1679545478411,1679545478601
1679545478385,1679545478655
1679545478469,1679545478711
1679545478557,1679545478733
1679545478672,1679545478792
1679545478297,1679545478812
1679545478878,1679545479011
1679545478711,1679545479027
1679545478926,1679545479135
1679545478957,1679545479202
1679545479077,1679545479214
1679545478920,1679545479223
1679545478994,1679545479232
1679545479113,1679545479322
1679545479089,1679545479369
1679545478986,1679545479386
1679545479241,1679545479436
1679545479125,1679545479469
1679545479300,1679545479485
1679545479307,1679545479510
1679545479415,1679545479517
1679545479258,1679545479677
1679545479555,1679545479707
1679545479557,1679545479709
1679545479460,1679545479782
1679545479537,1679545479797
1679545479427,1679545479810
1679545479621,1679545479829
1679545479582,1679545479868
1679545479669,1679545479991
1679545479831,1679545480031
1679545479850,1679545480099
1679545479984,1679545480224
1679545479997,1679545480236
1679545480074,1679545480288
1679545480105,1679545480302
1679545480188,1679545480346
1679545480219,1679545480499
1679545480268,1679545480525
1679545480338,1679545480546
1679545480321,1679545480591
1679545480428,1679545480635
1679545480269,1679545480726
1679545480533,1679545480755
1679545480426,1679545480790
1679545480636,1679545480847
1679545480633,1679545480946
1679545480705,1679545480981
1679545480764,1679545481068
1679545480867,1679545481084
1679545480831,1679545481098
1679545480889,1679545481100
1679545480885,1679545481168
1679545480940,1679545481191
1679545481178,1679545481295
1679545481198,1679545481338
1679545480988,1679545481343
1679545481028,1679545481352
1679545481124,1679545481357
1679545481201,1679545481412
1679545481425,1679545481594
1679545481313,1679545481594
1679545481466,1679545481681
1679545481437,1679545481698
1679545481629,1679545481756
1679545481445,1679545481759
1679545481605,1679545481830
1679545481565,1679545481833
1679545481728,1679545481909
1679545481700,1679545481913
1679545481761,1679545481964
1679545481743,1679545481964
1679545481676,1679545482002
1679545481850,1679545482065
1679545481907,1679545482111
1679545481955,1679545482139
1679545482054,1679545482272
1679545482066,1679545482312
1679545482030,1679545482358
1679545482201,1679545482469
1679545482241,1679545482470
1679545482173,1679545482487
1679545482153,1679545482488
1679545482341,1679545482534
1679545482255,1679545482587
1679545482312,1679545482616
1679545482474,1679545482637
1679545482397,1679545482749
1679545482577,1679545482761
1679545482494,1679545482770
1679545482619,1679545482815
1679545482728,1679545482988
1679545482829,1679545482990
1679545482886,1679545483063
1679545482645,1679545483067
1679545482992,1679545483099
1679545482848,1679545483164
1679545482999,1679545483199
1679545482824,1679545483201
1679545483217,1679545483339
1679545483081,1679545483387
1679545483221,1679545483454
1679545483236,1679545483471
1679545483294,1679545483509
1679545483286,1679545483543
1679545483369,1679545483574
1679545483289,1679545483574
1679545483397,1679545483581
1679545483457,1679545483685
1679545483460,1679545483732
1679545483495,1679545483749
1679545483604,1679545483874
1679545483872,1679545484082
1679545483961,1679545484114
1679545483978,1679545484212
1679545484089,1679545484279
1679545483999,1679545484292
1679545483953,1679545484303
1679545483916,1679545484377
1679545484143,1679545484411
1679545484237,1679545484441
1679545484285,1679545484477
1679545484271,1679545484487
1679545484321,1679545484567
1679545484162,1679545484708
1679545484605,1679545484819
1679545484429,1679545484827
1679545484592,1679545484859
1679545484711,1679545484914
1679545484814,1679545484987
1679545484667,1679545485031
1679545484769,1679545485095
1679545484812,1679545485157
1679545484960,1679545485161
1679545484965,1679545485225
1679545485042,1679545485238
1679545484946,1679545485260
1679545484925,1679545485324
1679545485125,1679545485363
1679545484985,1679545485398
1679545485229,1679545485413
1679545485197,1679545485421
1679545485379,1679545485634
1679545485488,1679545485669
1679545485592,1679545485718
1679545485448,1679545485778
1679545485600,1679545485799
1679545485670,1679545485884
1679545485629,1679545485935
1679545485795,1679545485957
1679545485926,1679545486061
1679545486007,1679545486153
1679545486078,1679545486281
1679545486062,1679545486302
1679545486137,1679545486350
1679545486213,1679545486369
1679545486184,1679545486392
1679545486114,1679545486402
1679545486153,1679545486436
1679545486321,1679545486523
1679545486236,1679545486538
1679545485976,1679545486543
1679545486529,1679545486717
1679545486542,1679545486776
1679545486583,1679545486810
1679545486547,1679545486824
1679545486435,1679545486855
1679545486683,1679545486925
1679545486645,1679545486942
1679545486604,1679545486944
1679545486777,1679545486985
1679545486705,1679545487001
1679545486811,1679545487095
1679545486984,1679545487099
1679545486946,1679545487112
1679545486985,1679545487267
1679545487060,1679545487304
1679545487068,1679545487343
1679545487123,1679545487482
1679545487334,1679545487509
1679545487424,1679545487564
1679545487429,1679545487605
1679545487441,1679545487664
1679545487597,1679545487762
1679545487458,1679545487798
1679545487617,1679545487800
1679545487557,1679545487835
1679545487529,1679545487846
1679545487616,1679545487867
1679545487844,1679545488057
1679545487764,1679545488093
1679545487931,1679545488123
1679545487864,1679545488183
1679545488018,1679545488264
1679545488240,1679545488366
1679545487941,1679545488370
1679545488343,1679545488607
1679545488374,1679545488646
1679545488435,1679545488692
1679545488513,1679545488694
1679545488512,1679545488721
1679545488536,1679545488753
1679545488401,1679545488811
1679545488609,1679545488837
1679545488719,1679545488873
1679545488738,1679545488980
1679545488737,1679545489025
1679545488952,1679545489057
1679545488829,1679545489118
1679545488756,1679545489190
1679545488967,1679545489236
1679545488930,1679545489239
1679545489004,1679545489278
1679545489057,1679545489299
1679545489251,1679545489408
1679545489292,1679545489476
1679545489193,1679545489512
1679545489258,1679545489536
1679545489129,1679545489621
1679545489409,1679545489643
1679545489200,1679545489666
1679545489332,1679545489690
1679545489519,1679545489714
1679545489547,1679545489717
1679545489661,1679545489779
1679545489661,1679545489898
1679545489784,1679545489960
1679545489726,1679545489974
1679545489841,1679545490004
1679545489788,1679545490011
1679545489813,1679545490097
1679545490101,1679545490262
1679545489814,1679545490284
1679545490194,1679545490324
1679545490146,1679545490359
1679545490145,1679545490422
1679545490179,1679545490462
1679545490205,1679545490471
1679545490361,1679545490596
1679545490317,1679545490659
1679545490533,1679545490828
1679545490664,1679545490930
1679545490697,1679545490948
1679545490785,1679545490961
1679545490724,1679545490971
1679545490774,1679545490994
1679545490777,1679545491081
1679545490868,1679545491149
1679545491154,1679545491282
1679545490998,1679545491366
1679545491104,1679545491376
1679545491053,1679545491419
1679545491257,1679545491479
1679545491057,1679545491482
1679545491217,1679545491541
1679545491172,1679545491548
1679545491414,1679545491590
1679545491181,1679545491676
1679545491481,1679545491723
1679545491506,1679545491744
1679545491493,1679545491764
1679545491303,1679545491824
1679545491608,1679545491906
1679545491659,1679545491922
1679545491584,1679545492004
1679545491837,1679545492024
1679545491976,1679545492240
1679545492074,1679545492406
1679545492353,1679545492505
1679545492525,1679545492660
1679545492547,1679545492673
1679545492605,1679545492770
1679545492653,1679545492887
1679545492661,1679545492918
1679545492713,1679545492923
1679545492687,1679545492973
1679545492829,1679545493035
1679545492876,1679545493063
1679545492628,1679545493068
1679545492892,1679545493131
1679545492897,1679545493140
1679545492953,1679545493170
1679545492970,1679545493211
1679545493075,1679545493257
1679545493217,1679545493417
1679545493150,1679545493449
1679545493157,1679545493484
1679545493340,1679545493586
1679545493449,1679545493603
1679545493421,1679545493688
1679545493289,1679545493712
1679545493469,1679545493734
1679545493560,1679545493829
1679545493692,1679545493915
1679545493771,1679545493954
1679545493843,1679545494075
1679545493824,1679545494100
1679545493899,1679545494110
1679545494058,1679545494169
1679545493941,1679545494241
1679545494083,1679545494291
1679545494133,1679545494332
1679545494110,1679545494376
1679545494277,1679545494524
1679545494293,1679545494530
1679545494376,1679545494560
1679545494427,1679545494625
1679545494413,1679545494644
1679545494599,1679545494777
1679545494608,1679545494779
1679545494577,1679545494788
1679545494531,1679545494896
1679545494716,1679545494924
1679545494839,1679545495019
1679545494813,1679545495057
1679545494806,1679545495076
1679545494897,1679545495119
1679545494751,1679545495148
1679545495005,1679545495225
1679545495153,1679545495299
1679545495215,1679545495388
1679545495204,1679545495463
1679545495232,1679545495466
1679545495086,1679545495493
1679545495287,1679545495495
1679545495343,1679545495623
1679545495377,1679545495654
1679545495478,1679545495745
1679545495674,1679545495821
1679545495746,1679545495898
1679545495753,1679545496040
1679545495812,1679545496118
1679545495903,1679545496232
1679545495965,1679545496270
1679545495797,1679545496275
1679545496017,1679545496290
1679545495882,1679545496339
1679545496201,1679545496349
1679545496155,1679545496389
1679545496249,1679545496477
1679545495887,1679545496586
1679545496385,1679545496599
1679545496476,1679545496686
1679545496617,1679545496747
1679545496418,1679545496789
1679545496612,1679545496860
1679545496674,1679545496971
1679545496774,1679545496997
1679545496757,1679545497006
1679545496781,1679545497014
1679545496844,1679545497094
1679545496966,1679545497105
1679545496857,1679545497143
1679545496878,1679545497209
1679545497130,1679545497338
1679545497181,1679545497343
1679545497052,1679545497343
1679545497028,1679545497344
1679545497028,1679545497375
1679545497340,1679545497493
1679545497442,1679545497627
1679545497461,1679545497632
1679545497423,1679545497655
1679545497587,1679545497812
1679545497597,1679545497819
1679545497565,1679545497933
1679545497615,1679545497945
1679545497778,1679545498011
1679545497959,1679545498115
1679545497880,1679545498137
1679545497957,1679545498197
1679545498097,1679545498202
1679545498041,1679545498310
1679545498169,1679545498331
1679545498017,1679545498336
1679545498189,1679545498429
1679545498311,1679545498519
1679545498307,1679545498602
1679545498433,1679545498628
1679545498508,1679545498697
1679545498449,1679545498733
1679545498528,1679545498752
1679545498575,1679545498764
1679545498600,1679545498781
1679545498707,1679545498929
1679545498561,1679545498990
1679545498675,1679545499044
1679545498903,1679545499096
1679545498706,1679545499124
1679545498789,1679545499148
1679545498875,1679545499196
1679545499028,1679545499216
1679545498994,1679545499236
1679545498889,1679545499370
1679545499157,1679545499398
1679545499081,1679545499418
1679545499405,1679545499521
1679545499264,1679545499635
1679545499322,1679545499685
1679545499430,1679545499725
1679545499470,1679545499786
1679545499594,1679545499911
1679545499708,1679545499961
1679545499554,1679545499968
1679545499674,1679545500047
1679545499819,1679545500094
1679545499873,1679545500152
1679545499926,1679545500157
1679545499853,1679545500221
1679545500161,1679545500361
1679545500081,1679545500416
1679545500207,1679545500417
1679545500227,1679545500439
1679545500272,1679545500535
1679545500401,1679545500640
1679545500497,1679545500657
1679545500416,1679545500715
1679545500485,1679545500747
1679545500542,1679545500777
1679545500589,1679545500798
1679545500595,1679545500814
1679545500605,1679545500876
1679545500596,1679545500933
1679545500681,1679545501053
1679545500957,1679545501120
1679545500753,1679545501157
1679545500952,1679545501261
1679545501062,1679545501281
1679545501144,1679545501332
1679545501116,1679545501412
1679545501257,1679545501481
1679545501253,1679545501554
1679545501230,1679545501559
1679545501381,1679545501570
1679545501334,1679545501582
1679545501413,1679545501658
1679545501381,1679545501699
1679545501489,1679545501712
1679545501305,1679545501721
1679545501529,1679545501736
1679545501703,1679545501925
1679545501736,1679545502035
1679545501887,1679545502045
1679545501836,1679545502110
1679545501779,1679545502111
1679545502062,1679545502276
1679545502077,1679545502309
1679545502043,1679545502334
1679545502006,1679545502335
1679545502235,1679545502499
1679545502165,1679545502504
1679545502338,1679545502579
1679545502485,1679545502635
1679545502533,1679545502726
1679545502407,1679545502766
1679545502585,1679545502773
1679545502465,1679545502834
1679545502577,1679545502854
1679545502670,1679545502880
1679545502621,1679545502888
1679545502587,1679545502908
1679545502704,1679545502946
1679545502359,1679545502970
1679545502774,1679545503039
1679545502758,1679545503045
1679545502861,1679545503119
1679545502897,1679545503160
1679545502929,1679545503166
1679545503269,1679545503393
1679545503202,1679545503460
1679545503195,1679545503469
1679545503349,1679545503600
1679545503349,1679545503712
1679545503520,1679545503753
1679545503680,1679545503776
1679545503625,1679545503781
1679545503450,1679545503782
1679545503537,1679545503949
1679545503746,1679545504042
1679545503626,1679545504075
1679545503947,1679545504112
1679545503904,1679545504126
1679545503714,1679545504144
1679545504149,1679545504312
1679545504124,1679545504327
1679545504071,1679545504328
1679545504186,1679545504387
1679545504341,1679545504513
1679545504265,1679545504519
1679545504300,1679545504551
1679545504316,1679545504583
1679545504371,1679545504586
1679545504492,1679545504790
1679545504672,1679545504803
1679545504439,1679545504820
1679545504746,1679545504899
1679545504671,1679545504926
1679545504840,1679545504980
1679545504848,1679545504984
1679545505101,1679545505266
1679545505194,1679545505339
1679545505237,1679545505411
1679545505189,1679545505417
1679545505356,1679545505470
1679545505339,1679545505491
1679545505325,1679545505566
1679545505379,1679545505570
1679545505392,1679545505628
1679545505441,1679545505650
1679545505437,1679545505668
1679545505563,1679545505792
1679545505605,1679545505794
1679545505600,1679545505810
1679545505520,1679545505833
1679545505566,1679545505860
1679545505573,1679545505870
1679545505605,1679545505907
1679545505713,1679545506020
1679545506058,1679545506286
1679545506109,1679545506312
1679545506109,1679545506380
1679545506165,1679545506406
1679545506210,1679545506432
1679545506402,1679545506515
1679545506184,1679545506523
1679545506485,1679545506681
1679545506480,1679545506713
1679545506691,1679545506822
1679545506501,1679545506823
1679545506641,1679545506844
1679545506801,1679545506989
1679545506853,1679545507058
1679545506755,1679545507063
1679545506760,1679545507076
1679545506879,1679545507141
1679545506997,1679545507184
1679545507161,1679545507339
1679545507182,1679545507375
1679545507154,1679545507393
1679545507162,1679545507406
1679545507090,1679545507439
1679545507137,1679545507482
1679545507236,1679545507516
1679545507040,1679545507519
1679545507270,1679545507520
1679545507245,1679545507534
1679545507373,1679545507573
1679545507267,1679545507582
1679545507532,1679545507724
1679545507582,1679545507800
1679545507627,1679545507836
1679545507610,1679545507851
1679545507685,1679545507856
1679545507725,1679545507906
1679545507532,1679545507941
1679545507736,1679545508084
1679545507724,1679545508099
1679545508064,1679545508326
1679545508072,1679545508343
1679545508247,1679545508406
1679545508096,1679545508410
1679545508280,1679545508582
1679545508461,1679545508707
1679545508356,1679545508716
1679545508509,1679545508755
1679545508561,1679545508839
1679545508453,1679545508849
1679545508741,1679545508871
1679545508627,1679545508872
1679545508749,1679545508888
1679545508751,1679545508956
1679545508676,1679545509001
1679545508814,1679545509008
1679545509068,1679545509158
1679545508924,1679545509184
1679545509046,1679545509258
1679545508922,1679545509269
1679545509102,1679545509292
1679545509149,1679545509332
1679545508877,1679545509384
1679545509141,1679545509396
1679545509429,1679545509625
1679545509559,1679545509726
1679545509472,1679545509757
1679545509640,1679545509790
1679545509665,1679545509878
1679545509752,1679545509965
1679545509845,1679545510104
1679545509790,1679545510137
1679545509695,1679545510188
1679545510022,1679545510254
1679545510112,1679545510321
1679545510192,1679545510391
1679545510160,1679545510416
1679545510285,1679545510610
1679545510263,1679545510678
1679545510646,1679545510973
1679545510729,1679545511029
1679545510579,1679545511041
1679545510710,1679545511042
1679545510625,1679545511071
1679545510871,1679545511072
1679545510710,1679545511111
1679545510749,1679545511114
1679545510898,1679545511121
1679545510861,1679545511144
1679545510920,1679545511151
1679545510980,1679545511200
1679545511082,1679545511328
1679545510930,1679545511386
1679545511186,1679545511465
1679545511071,1679545511482
1679545511097,1679545511487
1679545511049,1679545511492
1679545511194,1679545511516
1679545511253,1679545511516
1679545511333,1679545511561
1679545511337,1679545511621
1679545511492,1679545511674
1679545511417,1679545511682
1679545511289,1679545511717
1679545511654,1679545511906
1679545511667,1679545511994
1679545511923,1679545512126
1679545511951,1679545512226
1679545511892,1679545512227
1679545511935,1679545512229
1679545512013,1679545512290
1679545512125,1679545512312
1679545512126,1679545512373
1679545512013,1679545512435
1679545512149,1679545512443
1679545512124,1679545512516
1679545512302,1679545512636
1679545512489,1679545512654
1679545512523,1679545512692
1679545512565,1679545512723
1679545512465,1679545512730
1679545512660,1679545512958
1679545512898,1679545513058
1679545512951,1679545513084
1679545512723,1679545513108
1679545512736,1679545513119
1679545512889,1679545513146
1679545512984,1679545513205
1679545513063,1679545513262
1679545513043,1679545513288
1679545513143,1679545513360
1679545513146,1679545513396
1679545513189,1679545513439
1679545513237,1679545513489
1679545513278,1679545513537
1679545513152,1679545513552
1679545513423,1679545513579
1679545513352,1679545513624
1679545513443,1679545513717
1679545513503,1679545513760
1679545513512,1679545513766
1679545513554,1679545513785
1679545513600,1679545513797
1679545513640,1679545513820
1679545513761,1679545514025
1679545513744,1679545514044
1679545513795,1679545514093
1679545514018,1679545514195
1679545513945,1679545514340
1679545514060,1679545514351
1679545514038,1679545514505
1679545514284,1679545514513
1679545514305,1679545514562
1679545514306,1679545514563
1679545514306,1679545514575
1679545514438,1679545514634
1679545514393,1679545514643
1679545514348,1679545514686
1679545514405,1679545514716
1679545514648,1679545514830
1679545514623,1679545514841
1679545514776,1679545514977
1679545514617,1679545514998
1679545514757,1679545515008
1679545514887,1679545515085
1679545514936,1679545515188
1679545515011,1679545515258
1679545515104,1679545515276
1679545515104,1679545515364
1679545515141,1679545515440
1679545515318,1679545515516
1679545515225,1679545515525
1679545515347,1679545515610
1679545515401,1679545515618
1679545515300,1679545515668
1679545515283,1679545515694
1679545515614,1679545515787
1679545515638,1679545515841
1679545515637,1679545515877
1679545515513,1679545515913
1679545515701,1679545515957
1679545515879,1679545516073
1679545515940,1679545516085
1679545515935,1679545516112
1679545515781,1679545516136
1679545516053,1679545516284
1679545516036,1679545516293
1679545516254,1679545516370
1679545516041,1679545516373
1679545516302,1679545516439
1679545516180,1679545516485
1679545516249,1679545516486
1679545516324,1679545516494
1679545516409,1679545516566
1679545516145,1679545516663
1679545516381,1679545516700
1679545516605,1679545516741
1679545516523,1679545516867
1679545516623,1679545516871
1679545516623,1679545516884
1679545516705,1679545516997
1679545516861,1679545517043
1679545516642,1679545517053
1679545516681,1679545517073
1679545516927,1679545517101
1679545516995,1679545517170
1679545517049,1679545517251
1679545517196,1679545517397
1679545517131,1679545517410
1679545517260,1679545517417
1679545517194,1679545517423
1679545517301,1679545517449
1679545517406,1679545517657
1679545517522,1679545517688
1679545517523,1679545517744
1679545517641,1679545517768
1679545517589,1679545517953
1679545517772,1679545517962
1679545517833,1679545518059
1679545517946,1679545518175
1679545517677,1679545518207
1679545517981,1679545518283
1679545518160,1679545518359
1679545518213,1679545518442
1679545518131,1679545518478
1679545518211,1679545518549
1679545518357,1679545518620
1679545518413,1679545518630
1679545518528,1679545518690
1679545518539,1679545518718
1679545518579,1679545518761
1679545518541,1679545518827
1679545518644,1679545518903
1679545518662,1679545518940
1679545518670,1679545518946
1679545518725,1679545518987
1679545518737,1679545519089
1679545519081,1679545519195
1679545518965,1679545519301
1679545518798,1679545519312
1679545519069,1679545519322
1679545518957,1679545519356
1679545519124,1679545519366
1679545519038,1679545519389
1679545519168,1679545519414
1679545519329,1679545519512
1679545519266,1679545519551
1679545519328,1679545519621
1679545519533,1679545519685
1679545519456,1679545519703
1679545519533,1679545519768
1679545519585,1679545519779
1679545519489,1679545519797
1679545519562,1679545519879
1679545519606,1679545519894
1679545519807,1679545519971
1679545519829,1679545520040
1679545519891,1679545520113
1679545520002,1679545520129
1679545519981,1679545520142
1679545519654,1679545520160
1679545519934,1679545520174
1679545519952,1679545520194
1679545520131,1679545520323
1679545520071,1679545520346
1679545520187,1679545520360
1679545520227,1679545520414
1679545520220,1679545520482
1679545520278,1679545520526
1679545520306,1679545520565
1679545520529,1679545520731
1679545520461,1679545520740
1679545520567,1679545520778
1679545520661,1679545520909
1679545520863,1679545520992
1679545520718,1679545521101
1679545520944,1679545521187
1679545520957,1679545521254
1679545520907,1679545521256
1679545521171,1679545521373
1679545521139,1679545521420
1679545521132,1679545521441
1679545521540,1679545521690
1679545521556,1679545521751
1679545521710,1679545521883
1679545521504,1679545521900
1679545521735,1679545521955
1679545521791,1679545522009
1679545521817,1679545522017
1679545521876,1679545522088
1679545521857,1679545522115
1679545521934,1679545522174
1679545521965,1679545522227
1679545522020,1679545522240
1679545522149,1679545522319
1679545522100,1679545522387
1679545522356,1679545522477
1679545522276,1679545522514
1679545522312,1679545522553
1679545522331,1679545522668
1679545522334,1679545522674
1679545522235,1679545522687
1679545522372,1679545522700
1679545522553,1679545522761
1679545522488,1679545522810
1679545522509,1679545522819
1679545522677,1679545522900
1679545522729,1679545522942
1679545522817,1679545522982
1679545522434,1679545522991
1679545522995,1679545523152
1679545523104,1679545523237
1679545522895,1679545523241
1679545523133,1679545523347
1679545523205,1679545523358
1679545522565,1679545523364
1679545523147,1679545523403
1679545523376,1679545523525
1679545523280,1679545523536
1679545523333,1679545523565
1679545523501,1679545523702
1679545523593,1679545523730
1679545523441,1679545523792
1679545523610,1679545523801
1679545523695,1679545523850
1679545523658,1679545523881
1679545523550,1679545523894
1679545523737,1679545523946
1679545523525,1679545523946
1679545523733,1679545523960
1679545523847,1679545524110
1679545523928,1679545524192
1679545524021,1679545524242
1679545524071,1679545524268
1679545523936,1679545524283
1679545523873,1679545524289
1679545524076,1679545524304
1679545524230,1679545524390
1679545524257,1679545524416
1679545524113,1679545524553
1679545524271,1679545524560
1679545524364,1679545524578
1679545524531,1679545524738
1679545524728,1679545524824
1679545524651,1679545524886
1679545524744,1679545524917
1679545524666,1679545524944
1679545524627,1679545524994
1679545524743,1679545525101
1679545524982,1679545525147
1679545525072,1679545525231
1679545525049,1679545525312
1679545525077,1679545525353
1679545525141,1679545525382
1679545525176,1679545525413
1679545525059,1679545525425
1679545525322,1679545525562
1679545525463,1679545525729
1679545525585,1679545525803
1679545525512,1679545525849
1679545525660,1679545525856
1679545525577,1679545525883
1679545525566,1679545525930
1679545525790,1679545525952
1679545525742,1679545525975
1679545525482,1679545526011
1679545525842,1679545526020
1679545525893,1679545526081
1679545525949,1679545526111
1679545525947,1679545526206
1679545525977,1679545526318
1679545525997,1679545526342
1679545526145,1679545526350
1679545526185,1679545526385
1679545526216,1679545526414
1679545526237,1679545526450
1679545526221,1679545526501
1679545526364,1679545526550
1679545526493,1679545526831
1679545526670,1679545526856
1679545526625,1679545526913
1679545526676,1679545526932
1679545526743,1679545526952
1679545526897,1679545527044
1679545526896,1679545527049
1679545526864,1679545527052
1679545526906,1679545527060
1679545526989,1679545527131
1679545526860,1679545527136
1679545526865,1679545527232
1679545527064,1679545527306
1679545527053,1679545527342
1679545527168,1679545527344
1679545527059,1679545527393
1679545527304,1679545527440
1679545527203,1679545527443
1679545527376,1679545527489
1679545527398,1679545527551
1679545527322,1679545527647
1679545527334,1679545527656
1679545527458,1679545527748
1679545527577,1679545527754
1679545527516,1679545527785
1679545527720,1679545527955
1679545527837,1679545527965
1679545527748,1679545527995
1679545527732,1679545528028
1679545527987,1679545528146
1679545527907,1679545528160
1679545527919,1679545528163
1679545527917,1679545528264
1679545528097,1679545528293
1679545528184,1679545528310
1679545527953,1679545528321
1679545528205,1679545528470
1679545528344,1679545528537
1679545528337,1679545528622
1679545528567,1679545528693
1679545528470,1679545528735
1679545528480,1679545528764
1679545528621,1679545528771
1679545528605,1679545528862
1679545528722,1679545528868
1679545528722,1679545528883
1679545528765,1679545528937
1679545528837,1679545529096
1679545528886,1679545529166
1679545528921,1679545529238
1679545529040,1679545529271
1679545529123,1679545529379
1679545529178,1679545529409
1679545529310,1679545529545
1679545529441,1679545529611
1679545529347,1679545529625
1679545529377,1679545529720
1679545529511,1679545529721
1679545529596,1679545529753
1679545529441,1679545529772
1679545529505,1679545529869
1679545529679,1679545529879
1679545529666,1679545529946
1679545529801,1679545530050
1679545529885,1679545530107
1679545529833,1679545530140
1679545529632,1679545530165
1679545529827,1679545530195
1679545529960,1679545530211
1679545530025,1679545530352
1679545530188,1679545530406
1679545530246,1679545530408
1679545530322,1679545530493
1679545530160,1679545530559
1679545530403,1679545530573
1679545530481,1679545530719
1679545530431,1679545530776
1679545530590,1679545530864
1679545530707,1679545530908
1679545530767,1679545530919
1679545530764,1679545530951
1679545530821,1679545530987
1679545530825,1679545531056
1679545530904,1679545531140
1679545530927,1679545531185
1679545531010,1679545531241
1679545531011,1679545531249
1679545531080,1679545531324
1679545531031,1679545531357
1679545531118,1679545531458
1679545531198,1679545531482
1679545531303,1679545531510
1679545531234,1679545531532
1679545531233,1679545531621
1679545531204,1679545531626
1679545531496,1679545531666
1679545531317,1679545531724
1679545531383,1679545531727
1679545531490,1679545531800
1679545531640,1679545531897
1679545531705,1679545531926
1679545531781,1679545531963
1679545531724,1679545532005
1679545532000,1679545532107
1679545531965,1679545532181
1679545531887,1679545532189
1679545532058,1679545532284
1679545531978,1679545532300
1679545532028,1679545532316
1679545532164,1679545532321
1679545532159,1679545532423
1679545532207,1679545532435
1679545532096,1679545532481
1679545532346,1679545532510
1679545532303,1679545532565
1679545532410,1679545532627
1679545532338,1679545532640
1679545532544,1679545532703
1679545532505,1679545532746
1679545532536,1679545532754
1679545532647,1679545532779
1679545532725,1679545532872
1679545532805,1679545532956
1679545532740,1679545533085
1679545532848,1679545533168
1679545532717,1679545533191
1679545532919,1679545533225
1679545533077,1679545533338
1679545533095,1679545533440
1679545533066,1679545533506
1679545533386,1679545533542
1679545533383,1679545533694
1679545533524,1679545533724
1679545533445,1679545533724
1679545533458,1679545533785
1679545533593,1679545533822
1679545533691,1679545533961
1679545533785,1679545533994
1679545533844,1679545534125
1679545534035,1679545534178
1679545533938,1679545534221
1679545533869,1679545534243
1679545533984,1679545534317
1679545534144,1679545534371
1679545534098,1679545534406
1679545534191,1679545534435
1679545534302,1679545534453
1679545534098,1679545534484
1679545534017,1679545534504
1679545534536,1679545534678
1679545534565,1679545534718
1679545534496,1679545534728
1679545534500,1679545534745
1679545534565,1679545534760
1679545534512,1679545534790
1679545534565,1679545534879
1679545534553,1679545534895
1679545534695,1679545534925
1679545534781,1679545534980
1679545534710,1679545535031
1679545534860,1679545535040
1679545534973,1679545535151
1679545534873,1679545535176
1679545535009,1679545535210
1679545535071,1679545535369
1679545535162,1679545535388
1679545535041,1679545535431
1679545535202,1679545535454
1679545535161,1679545535455
1679545535301,1679545535505
1679545535303,1679545535587
1679545535552,1679545535735
1679545535558,1679545535778
1679545535590,1679545535808
1679545535741,1679545535945
1679545535699,1679545535973
1679545535845,1679545536088
1679545535897,1679545536126
1679545535775,1679545536145
1679545535969,1679545536206
1679545536136,1679545536269
1679545536203,1679545536360
1679545536281,1679545536484
1679545536377,1679545536560
1679545536357,1679545536618
1679545536435,1679545536647
1679545536406,1679545536689
1679545536563,1679545536791
1679545536661,1679545536810
1679545536700,1679545536859
1679545536589,1679545536901
1679545536760,1679545536955
1679545536757,1679545536988
1679545536799,1679545537050
1679545536821,1679545537093
1679545536851,1679545537153
1679545536969,1679545537162
1679545537161,1679545537301
1679545537105,1679545537320
1679545537177,1679545537384
1679545537173,1679545537413
1679545537225,1679545537421
1679545537161,1679545537449
1679545537144,1679545537463
1679545537261,1679545537469
1679545537322,1679545537513
1679545537294,1679545537523
1679545537225,1679545537628
1679545537367,1679545537635
1679545537499,1679545537690
1679545537504,1679545537770
1679545537597,1679545537910
1679545537759,1679545537948
1679545537621,1679545537994
1679545537717,1679545538006
1679545537622,1679545538007
1679545537967,1679545538136
1679545537819,1679545538174
1679545538009,1679545538187
1679545537964,1679545538308
1679545538254,1679545538496
1679545538206,1679545538514
1679545538356,1679545538557
1679545538333,1679545538561
1679545538360,1679545538568
1679545538242,1679545538568
1679545538326,1679545538688
1679545538429,1679545538700
1679545538456,1679545538706
1679545538562,1679545538789
1679545538584,1679545538834
1679545538759,1679545538957
1679545538777,1679545538979
1679545538765,1679545538990
1679545538893,1679545539021
1679545538828,1679545539042
1679545538760,1679545539096
1679545538877,1679545539258
1679545539026,1679545539353
1679545539055,1679545539358
1679545539058,1679545539360
1679545539065,1679545539477
1679545539261,1679545539522
1679545539257,1679545539540
1679545539245,1679545539546
1679545539290,1679545539643
1679545539428,1679545539651
1679545539502,1679545539757
1679545539604,1679545539821
1679545539709,1679545539934
1679545539680,1679545539936
1679545539958,1679545540167
1679545539995,1679545540199
1679545540213,1679545540421
1679545540241,1679545540569
1679545540180,1679545540583
1679545540265,1679545540615
1679545540271,1679545540641
1679545540123,1679545540643
1679545540491,1679545540692
1679545540288,1679545540692
1679545540443,1679545540697
1679545540428,1679545540714
1679545540540,1679545540720
1679545540332,1679545540737
1679545540456,1679545540814
1679545540409,1679545540831
1679545540520,1679545540849
1679545540637,1679545540915
1679545540703,1679545540936
1679545540788,1679545540980
1679545540660,1679545541014
1679545540926,1679545541153
1679545540922,1679545541164
1679545540992,1679545541203
1679545540824,1679545541271
1679545540699,1679545541309
1679545541225,1679545541399
1679545541231,1679545541421
1679545541203,1679545541422
1679545541461,1679545541665
1679545541417,1679545541679
1679545541510,1679545541711
1679545541559,1679545541763
1679545541651,1679545541871
1679545541927,1679545542089
1679545541942,1679545542144
1679545542011,1679545542165
1679545542023,1679545542192
1679545542004,1679545542378
1679545542194,1679545542393
1679545542133,1679545542427
1679545542287,1679545542458
1679545542253,1679545542463
1679545542337,1679545542547
1679545542209,1679545542567
1679545542492,1679545542667
1679545542483,1679545542693
1679545542310,1679545542742
1679545542573,1679545542764
1679545542573,1679545542871
1679545542472,1679545542906
1679545542770,1679545542931
1679545542773,1679545542953
1679545542595,1679545542965
1679545542633,1679545542972
1679545542710,1679545542994
1679545542773,1679545543007
1679545542764,1679545543051
1679545542697,1679545543052
1679545542829,1679545543093
1679545542577,1679545543125
1679545542999,1679545543176
1679545543076,1679545543234
1679545542962,1679545543258
1679545543021,1679545543270
1679545543407,1679545543567
1679545543322,1679545543665
1679545543461,1679545543691
1679545543511,1679545543732
1679545543553,1679545543753
1679545543598,1679545543753
1679545543474,1679545543769
1679545543664,1679545543872
1679545543639,1679545543887
1679545543697,1679545543925
1679545543703,1679545543982
1679545543756,1679545544012
1679545543733,1679545544050
1679545543886,1679545544062
1679545543813,1679545544068
1679545543910,1679545544116
1679545544002,1679545544186
1679545543989,1679545544255
1679545544135,1679545544319
1679545544236,1679545544334
1679545544055,1679545544399
1679545544229,1679545544456
1679545544276,1679545544539
1679545544456,1679545544646
1679545544425,1679545544780
1679545544569,1679545544792
1679545544508,1679545544830
1679545544481,1679545544841
1679545544609,1679545544884
1679545544677,1679545544968
1679545544797,1679545544975
1679545544729,1679545544976
1679545544821,1679545545062
1679545544943,1679545545111
1679545544927,1679545545124
1679545545015,1679545545187
1679545545084,1679545545218
1679545545141,1679545545329
1679545545387,1679545545492
1679545545225,1679545545564
1679545545520,1679545545653
1679545545477,1679545545711
1679545545456,1679545545716
1679545545242,1679545545730
1679545545597,1679545545828
1679545545637,1679545545834
1679545545641,1679545545890
1679545545574,1679545545907
1679545545693,1679545545939
1679545545542,1679545545957
1679545545755,1679545545958
1679545545897,1679545546060
1679545545830,1679545546101
1679545545954,1679545546105
1679545545891,1679545546111
1679545545882,1679545546153
1679545545733,1679545546250
1679545546075,1679545546260
1679545546181,1679545546425
1679545546236,1679545546522
1679545546411,1679545546649
1679545546468,1679545546676
1679545546327,1679545546700
1679545546381,1679545546740
1679545546409,1679545546776
1679545546590,1679545546784
1679545546733,1679545546920
1679545546738,1679545546980
1679545546864,1679545547021
1679545546834,1679545547099
1679545546871,1679545547140
1679545547125,1679545547267
1679545546879,1679545547309
1679545547097,1679545547311
1679545547165,1679545547360
1679545547037,1679545547436
1679545547298,1679545547460
1679545547361,1679545547493
1679545547266,1679545547524
1679545547358,1679545547543
1679545547425,1679545547603
1679545547413,1679545547639
1679545547437,1679545547654
1679545547371,1679545547726
1679545547534,1679545547783
1679545547428,1679545547796
1679545547699,1679545547916
1679545547583,1679545547960
1679545547760,1679545547996
1679545547950,1679545548115
1679545547960,1679545548164
1679545548040,1679545548235
1679545548133,1679545548251
1679545548077,1679545548269
1679545548004,1679545548297
1679545548125,1679545548336
1679545548077,1679545548355
1679545548130,1679545548366
1679545548055,1679545548372
1679545547966,1679545548377
1679545548221,1679545548405
1679545548363,1679545548490
1679545548451,1679545548636
1679545548581,1679545548819
1679545548550,1679545548874
1679545548566,1679545548907
1679545548732,1679545548912
1679545548681,1679545548968
1679545548887,1679545549121
1679545548841,1679545549138
1679545548836,1679545549149
1679545548866,1679545549353
1679545549365,1679545549447
1679545549082,1679545549473
1679545549351,1679545549491
1679545549360,1679545549501
1679545549267,1679545549502
1679545549190,1679545549504
1679545549357,1679545549623
1679545549284,1679545549626
1679545549405,1679545549743
1679545549499,1679545549785
1679545549504,1679545549796
1679545549552,1679545549835
1679545549607,1679545549878
1679545549796,1679545549886
1679545549668,1679545549949
1679545549735,1679545549998
1679545549936,1679545550050
1679545549901,1679545550068
1679545549881,1679545550095
1679545549975,1679545550184
1679545549958,1679545550193
1679545549952,1679545550295
1679545550132,1679545550335
1679545550254,1679545550367
1679545550230,1679545550566
1679545550378,1679545550643
1679545550548,1679545550684
1679545550380,1679545550722
1679545550408,1679545550760
1679545550677,1679545550871
1679545550496,1679545550884
1679545550638,1679545550919
1679545550743,1679545550968
1679545550781,1679545551001
1679545550860,1679545551202
1679545551133,1679545551340
1679545551186,1679545551397
1679545551127,1679545551402
1679545550997,1679545551411
1679545551250,1679545551430
1679545551484,1679545551648
1679545551456,1679545551658
1679545551224,1679545551713
1679545551499,1679545551728
1679545551405,1679545551770
1679545551546,1679545551824
1679545551351,1679545551838
1679545551650,1679545551911
1679545551749,1679545551939
1679545551815,1679545552094
1679545551828,1679545552190
1679545551948,1679545552236
1679545551997,1679545552245
1679545551687,1679545552256
1679545551872,1679545552311
1679545552254,1679545552385
1679545552274,1679545552489
1679545552180,1679545552525
1679545552364,1679545552553
1679545552426,1679545552595
1679545552433,1679545552613
1679545552380,1679545552622
1679545552217,1679545552707
1679545552513,1679545552799
1679545552511,1679545552861
1679545552788,1679545552991
1679545552707,1679545552993
1679545552874,1679545553010
1679545552873,1679545553028
1679545552867,1679545553083
1679545552924,1679545553087
1679545552678,1679545553092
1679545553042,1679545553165
1679545552792,1679545553167
1679545552945,1679545553181
1679545552969,1679545553223
1679545552984,1679545553314
1679545552977,1679545553366
1679545553276,1679545553521
1679545553298,1679545553587
1679545553307,1679545553592
1679545553633,1679545553767
1679545553644,1679545553867
1679545553555,1679545553881
1679545553572,1679545553904
1679545553816,1679545554050
1679545553810,1679545554090
1679545553800,1679545554113
1679545553876,1679545554120
1679545553967,1679545554210
1679545553841,1679545554222
1679545553934,1679545554233
1679545553997,1679545554241
1679545554040,1679545554327
1679545554128,1679545554407
1679545554303,1679545554516
1679545554409,1679545554587
1679545554465,1679545554677
1679545554373,1679545554690
1679545554347,1679545554693
1679545554469,1679545554793
1679545554513,1679545554822
1679545554543,1679545554824
1679545554586,1679545554868
1679545554680,1679545554925
1679545554696,1679545554945
1679545554617,1679545555025
1679545554868,1679545555081
1679545554689,1679545555174
1679545555003,1679545555234
1679545554924,1679545555302
1679545555229,1679545555389
1679545555241,1679545555422
1679545555193,1679545555431
1679545555125,1679545555486
1679545555495,1679545555638
1679545555409,1679545555650
1679545555350,1679545555654
1679545555548,1679545555757
1679545555538,1679545555825
1679545555556,1679545555833
1679545555671,1679545555937
1679545555781,1679545556024
1679545555853,1679545556032
1679545555775,1679545556155
1679545555918,1679545556178
1679545555937,1679545556194
1679545556000,1679545556225
1679545555942,1679545556285
1679545556063,1679545556323
1679545556273,1679545556492
1679545556261,1679545556539
1679545556342,1679545556564
1679545556409,1679545556578
1679545556309,1679545556586
1679545556381,1679545556630
1679545556481,1679545556703
1679545556361,1679545556744
1679545556680,1679545556856
1679545556674,1679545556896
1679545556457,1679545556913
1679545556646,1679545556921
1679545556745,1679545556958
1679545556712,1679545556975
1679545556817,1679545557098
1679545556508,1679545557099
1679545556974,1679545557164
1679545556852,1679545557218
1679545557033,1679545557224
1679545557136,1679545557265
1679545557122,1679545557329
1679545557225,1679545557362
1679545557213,1679545557403
1679545557209,1679545557431
1679545557100,1679545557454
1679545557229,1679545557485
1679545557282,1679545557646
1679545557175,1679545557703
1679545557481,1679545557747
1679545557579,1679545557779
1679545557467,1679545557791
1679545557557,1679545557801
1679545557544,1679545557828
1679545557631,1679545557841
1679545557781,1679545557990
1679545557806,1679545558030
1679545557925,1679545558084
1679545557858,1679545558120
1679545557855,1679545558164
1679545557908,1679545558243
1679545557941,1679545558286
1679545558025,1679545558310
1679545558016,1679545558332
1679545558150,1679545558339
1679545558125,1679545558446
1679545558305,1679545558479
1679545558284,1679545558507
1679545558310,1679545558647
1679545558487,1679545558679
1679545558516,1679545558808
1679545558581,1679545558823
1679545558689,1679545558901
1679545558619,1679545558955
1679545558765,1679545558973
1679545558945,1679545559049
1679545558514,1679545559106
1679545558988,1679545559173
1679545558964,1679545559317
1679545559033,1679545559346
1679545559177,1679545559361
1679545559162,1679545559417
1679545559133,1679545559427
1679545559277,1679545559470
1679545559177,1679545559471
1679545559259,1679545559490
1679545559403,1679545559542
1679545559166,1679545559680
1679545559477,1679545559713
1679545559577,1679545559742
1679545559515,1679545559765
1679545559535,1679545559775
1679545559755,1679545559903
1679545559615,1679545559918
1679545559829,1679545560020
1679545559728,1679545560035
1679545559747,1679545560062
1679545559641,1679545560090
1679545559900,1679545560145
1679545559636,1679545560149
1679545559940,1679545560265
1679545560095,1679545560289
1679545560138,1679545560314
1679545560100,1679545560447
1679545560229,1679545560541
1679545560397,1679545560572
1679545560364,1679545560596
1679545560213,1679545560665
1679545560342,1679545560719
1679545560526,1679545560763
1679545560594,1679545560765
1679545560535,1679545560792
1679545560703,1679545560795
1679545560557,1679545560893
1679545560592,1679545560897
1679545560751,1679545561027
1679545561010,1679545561167
1679545561019,1679545561226
1679545561129,1679545561297
1679545560863,1679545561307
1679545561265,1679545561329
1679545561116,1679545561363
1679545561205,1679545561457
1679545561327,1679545561516
1679545561333,1679545561519
1679545561174,1679545561530
1679545561213,1679545561575
1679545561360,1679545561645
1679545561373,1679545561667
1679545561513,1679545561718
1679545561497,1679545561798
1679545561610,1679545561873
1679545561670,1679545561888
1679545561712,1679545561902
1679545561645,1679545561955
1679545561611,1679545561967
1679545561771,1679545561987
1679545561894,1679545561999
1679545561805,1679545562062
1679545561937,1679545562170
1679545562021,1679545562201
1679545561992,1679545562270
1679545562184,1679545562343
1679545562071,1679545562363
1679545562301,1679545562391
1679545562250,1679545562444
1679545562332,1679545562555
1679545562437,1679545562579
1679545562385,1679545562763
1679545562620,1679545562880
1679545562738,1679545562882
1679545562689,1679545562889
1679545562804,1679545562962
1679545562685,1679545563014
1679545562685,1679545563024
1679545562781,1679545563027
1679545562668,1679545563042
1679545562886,1679545563121
1679545562861,1679545563127
1679545562866,1679545563144
1679545562972,1679545563193
1679545562769,1679545563197
1679545562973,1679545563289
1679545563261,1679545563419
1679545563089,1679545563432
1679545563361,1679545563490
1679545563393,1679545563554
1679545563389,1679545563607
1679545563553,1679545563671
1679545563566,1679545563744
1679545563586,1679545563837
1679545563586,1679545563876
1679545563686,1679545563914
1679545563775,1679545563945
1679545563771,1679545563973
1679545563876,1679545564032
1679545563932,1679545564123
1679545564116,1679545564255
1679545564065,1679545564359
1679545564034,1679545564429
1679545564153,1679545564449
1679545564240,1679545564450
1679545564315,1679545564455
1679545564211,1679545564508
1679545564269,1679545564535
1679545564477,1679545564722
1679545564552,1679545564728
1679545564392,1679545564837
1679545564651,1679545564861
1679545564690,1679545564865
1679545564479,1679545564896
1679545564681,1679545564945
1679545564697,1679545564955
1679545564897,1679545565037
1679545564953,1679545565145
1679545564672,1679545565176
1679545565012,1679545565190
1679545565026,1679545565228
1679545565154,1679545565303
1679545565065,1679545565369
1679545565169,1679545565445
1679545565344,1679545565455
1679545565397,1679545565593
1679545565358,1679545565612
1679545565307,1679545565818
1679545565546,1679545565820
1679545565665,1679545565826
1679545565516,1679545565853
1679545565447,1679545565868
1679545565783,1679545565918
1679545565527,1679545565921
1679545565641,1679545566004
1679545565511,1679545566006
1679545565797,1679545566009
1679545565643,1679545566032
1679545565833,1679545566069
1679545565951,1679545566103
1679545565511,1679545566142
1679545565826,1679545566143
1679545565965,1679545566202
1679545566029,1679545566328
1679545566025,1679545566364
1679545566076,1679545566453
1679545566245,1679545566495
1679545566353,1679545566584
1679545566491,1679545566687
1679545566521,1679545566739
1679545566525,1679545566759
1679545566529,1679545566812
1679545566663,1679545566908
1679545566693,1679545566959
1679545566856,1679545567024
1679545566797,1679545567031
1679545566818,1679545567062
1679545567002,1679545567165
1679545566911,1679545567171
1679545567034,1679545567253
1679545567069,1679545567304
1679545567231,1679545567443
1679545567280,1679545567529
1679545567297,1679545567550
1679545567231,1679545567636
1679545567426,1679545567688
1679545567309,1679545567725
1679545567530,1679545567756
1679545567649,1679545567870
1679545567731,1679545567888
1679545567743,1679545567908
1679545567726,1679545567995
1679545567822,1679545568012
1679545567753,1679545568029
1679545567884,1679545568152
1679545568054,1679545568273
1679545568073,1679545568276
1679545568076,1679545568279
1679545568093,1679545568293
1679545568153,1679545568344
1679545568172,1679545568374
1679545568288,1679545568511
1679545568288,1679545568536
1679545568159,1679545568545
1679545568292,1679545568556
1679545568333,1679545568574
1679545568325,1679545568660
1679545568571,1679545568751
1679545568670,1679545568767
1679545568781,1679545568911
1679545568774,1679545568979
1679545568701,1679545569088
1679545568699,1679545569113
1679545568950,1679545569131
1679545569093,1679545569240
1679545569011,1679545569247
1679545568898,1679545569260
1679545569085,1679545569336
1679545569203,1679545569411
1679545569218,1679545569498
1679545569298,1679545569543
1679545569349,1679545569570
1679545569267,1679545569598
1679545569448,1679545569695
1679545569584,1679545569720
1679545569522,1679545569730
1679545569530,1679545569748
1679545569647,1679545569828
1679545569642,1679545569840
1679545569629,1679545569861
1679545569787,1679545569984
1679545569872,1679545570072
1679545569803,1679545570074
1679545569711,1679545570088
1679545569946,1679545570164
1679545570128,1679545570280
1679545570072,1679545570313
1679545570037,1679545570324
1679545570218,1679545570379
1679545570059,1679545570420
1679545570259,1679545570447
1679545570330,1679545570459
1679545570428,1679545570625
1679545570568,1679545570756
1679545570557,1679545570756
1679545570271,1679545570786
1679545570584,1679545570808
1679545570698,1679545570896
1679545570795,1679545570931
1679545570754,1679545570961
1679545570795,1679545570978
1679545570701,1679545571040
1679545570807,1679545571105
1679545570959,1679545571191
1679545570983,1679545571219
1679545571036,1679545571235
1679545571094,1679545571265
1679545571107,1679545571281
1679545570977,1679545571313
1679545571201,1679545571386
1679545571031,1679545571419
1679545571335,1679545571576
1679545571309,1679545571589
1679545571363,1679545571652
1679545571512,1679545571711
1679545571429,1679545571761
1679545571407,1679545571765
1679545571509,1679545571805
1679545571574,1679545571833
1679545571613,1679545571835
1679545571409,1679545571864
1679545571561,1679545571901
1679545571646,1679545572004
1679545572009,1679545572166
1679545572107,1679545572323
1679545572058,1679545572346
1679545572080,1679545572376
1679545572249,1679545572426
1679545572253,1679545572460
1679545572270,1679545572462
1679545572107,1679545572522
1679545572445,1679545572641
1679545572386,1679545572642
1679545572440,1679545572662
1679545572493,1679545572669
1679545572607,1679545572757
1679545572694,1679545572806
1679545572828,1679545572966
1679545572620,1679545573001
1679545572841,1679545573047
1679545572731,1679545573104
1679545572873,1679545573106
1679545573013,1679545573167
1679545572825,1679545573201
1679545573119,1679545573262
1679545572916,1679545573272
1679545573180,1679545573342
1679545573160,1679545573389
1679545573071,1679545573416
1679545573169,1679545573454
1679545573200,1679545573468
1679545573216,1679545573481
1679545573295,1679545573525
1679545573274,1679545573549
1679545573352,1679545573611
1679545573445,1679545573672
1679545573493,1679545573717
1679545573635,1679545573800
1679545573600,1679545573944
1679545573808,1679545573983
1679545573865,1679545574057
1679545573734,1679545574096
1679545573837,1679545574171
1679545573953,1679545574180
1679545573954,1679545574190
1679545574006,1679545574202
1679545574082,1679545574255
1679545573933,1679545574283
1679545574118,1679545574432
1679545574189,1679545574494
1679545574230,1679545574522
1679545574369,1679545574635
1679545574474,1679545574642
1679545574488,1679545574677
1679545574457,1679545574743
1679545574521,1679545574804
1679545574646,1679545574812
1679545574728,1679545574911
1679545574755,1679545574971
1679545574841,1679545575083
1679545574933,1679545575089
1679545574888,1679545575126
1679545574706,1679545575134
1679545575010,1679545575168
1679545575065,1679545575247
1679545575103,1679545575314
1679545575076,1679545575337
1679545575151,1679545575406
1679545575232,1679545575448
1679545575251,1679545575465
1679545575141,1679545575504
1679545575289,1679545575607
1679545575362,1679545575622
1679545575390,1679545575636
1679545575606,1679545575742
1679545575705,1679545575838
1679545575465,1679545575910
1679545575742,1679545575918
1679545575633,1679545575927
1679545575855,1679545575944
1679545575700,1679545575950
1679545575894,1679545576090
1679545576024,1679545576170
1679545576111,1679545576291
1679545575879,1679545576337
1679545576187,1679545576496
1679545576396,1679545576539
1679545576244,1679545576560
1679545576367,1679545576574
1679545576424,1679545576600
1679545576353,1679545576680
1679545576453,1679545576726
1679545576292,1679545576739
1679545576551,1679545576756
1679545576509,1679545576843
1679545576770,1679545576866
1679545576636,1679545576897
1679545576595,1679545576942
1679545576736,1679545576978
1679545576847,1679545577118
1679545577106,1679545577269
1679545577012,1679545577290
1679545577142,1679545577347
1679545577240,1679545577474
1679545577249,1679545577501
1679545577300,1679545577556
1679545577165,1679545577573
1679545577515,1679545577638
1679545577678,1679545577829
1679545577697,1679545577911
1679545577621,1679545577932
1679545577802,1679545578023
1679545577674,1679545578041
1679545577961,1679545578061
1679545577653,1679545578076
1679545577809,1679545578147
1679545577976,1679545578147
1679545577881,1679545578163
1679545577817,1679545578226
1679545577863,1679545578234
1679545577997,1679545578281
1679545577963,1679545578312
1679545578105,1679545578321
1679545578125,1679545578364
1679545578227,1679545578384
1679545578265,1679545578443
1679545578313,1679545578483
1679545578425,1679545578672
1679545578455,1679545578676
1679545578455,1679545578751
1679545578555,1679545578753
1679545578628,1679545578863
1679545578545,1679545578902
1679545578820,1679545578973
1679545578846,1679545579096
1679545579051,1679545579302
1679545579072,1679545579313
1679545579153,1679545579314
1679545579095,1679545579316
1679545579103,1679545579343
1679545579197,1679545579433
1679545579157,1679545579457
1679545579253,1679545579470
1679545579165,1679545579496
1679545579352,1679545579521
1679545579273,1679545579535
1679545579371,1679545579634
1679545579397,1679545579689
1679545579505,1679545579827
1679545579733,1679545579843
1679545579769,1679545579961
1679545579753,1679545580000
1679545579873,1679545580022
1679545579784,1679545580031
1679545579896,1679545580056
1679545579873,1679545580214
1679545579948,1679545580241
1679545580009,1679545580250
1679545579992,1679545580275
1679545580177,1679545580291
1679545580203,1679545580387
1679545580333,1679545580516
1679545580309,1679545580545
1679545580324,1679545580552
1679545580031,1679545580554
1679545580514,1679545580666
1679545580423,1679545580697
1679545580506,1679545580730
1679545580512,1679545580837
1679545580851,1679545580973
1679545580795,1679545581032
1679545580789,1679545581098
1679545580833,1679545581101
1679545580776,1679545581113
1679545581025,1679545581137
1679545580882,1679545581212
1679545581041,1679545581278
1679545581231,1679545581385
1679545581252,1679545581431
1679545581340,1679545581551
1679545581280,1679545581617
1679545581529,1679545581820
1679545581578,1679545581837
1679545581582,1679545581859
1679545581470,1679545581872
1679545581689,1679545581879
1679545581638,1679545581911
1679545581495,1679545581943
1679545581836,1679545582036
1679545581949,1679545582113
1679545581778,1679545582148
1679545582029,1679545582199
1679545582029,1679545582201
1679545582006,1679545582313
1679545582026,1679545582325
1679545582170,1679545582355
1679545582242,1679545582422
1679545582143,1679545582430
1679545582336,1679545582518
1679545582305,1679545582546
1679545582340,1679545582594
1679545582431,1679545582622
1679545582296,1679545582656
1679545582372,1679545582658
1679545582405,1679545582679
1679545582673,1679545582880
1679545582875,1679545583011
1679545582911,1679545583131
1679545582914,1679545583164
1679545582894,1679545583213
1679545583164,1679545583273
1679545582989,1679545583307
1679545583037,1679545583331
1679545583108,1679545583411
1679545583193,1679545583436
1679545583244,1679545583442
1679545583097,1679545583457
1679545583259,1679545583457
1679545583257,1679545583548
1679545583396,1679545583607
1679545583467,1679545583665
1679545583479,1679545583671
1679545583376,1679545583692
1679545583325,1679545583759
1679545583633,1679545583808
1679545583646,1679545583835
1679545583538,1679545583879
1679545583713,1679545583916
1679545583546,1679545583990
1679545583837,1679545584080
1679545583947,1679545584200
1679545584025,1679545584248
1679545584032,1679545584264
1679545584140,1679545584315
1679545584236,1679545584393
1679545584114,1679545584408
1679545584291,1679545584483
1679545584345,1679545584501
1679545584125,1679545584669
1679545584452,1679545584682
1679545584421,1679545584706
1679545584624,1679545584814
1679545584701,1679545584825
1679545584558,1679545584865
1679545584772,1679545584976
1679545584788,1679545584979
1679545584805,1679545584993
1679545584876,1679545585043
1679545584790,1679545585044
1679545584754,1679545585050
1679545584892,1679545585080
1679545584872,1679545585182
1679545584976,1679545585274
1679545585036,1679545585289
1679545585145,1679545585291
1679545585158,1679545585412
1679545584997,1679545585412
1679545585317,1679545585506
1679545585286,1679545585513
1679545585279,1679545585578
1679545585485,1679545585708
1679545585464,1679545585763
1679545585545,1679545585807
1679545585686,1679545585954
1679545585753,1679545586016
1679545585841,1679545586026
1679545585839,1679545586066
1679545585980,1679545586187
1679545585906,1679545586205
1679545586069,1679545586240
1679545585753,1679545586251
1679545586083,1679545586336
1679545585965,1679545586387
1679545586108,1679545586395
1679545586380,1679545586536
1679545586227,1679545586539
1679545586297,1679545586566
1679545586257,1679545586569
1679545586411,1679545586611
1679545586405,1679545586625
1679545586328,1679545586626
1679545586439,1679545586640
1679545586628,1679545586774
1679545586605,1679545586816
1679545586709,1679545586862
1679545586617,1679545586885
1679545586760,1679545586961
1679545586590,1679545586986
1679545586882,1679545587020
1679545586794,1679545587115
1679545586897,1679545587189
1679545587155,1679545587293
1679545587147,1679545587342
1679545587196,1679545587385
1679545587193,1679545587407
1679545587160,1679545587441
1679545587339,1679545587633
1679545587481,1679545587643
1679545587591,1679545587817
1679545587646,1679545587845
1679545587660,1679545587859
1679545587573,1679545587949
1679545587742,1679545588034
1679545587929,1679545588058
1679545587808,1679545588084
1679545588005,1679545588191
1679545588081,1679545588302
1679545588040,1679545588314
1679545588008,1679545588314
1679545588135,1679545588340
1679545588102,1679545588357
1679545588204,1679545588425
1679545588236,1679545588446
1679545588264,1679545588479
1679545588254,1679545588526
1679545588286,1679545588535
1679545588388,1679545588650
1679545588379,1679545588665
1679545588408,1679545588734
1679545588390,1679545588810
1679545588643,1679545588888
1679545588748,1679545588922
1679545588748,1679545589046
1679545588944,1679545589060
1679545588849,1679545589113
1679545588836,1679545589216
1679545589036,1679545589238
1679545589172,1679545589261
1679545589165,1679545589322
1679545589201,1679545589484
1679545589122,1679545589487
1679545589285,1679545589511
1679545589454,1679545589653
1679545589450,1679545589688
1679545589513,1679545589723
1679545589585,1679545589853
1679545589585,1679545589892
1679545589788,1679545589967
1679545589769,1679545589985
1679545589800,1679545589992
1679545589889,1679545590158
1679545589969,1679545590238
1679545590045,1679545590340
1679545590061,1679545590381
1679545590174,1679545590471
1679545590277,1679545590539
1679545590120,1679545590544
1679545590357,1679545590599
1679545590536,1679545590711
1679545590420,1679545590736
1679545590544,1679545590755
1679545590511,1679545590813
1679545590633,1679545590861
1679545590603,1679545590871
1679545590533,1679545590873
1679545590838,1679545591048
1679545590749,1679545591087
1679545590723,1679545591104
1679545590899,1679545591107
1679545590840,1679545591127
1679545590964,1679545591145
1679545591103,1679545591295
1679545591021,1679545591389
1679545591073,1679545591405
1679545591303,1679545591433
1679545591249,1679545591468
1679545591306,1679545591580
1679545591311,1679545591582
1679545591382,1679545591701
1679545591521,1679545591802
1679545591645,1679545591909
1679545591708,1679545591965
1679545591818,1679545591978
1679545591912,1679545592102
1679545591895,1679545592108
1679545591949,1679545592109
1679545591971,1679545592200
1679545592012,1679545592247
1679545591997,1679545592252
1679545591929,1679545592264
1679545591896,1679545592309
1679545592095,1679545592410
1679545592089,1679545592419
1679545592213,1679545592479
1679545592245,1679545592513
1679545592344,1679545592533
1679545592173,1679545592577
1679545592356,1679545592618
1679545592381,1679545592631
1679545592374,1679545592645
1679545592398,1679545592730
1679545592585,1679545592895
1679545592758,1679545592934
1679545592806,1679545592976
1679545592811,1679545593023
1679545592910,1679545593159
1679545592864,1679545593160
1679545593118,1679545593294
1679545593097,1679545593314
1679545593209,1679545593392
1679545593094,1679545593457
1679545593150,1679545593483
1679545593303,1679545593524
1679545593226,1679545593560
1679545593225,1679545593567
1679545593450,1679545593642
1679545593402,1679545593683
1679545593635,1679545593793
1679545593496,1679545593842
1679545593691,1679545593944
1679545593818,1679545593995
1679545593832,1679545594054
1679545593998,1679545594221
1679545594009,1679545594249
1679545593987,1679545594259
1679545593955,1679545594268
1679545594090,1679545594314
1679545594209,1679545594452
1679545594134,1679545594534
1679545594343,1679545594540
1679545594297,1679545594578
1679545594421,1679545594592
1679545594381,1679545594602
1679545594404,1679545594725
1679545594704,1679545594899
1679545594665,1679545594965
1679545594819,1679545594976
1679545594557,1679545594995
1679545594568,1679545594998
1679545594639,1679545595017
1679545594570,1679545595031
1679545594796,1679545595031
1679545594881,1679545595039
1679545594798,1679545595048
1679545594924,1679545595140
1679545594843,1679545595179
1679545594974,1679545595206
1679545595070,1679545595295
1679545595118,1679545595301
1679545595223,1679545595432
1679545595447,1679545595621
1679545595309,1679545595633
1679545595471,1679545595673
1679545595520,1679545595733
1679545595418,1679545595789
1679545595605,1679545595900
1679545595623,1679545595939
1679545595737,1679545595954
1679545595795,1679545595958
1679545595843,1679545596005
1679545595923,1679545596105
1679545595820,1679545596134
1679545595953,1679545596180
1679545596137,1679545596333
1679545596203,1679545596403
1679545596228,1679545596421
1679545596385,1679545596538
1679545596274,1679545596551
1679545596586,1679545596686
1679545596436,1679545596710
1679545596573,1679545596761
1679545596620,1679545596804
1679545596741,1679545596936
1679545596802,1679545596956
1679545596424,1679545596977
1679545596761,1679545597094
1679545596744,1679545597095
1679545597049,1679545597193
1679545597030,1679545597210
1679545596786,1679545597226
1679545597056,1679545597299
1679545597078,1679545597333
1679545597182,1679545597354
1679545597239,1679545597450
1679545597392,1679545597528
1679545597239,1679545597561
1679545597269,1679545597566
1679545597260,1679545597571
1679545597385,1679545597652
1679545597441,1679545597656
1679545597528,1679545597720
1679545597447,1679545597742
1679545597534,1679545597811
1679545597458,1679545597833
1679545597719,1679545597925
1679545597715,1679545597989
1679545597696,1679545598038
1679545598149,1679545598323
1679545598043,1679545598334
1679545597941,1679545598348
1679545598192,1679545598384
1679545598050,1679545598422
1679545597983,1679545598467
1679545598127,1679545598495
1679545598257,1679545598518
1679545598126,1679545598536
1679545598246,1679545598546
1679545598416,1679545598679
1679545598444,1679545598683
1679545598489,1679545598712
1679545598529,1679545598732
1679545598653,1679545598815
1679545598632,1679545598844
1679545598785,1679545598984
1679545598649,1679545598994
1679545598757,1679545598998
1679545598701,1679545599007
1679545598832,1679545599059
1679545598864,1679545599228
1679545598994,1679545599238
1679545599049,1679545599346
1679545599161,1679545599347
1679545599077,1679545599372
1679545599060,1679545599470
1679545599332,1679545599488
1679545599413,1679545599622
1679545599513,1679545599684
1679545599566,1679545599730
1679545599585,1679545599743
1679545599329,1679545599756
1679545599739,1679545599904
1679545599685,1679545599980
1679545599750,1679545599994
1679545600049,1679545600258
1679545600021,1679545600271
1679545600005,1679545600331
1679545600145,1679545600391
1679545600155,1679545600403
1679545600172,1679545600415
1679545600282,1679545600445
1679545600217,1679545600483
1679545600311,1679545600626
1679545600448,1679545600633
1679545600548,1679545600737
1679545600621,1679545600844
1679545600642,1679545600877
1679545600614,1679545600906
1679545600448,1679545600970
1679545600777,1679545601088
1679545600873,1679545601097
1679545601021,1679545601186
1679545600825,1679545601241
1679545600751,1679545601261
1679545601251,1679545601414
1679545601279,1679545601418
1679545601246,1679545601453
1679545601269,1679545601474
1679545601088,1679545601484
1679545601476,1679545601588
1679545601330,1679545601658
1679545601449,1679545601662
1679545601411,1679545601688
1679545601532,1679545601719
1679545601373,1679545601725
1679545601688,1679545601901
1679545601693,1679545601949
1679545601791,1679545601980
1679545601481,1679545601994
1679545601897,1679545602102
1679545601958,1679545602139
1679545601907,1679545602165
1679545601963,1679545602169
1679545601931,1679545602213
1679545602008,1679545602313
1679545602169,1679545602394
1679545602112,1679545602399
1679545602192,1679545602470
1679545602147,1679545602501
1679545602362,1679545602570
1679545602461,1679545602656
1679545602413,1679545602668
1679545602489,1679545602781
1679545602553,1679545602782
1679545602516,1679545602796
1679545602457,1679545602818
1679545602869,1679545602969
1679545602722,1679545602985
1679545602821,1679545603011
1679545602869,1679545603076
1679545602939,1679545603174
1679545603015,1679545603240
1679545602992,1679545603240
1679545603032,1679545603255
1679545603123,1679545603352
1679545603178,1679545603386
1679545603140,1679545603424
1679545603086,1679545603454
1679545603324,1679545603473
1679545603149,1679545603477
1679545603173,1679545603490
1679545603259,1679545603544
1679545603366,1679545603616
1679545603506,1679545603720
1679545603468,1679545604022
1679545603852,1679545604029
1679545603821,1679545604056
1679545604070,1679545604260
1679545604165,1679545604306
1679545603980,1679545604326
1679545604160,1679545604383
1679545604268,1679545604478
1679545604407,1679545604629
1679545604401,1679545604676
1679545604427,1679545604689
1679545604469,1679545604703
1679545604524,1679545604835
1679545604737,1679545604995
1679545604789,1679545605026
1679545604895,1679545605114
1679545604990,1679545605170
1679545604847,1679545605202
1679545604990,1679545605224
1679545604859,1679545605303
1679545605165,1679545605348
1679545605165,1679545605380
1679545605125,1679545605410
1679545605236,1679545605423
1679545605262,1679545605446
1679545605318,1679545605617
1679545605386,1679545605688
1679545605468,1679545605739
1679545605581,1679545605742
1679545605490,1679545605818
1679545605617,1679545605821
1679545605617,1679545605899
1679545605609,1679545605931
1679545605801,1679545605985
1679545605948,1679545606062
1679545605780,1679545606147
1679545605980,1679545606181
1679545606197,1679545606377
1679545606203,1679545606385
1679545606056,1679545606438
1679545606174,1679545606443
1679545606222,1679545606459
1679545606319,1679545606545
1679545606491,1679545606612
1679545606502,1679545606636
1679545606360,1679545606637
1679545606401,1679545606775
1679545606706,1679545606825
1679545606597,1679545606851
1679545606751,1679545606981
1679545606706,1679545607014
1679545606885,1679545607034
1679545606821,1679545607054
1679545606984,1679545607146
1679545606962,1679545607190
1679545607023,1679545607265
1679545606992,1679545607293
1679545607132,1679545607299
1679545607073,1679545607302
1679545607157,1679545607428
1679545607132,1679545607464
1679545607138,1679545607470
1679545607297,1679545607509
1679545607296,1679545607565
1679545607373,1679545607645
1679545607509,1679545607698
1679545607551,1679545607712
1679545607550,1679545607772
1679545607573,1679545607953
1679545607850,1679545608038
1679545607841,1679545608079
1679545607678,1679545608189
1679545607987,1679545608195
1679545608163,1679545608311
1679545608160,1679545608347
1679545608005,1679545608396
1679545608258,1679545608440
1679545608229,1679545608453
1679545608244,1679545608453
1679545608297,1679545608465
1679545607941,1679545608494
1679545608265,1679545608579
1679545608380,1679545608590
1679545608409,1679545608657
1679545608425,1679545608680
1679545608533,1679545608687
1679545608629,1679545608832
1679545608687,1679545608845
1679545608413,1679545608853
1679545608669,1679545608963
1679545608780,1679545608967
1679545608768,1679545609059
1679545608909,1679545609076
1679545608960,1679545609148
1679545608970,1679545609151
1679545608921,1679545609350
1679545609481,1679545609707
1679545609577,1679545609720
1679545609663,1679545609831
1679545609773,1679545609921
1679545609585,1679545609947
1679545609910,1679545610104
1679545609828,1679545610120
1679545609727,1679545610127
1679545610002,1679545610188
1679545610032,1679545610264
1679545610059,1679545610289
1679545610053,1679545610333
1679545610251,1679545610479
1679545610298,1679545610491
1679545610315,1679545610545
1679545610471,1679545610595
1679545610485,1679545610730
1679545610348,1679545610738
1679545610583,1679545610814
1679545610648,1679545610820
1679545610665,1679545610901
1679545610651,1679545610930
1679545610805,1679545610984
1679545610697,1679545611052
1679545610816,1679545611092
1679545610857,1679545611108
1679545610805,1679545611125
1679545610781,1679545611137
1679545610760,1679545611195
1679545610893,1679545611230
1679545610940,1679545611269
1679545611073,1679545611273
1679545611084,1679545611319
1679545611333,1679545611429
1679545611290,1679545611497
1679545611377,1679545611626
1679545611261,1679545611647
1679545611573,1679545611715
1679545611319,1679545611757
1679545611688,1679545611865
1679545611801,1679545611939
1679545611625,1679545611973
1679545611755,1679545611992
1679545611749,1679545612025
1679545611905,1679545612082
1679545611673,1679545612087
1679545612007,1679545612146
1679545611995,1679545612179
1679545611909,1679545612227
1679545611685,1679545612229
1679545612036,1679545612306
1679545612015,1679545612339
1679545612033,1679545612353
1679545612173,1679545612400
1679545612244,1679545612409
1679545612183,1679545612446
1679545612260,1679545612524
1679545612420,1679545612593
1679545612338,1679545612600
1679545612538,1679545612719
1679545612653,1679545612756
1679545612481,1679545612799
1679545612648,1679545612822
1679545612719,1679545612874
1679545612630,1679545612882
1679545612709,1679545612893
1679545612794,1679545612911
1679545612809,1679545613042
1679545612941,1679545613149
1679545612864,1679545613152
1679545613012,1679545613258
1679545613119,1679545613301
1679545613093,1679545613319
1679545613161,1679545613327
1679545613189,1679545613346
1679545613197,1679545613523
1679545613437,1679545613588
1679545613473,1679545613649
1679545613448,1679545613668
1679545613377,1679545613725
1679545613501,1679545613782
1679545613593,1679545613858
1679545613730,1679545613916
1679545613700,1679545613988
1679545613628,1679545614006
1679545613797,1679545614018
1679545613885,1679545614077
1679545614013,1679545614195
1679545613960,1679545614266
1679545614107,1679545614272
1679545614025,1679545614292
1679545614131,1679545614308
1679545614062,1679545614337
1679545614178,1679545614351
1679545614149,1679545614380
1679545614157,1679545614385
1679545613990,1679545614388
1679545614281,1679545614471
1679545614225,1679545614548
1679545614368,1679545614678
1679545614344,1679545614686
1679545614501,1679545614750
1679545614512,1679545614791
1679545614544,1679545614798
1679545614751,1679545614925
1679545614793,1679545614974
1679545614807,1679545615014
1679545614953,1679545615141
1679545614839,1679545615157
1679545614925,1679545615215
1679545614868,1679545615271
1679545615131,1679545615396
1679545615258,1679545615397
1679545615100,1679545615461
1679545615198,1679545615462
1679545615311,1679545615464
1679545615300,1679545615475
1679545615365,1679545615485
1679545615356,1679545615657
1679545615407,1679545615715
1679545615586,1679545615754
1679545615547,1679545615802
1679545615657,1679545615889
1679545615588,1679545615941
1679545615712,1679545615942
1679545615618,1679545615945
1679545615629,1679545615967
1679545615717,1679545616056
1679545615820,1679545616067
1679545615847,1679545616111
1679545615887,1679545616171
1679545615864,1679545616200
1679545615972,1679545616267
1679545616204,1679545616375
1679545616268,1679545616433
1679545616311,1679545616474
1679545616289,1679545616512
1679545616347,1679545616540
1679545616295,1679545616568
1679545616408,1679545616612
1679545616401,1679545616652
1679545616507,1679545616712
1679545616525,1679545616782
1679545616694,1679545616862
1679545616516,1679545616902
1679545616616,1679545616948
1679545616721,1679545616971
1679545616884,1679545616995
1679545616863,1679545617090
1679545616903,1679545617098
1679545617083,1679545617276
1679545617012,1679545617297
1679545617057,1679545617327
1679545617259,1679545617449
1679545617322,1679545617485
1679545617378,1679545617558
1679545617329,1679545617571
1679545617208,1679545617613
1679545617445,1679545617708
1679545617439,1679545617712
1679545617490,1679545617713
1679545617524,1679545617733
1679545617605,1679545617777
1679545617629,1679545617866
1679545617637,1679545617925
1679545617546,1679545617952
1679545617765,1679545617965
1679545617778,1679545618033
1679545617710,1679545618073
1679545617821,1679545618096
1679545617913,1679545618098
1679545617742,1679545618132
1679545617993,1679545618147
1679545617973,1679545618174
1679545617909,1679545618180
1679545618087,1679545618284
1679545618013,1679545618309
1679545618057,1679545618345
1679545618358,1679545618538
1679545618481,1679545618582
1679545618434,1679545618697
1679545618513,1679545618763
1679545618721,1679545618916
1679545618745,1679545618922
1679545618720,1679545619006
1679545618863,1679545619018
1679545618908,1679545619074
1679545618771,1679545619094
1679545619001,1679545619118
1679545618926,1679545619133
1679545619014,1679545619172
1679545619051,1679545619352
1679545619037,1679545619384
1679545619267,1679545619485
1679545619311,1679545619555
1679545619245,1679545619588
1679545619329,1679545619591
1679545619433,1679545619592
1679545619431,1679545619678
1679545619554,1679545619722
1679545619335,1679545619823
1679545619567,1679545619874
1679545619569,1679545619925
1679545619828,1679545619966
1679545619771,1679545619967
1679545619739,1679545619983
1679545619760,1679545620069
1679545619900,1679545620153
1679545619985,1679545620169
1679545620085,1679545620214
1679545620088,1679545620253
1679545620079,1679545620321
1679545620130,1679545620352
1679545619959,1679545620353
1679545620137,1679545620465
1679545620265,1679545620518
1679545620350,1679545620546
1679545620381,1679545620547
1679545620527,1679545620695
1679545620571,1679545620799
1679545620525,1679545620805
1679545620467,1679545620863
1679545620472,1679545620948
1679545620675,1679545620956
1679545620687,1679545620976
1679545620674,1679545620986
1679545620813,1679545620994
1679545620901,1679545621116
1679545621116,1679545621288
1679545620944,1679545621291
1679545620992,1679545621305
1679545621140,1679545621339
1679545621230,1679545621436
1679545621233,1679545621460
1679545621206,1679545621477
1679545621377,1679545621579
1679545621367,1679545621619
1679545621525,1679545621680
1679545621582,1679545621746
1679545621687,1679545621800
1679545621601,1679545621862
1679545621854,1679545621933
1679545621746,1679545621998
1679545621834,1679545622097
1679545621915,1679545622119
1679545621880,1679545622165
1679545621983,1679545622166
1679545622120,1679545622277
1679545622072,1679545622340
1679545622223,1679545622380
1679545622180,1679545622443
1679545622193,1679545622452
1679545622264,1679545622514
1679545622299,1679545622525
1679545621848,1679545622525
1679545622325,1679545622568
1679545622425,1679545622735
1679545622594,1679545622824
1679545622613,1679545622856
1679545622526,1679545622924
1679545622775,1679545622929
1679545622651,1679545622933
1679545622636,1679545622974
1679545622720,1679545622996
1679545622829,1679545623167
1679545622845,1679545623273
1679545622892,1679545623280
1679545623091,1679545623321
1679545622837,1679545623333
1679545623188,1679545623413
1679545623104,1679545623439
1679545623474,1679545623608
1679545623414,1679545623661
1679545623441,1679545623683
1679545623536,1679545623714
1679545623521,1679545623752
1679545623671,1679545623804
1679545623598,1679545623834
1679545623689,1679545623890
1679545623723,1679545623982
1679545623792,1679545623994
1679545623900,1679545624055
1679545623798,1679545624091
1679545623889,1679545624092
1679545624003,1679545624210
1679545624008,1679545624211
1679545624070,1679545624256
1679545623873,1679545624318
1679545624149,1679545624359
1679545624053,1679545624362
1679545624101,1679545624402
1679545624577,1679545624711
1679545624472,1679545624795
1679545624637,1679545624856
1679545624757,1679545624933
1679545624698,1679545624947
1679545624784,1679545625026
1679545624833,1679545625033
1679545624941,1679545625089
1679545624905,1679545625149
1679545624982,1679545625198
1679545624606,1679545625221
1679545625138,1679545625293
1679545625115,1679545625307
1679545625057,1679545625320
1679545625115,1679545625324
1679545625177,1679545625354
1679545625309,1679545625448
1679545625313,1679545625451
1679545625325,1679545625622
1679545625331,1679545625625
1679545625409,1679545625725
1679545625501,1679545625731
1679545625501,1679545625758
1679545625429,1679545625807
1679545625585,1679545625812
1679545625655,1679545625818
1679545625567,1679545625857
1679545625951,1679545626172
1679545626017,1679545626217
1679545626005,1679545626250
1679545625754,1679545626285
1679545626277,1679545626417
1679545626356,1679545626498
1679545626250,1679545626553
1679545626065,1679545626594
1679545626297,1679545626609
1679545626441,1679545626610
1679545626401,1679545626646
1679545626351,1679545626646
1679545626433,1679545626663
1679545626433,1679545626672
1679545626565,1679545626734
1679545626604,1679545626829
1679545626713,1679545626919
1679545626594,1679545626924
1679545626565,1679545627008
1679545626826,1679545627046
1679545627011,1679545627186
1679545627002,1679545627202
1679545626931,1679545627208
1679545627053,1679545627231
1679545627057,1679545627294
1679545627090,1679545627323
1679545626988,1679545627489
1679545627173,1679545627651
1679545627561,1679545627716
1679545627476,1679545627765
1679545627482,1679545627796
1679545627684,1679545627808
1679545627689,1679545627814
1679545627685,1679545627854
1679545627614,1679545627884
1679545627648,1679545627892
1679545627765,1679545627945
1679545627847,1679545627994
1679545627990,1679545628239
1679545628097,1679545628263
1679545628172,1679545628348
1679545628173,1679545628401
1679545628144,1679545628413
1679545628092,1679545628442
1679545628253,1679545628448
1679545628268,1679545628466
1679545628298,1679545628501
1679545628216,1679545628533
1679545628050,1679545628566
1679545628417,1679545628693
1679545628468,1679545628721
1679545628581,1679545628840
1679545628645,1679545628859
1679545628643,1679545628860
1679545628759,1679545628882
1679545628776,1679545628888
1679545628697,1679545628909
1679545628780,1679545628957
1679545628773,1679545628958
1679545628581,1679545629041
1679545628947,1679545629172
1679545629015,1679545629350
1679545629160,1679545629394
1679545629247,1679545629434
1679545629212,1679545629452
1679545629322,1679545629542
1679545629292,1679545629592
1679545629461,1679545629769
1679545629485,1679545629784
1679545629680,1679545629798
1679545629646,1679545629890
1679545629753,1679545629965
1679545629810,1679545629995
1679545629819,1679545630013
1679545629842,1679545630039
1679545629769,1679545630055
1679545630017,1679545630182
1679545630009,1679545630203
1679545629990,1679545630212
1679545630109,1679545630356
1679545630008,1679545630373
1679545630163,1679545630397
1679545629915,1679545630418
1679545630213,1679545630497
1679545630250,1679545630515
1679545630408,1679545630573
1679545630309,1679545630613
1679545630461,1679545630659
1679545630441,1679545630703
1679545630581,1679545630758
1679545630127,1679545630825
1679545630674,1679545630859
1679545630849,1679545631051
1679545630493,1679545631077
1679545630998,1679545631184
1679545630831,1679545631263
1679545631039,1679545631295
1679545631104,1679545631324
1679545630952,1679545631325
1679545631041,1679545631410
1679545631347,1679545631512
1679545631307,1679545631542
1679545631309,1679545631566
1679545631309,1679545631686
1679545631401,1679545631691
1679545631388,1679545631700
1679545631488,1679545631712
1679545631465,1679545631755
1679545631735,1679545631946
1679545631818,1679545632015
1679545631837,1679545632125
1679545631933,1679545632130
1679545632037,1679545632205
1679545631929,1679545632205
1679545631981,1679545632217
1679545631861,1679545632231
1679545631881,1679545632248
1679545631945,1679545632250
1679545632173,1679545632401
1679545632224,1679545632402
1679545632228,1679545632440
1679545632253,1679545632453
1679545632159,1679545632473
1679545632325,1679545632576
1679545632417,1679545632666
1679545632544,1679545632733
1679545632557,1679545632804
1679545632560,1679545632847
1679545632682,1679545632895
1679545632817,1679545633007
1679545632863,1679545633055
1679545632827,1679545633188
1679545633119,1679545633276
1679545633203,1679545633357
1679545633277,1679545633421
1679545633361,1679545633528
1679545633366,1679545633553
1679545633347,1679545633589
1679545633493,1679545633635
1679545633351,1679545633647
1679545633529,1679545633705
1679545633210,1679545633708
1679545633434,1679545633727
1679545633536,1679545633731
1679545633822,1679545634007
1679545633833,1679545634009
1679545633742,1679545634030
1679545633849,1679545634077
1679545633914,1679545634091
1679545633970,1679545634141
1679545633746,1679545634172
1679545633802,1679545634220
1679545634086,1679545634283
1679545634043,1679545634302
1679545634100,1679545634330
1679545633982,1679545634350
1679545634068,1679545634361
1679545634045,1679545634403
1679545634153,1679545634439
1679545634368,1679545634512
1679545634395,1679545634629
1679545634445,1679545634663
1679545634359,1679545634687
1679545634529,1679545634700
1679545634521,1679545634723
1679545634681,1679545634823
1679545634837,1679545634939
1679545635036,1679545635270
1679545635046,1679545635274
1679545635068,1679545635292
1679545634817,1679545635298
1679545635180,1679545635346
1679545635207,1679545635409
1679545635235,1679545635433
1679545635284,1679545635464
1679545635185,1679545635482
1679545635357,1679545635525
1679545635417,1679545635626
1679545635353,1679545635628
1679545635435,1679545635733
1679545635493,1679545635733
1679545635561,1679545635774
1679545635291,1679545635838
1679545635636,1679545635866
1679545635722,1679545635910
1679545635645,1679545635955
1679545635753,1679545635965
1679545635728,1679545635994
1679545635737,1679545636038
1679545636156,1679545636405
1679545636229,1679545636451
1679545636159,1679545636571
1679545636341,1679545636592
1679545636452,1679545636612
1679545636578,1679545636718
1679545636337,1679545636727
1679545636257,1679545636736
1679545636645,1679545636771
1679545636533,1679545636785
1679545636590,1679545636788
1679545636565,1679545636805
1679545636675,1679545636820
1679545636689,1679545636875
1679545636676,1679545636893
1679545636726,1679545636957
1679545636784,1679545636970
1679545636897,1679545637116
1679545636776,1679545637133
1679545636889,1679545637178
1679545636993,1679545637227
1679545636865,1679545637231
1679545637045,1679545637308
1679545637125,1679545637380
1679545637242,1679545637485
1679545637189,1679545637488
1679545637344,1679545637599
1679545637461,1679545637761
1679545637646,1679545637784
1679545637493,1679545637801
1679545637382,1679545637812
1679545637649,1679545637850
1679545637685,1679545637856
1679545637652,1679545637873
1679545637781,1679545637946
1679545637678,1679545638015
1679545638015,1679545638218
1679545638037,1679545638218
1679545637987,1679545638230
1679545637898,1679545638243
1679545638092,1679545638302
1679545638190,1679545638356
1679545638148,1679545638368
1679545638078,1679545638391
1679545638165,1679545638520
1679545638296,1679545638544
1679545638528,1679545638672
1679545638340,1679545638687
1679545638476,1679545638722
1679545638501,1679545638780
1679545638571,1679545638988
1679545638801,1679545639008
1679545638743,1679545639042
1679545638821,1679545639052
1679545638862,1679545639121
1679545638850,1679545639123
1679545639020,1679545639170
1679545639023,1679545639218
1679545639133,1679545639264
1679545639042,1679545639288
1679545639075,1679545639329
1679545639089,1679545639401
1679545639198,1679545639470
1679545639224,1679545639511
1679545639380,1679545639529
1679545639304,1679545639553
1679545639402,1679545639576
1679545639443,1679545639648
1679545639607,1679545639841
1679545639572,1679545639850
1679545639616,1679545639943
1679545639685,1679545639961
1679545639790,1679545640100
1679545639951,1679545640194
1679545640013,1679545640260
1679545639909,1679545640290
1679545640078,1679545640343
1679545640214,1679545640370
1679545640193,1679545640423
1679545640285,1679545640478
1679545640252,1679545640504
1679545640123,1679545640515
1679545640141,1679545640533
1679545640189,1679545640556
1679545640471,1679545640605
1679545640493,1679545640698
1679545640593,1679545640777
1679545640651,1679545640787
1679545640287,1679545640793
1679545640704,1679545640878
1679545640465,1679545640879
1679545640850,1679545640978
1679545640774,1679545641009
1679545640917,1679545641071
1679545640845,1679545641113
1679545640962,1679545641239
1679545641158,1679545641330
1679545641048,1679545641382
1679545641159,1679545641410
1679545641188,1679545641428
1679545641444,1679545641615
1679545641377,1679545641675
1679545641453,1679545641728
1679545641567,1679545641818
1679545641805,1679545641943
1679545641560,1679545641949
1679545641788,1679545641995
1679545641693,1679545642027
1679545641932,1679545642073
1679545641869,1679545642077
1679545641860,1679545642099
1679545641916,1679545642231
1679545642069,1679545642276
1679545642233,1679545642429
1679545642103,1679545642531
1679545642234,1679545642534
1679545642360,1679545642594
1679545642395,1679545642599
1679545642279,1679545642602
1679545642339,1679545642623
1679545642485,1679545642661
1679545642443,1679545642667
1679545642477,1679545642803
1679545642539,1679545642842
1679545642444,1679545642853
1679545642589,1679545642876
1679545642676,1679545642968
1679545642685,1679545642988
1679545642990,1679545643177
1679545643017,1679545643199
1679545643135,1679545643282
1679545643001,1679545643321
1679545643077,1679545643348
1679545643244,1679545643407
1679545643121,1679545643412
1679545643213,1679545643471
1679545643275,1679545643490
1679545643337,1679545643542
1679545643442,1679545643688
1679545643368,1679545643699
1679545643369,1679545643702
1679545643500,1679545643772
1679545643557,1679545643787
1679545643642,1679545643855
1679545643459,1679545643919
1679545643705,1679545643923
1679545643815,1679545643952
1679545643797,1679545643984
1679545643663,1679545644115
1679545643918,1679545644139
1679545643963,1679545644144
1679545644051,1679545644215
1679545644063,1679545644249
1679545644062,1679545644313
1679545644385,1679545644512
1679545644387,1679545644542
1679545644453,1679545644632
1679545644392,1679545644704
1679545644537,1679545644795
1679545644596,1679545644876
1679545644635,1679545644899
1679545644709,1679545644952
1679545644785,1679545645015
1679545644687,1679545645018
1679545644832,1679545645070
1679545644763,1679545645088
1679545644726,1679545645104
1679545644997,1679545645131
1679545644919,1679545645147
1679545645031,1679545645185
1679545645075,1679545645320
1679545645075,1679545645369
1679545645105,1679545645437
1679545645244,1679545645513
1679545645115,1679545645513
1679545645183,1679545645524
1679545645067,1679545645573
1679545645389,1679545645670
1679545645301,1679545645749
1679545645648,1679545645788
1679545645672,1679545645911
1679545645627,1679545645935
1679545645748,1679545645975
1679545645745,1679545645996
1679545645817,1679545646009
1679545645776,1679545646059
1679545646012,1679545646148
1679545645957,1679545646192
1679545646083,1679545646265
1679545646189,1679545646313
1679545646159,1679545646363
1679545646147,1679545646381
1679545646213,1679545646397
1679545646385,1679545646489
1679545646285,1679545646499
1679545646339,1679545646585
1679545646422,1679545646683
1679545646564,1679545646777
1679545646678,1679545646850
1679545646711,1679545646854
1679545646716,1679545646866
1679545646601,1679545646894
1679545646775,1679545646989
1679545646801,1679545646995
1679545646777,1679545647005
1679545646838,1679545647015
1679545646827,1679545647153
1679545646845,1679545647160
1679545647232,1679545647390
1679545647113,1679545647402
1679545647213,1679545647423
1679545647227,1679545647441
1679545647168,1679545647447
1679545647222,1679545647461
1679545647315,1679545647534
1679545647268,1679545647553
1679545647383,1679545647588
1679545647422,1679545647625
1679545647371,1679545647680
1679545647493,1679545647789
1679545647687,1679545647835
1679545647600,1679545647930
1679545647795,1679545647973
1679545647875,1679545648097
1679545647973,1679545648192
1679545647668,1679545648211
1679545648052,1679545648287
1679545648048,1679545648319
1679545648119,1679545648319
1679545648094,1679545648557
1679545648309,1679545648565
1679545648379,1679545648580
1679545648193,1679545648674
1679545648364,1679545648747
1679545648633,1679545648792
1679545648588,1679545648798
1679545648529,1679545648812
1679545648329,1679545648819
1679545648647,1679545648820
1679545648664,1679545648894
1679545648623,1679545648986
1679545648792,1679545649003
1679545648836,1679545649050
1679545648693,1679545649084
1679545648866,1679545649100
1679545648939,1679545649179
1679545648966,1679545649198
1679545649145,1679545649276
1679545649193,1679545649380
1679545649325,1679545649491
1679545649233,1679545649514
1679545649321,1679545649519
1679545649396,1679545649638
1679545649408,1679545649739
1679545649498,1679545649771
1679545649593,1679545649844
1679545649703,1679545649857
1679545649768,1679545649952
1679545649824,1679545650110
1679545649885,1679545650173
1679545650026,1679545650195
1679545649801,1679545650206
1679545650049,1679545650263
1679545650063,1679545650290
1679545650057,1679545650308
1679545650030,1679545650347
1679545650105,1679545650347
1679545650072,1679545650350
1679545650168,1679545650354
1679545650257,1679545650407
1679545649967,1679545650413
1679545650386,1679545650564
1679545650484,1679545650654
1679545650412,1679545650666
1679545650699,1679545650902
1679545650653,1679545650915
1679545650776,1679545650954
1679545650553,1679545650968
1679545650777,1679545650977
1679545650508,1679545651022
1679545650646,1679545651031
1679545651130,1679545651300
1679545651001,1679545651304
1679545651109,1679545651402
1679545651008,1679545651428
1679545651226,1679545651476
1679545651263,1679545651519
1679545651365,1679545651551
1679545651365,1679545651650
1679545651561,1679545651722
1679545651477,1679545651722
1679545651532,1679545651750
1679545651593,1679545651784
1679545651629,1679545651806
1679545651685,1679545651851
1679545651772,1679545651909
1679545651899,1679545652113
1679545651843,1679545652116
1679545651952,1679545652133
1679545651944,1679545652134
1679545651937,1679545652137
1679545652029,1679545652159
1679545652072,1679545652260
1679545652060,1679545652323
1679545652264,1679545652471
1679545652239,1679545652545
1679545652250,1679545652560
1679545652284,1679545652608
1679545652561,1679545652762
1679545652573,1679545652783
1679545652619,1679545652795
1679545652704,1679545652830
1679545652557,1679545652985
1679545652774,1679545652987
1679545652869,1679545653042
1679545653028,1679545653234
1679545653085,1679545653257
1679545652981,1679545653331
1679545652971,1679545653340
1679545653361,1679545653441
1679545653261,1679545653441
1679545653128,1679545653448
1679545653285,1679545653467
1679545653307,1679545653504
1679545653250,1679545653547
1679545653219,1679545653579
1679545653279,1679545653677
1679545653495,1679545653691
1679545653445,1679545653703
1679545653648,1679545653783
1679545653579,1679545653859
1679545653661,1679545653894
1679545653724,1679545653906
1679545653741,1679545653914
1679545653919,1679545654116
1679545654033,1679545654187
1679545654042,1679545654218
1679545654080,1679545654228
1679545654173,1679545654368
1679545654310,1679545654507
1679545654344,1679545654535
1679545654409,1679545654613
1679545654473,1679545654682
1679545654456,1679545654699
1679545654448,1679545654718
1679545654581,1679545654811
1679545654553,1679545654864
1679545654652,1679545654875
1679545654693,1679545654930
1679545654591,1679545655022
1679545654867,1679545655140
1679545654923,1679545655153
1679545654939,1679545655177
1679545655048,1679545655237
1679545655099,1679545655306
1679545655101,1679545655365
1679545655115,1679545655365
1679545654972,1679545655389
1679545655292,1679545655432
1679545655181,1679545655473
1679545655372,1679545655527
1679545655401,1679545655598
1679545655457,1679545655658
1679545655637,1679545655771
1679545655573,1679545655792
1679545655635,1679545655862
1679545655657,1679545655908
1679545655425,1679545655968
1679545655804,1679545655993
1679545655813,1679545656071
1679545656070,1679545656299
1679545656145,1679545656313
1679545655979,1679545656314
1679545656055,1679545656469
1679545656278,1679545656472
1679545656315,1679545656480
1679545656234,1679545656488
1679545656297,1679545656536
1679545656519,1679545656829
1679545656638,1679545656834
1679545656628,1679545656849
1679545656776,1679545656955
1679545656834,1679545656966
1679545656752,1679545656998
1679545656875,1679545657054
1679545656849,1679545657055
1679545656839,1679545657111
1679545656965,1679545657117
1679545656912,1679545657122
1679545657037,1679545657255
1679545657029,1679545657260
1679545657107,1679545657292
1679545657068,1679545657327
1679545657054,1679545657351
1679545657141,1679545657375
1679545657209,1679545657395
1679545657100,1679545657419
1679545657143,1679545657474
1679545657486,1679545657675
1679545657469,1679545657742
1679545657633,1679545657920
1679545657565,1679545657943
1679545657772,1679545658117
1679545657843,1679545658184
1679545657866,1679545658226
1679545657977,1679545658278
1679545658029,1679545658299
1679545657916,1679545658373
1679545658178,1679545658381
1679545658299,1679545658430
1679545658296,1679545658481
1679545658062,1679545658496
1679545658307,1679545658555
1679545658222,1679545658608
1679545658213,1679545658640
1679545658343,1679545658745
1679545658459,1679545658773
1679545658611,1679545658827
1679545658684,1679545658916
1679545658830,1679545658975
1679545658863,1679545659044
1679545658804,1679545659069
1679545658696,1679545659123
1679545658817,1679545659155
1679545658808,1679545659223
1679545659008,1679545659275
1679545659090,1679545659361
1679545659187,1679545659388
1679545659333,1679545659582
1679545659183,1679545659602
1679545659498,1679545659622
1679545659423,1679545659677
1679545659532,1679545659715
1679545659412,1679545659771
1679545659685,1679545659904
1679545659597,1679545659906
1679545659723,1679545659985
1679545659922,1679545660028
1679545659854,1679545660078
1679545659909,1679545660140
1679545659954,1679545660205
1679545659824,1679545660206
1679545660078,1679545660256
1679545660182,1679545660302
1679545660056,1679545660351
1679545660221,1679545660397
1679545660025,1679545660492
1679545660320,1679545660558
1679545660377,1679545660564
1679545660372,1679545660580
1679545660471,1679545660704
1679545660467,1679545660720
1679545660523,1679545660783
1679545660670,1679545660917
1679545660669,1679545660965
1679545660896,1679545661053
1679545660922,1679545661056
1679545660871,1679545661073
1679545661101,1679545661297
1679545661176,1679545661380
1679545661197,1679545661387
1679545661175,1679545661392
1679545661249,1679545661424
1679545661327,1679545661480
1679545661330,1679545661519
1679545661245,1679545661565
1679545661364,1679545661581
1679545661391,1679545661633
1679545661500,1679545661749
1679545661634,1679545661813
1679545661831,1679545661984
1679545661856,1679545662028
1679545661970,1679545662137
1679545661870,1679545662191
1679545662061,1679545662194
1679545662086,1679545662217
1679545661953,1679545662221
1679545662041,1679545662231
1679545661833,1679545662286
1679545662003,1679545662311
1679545662037,1679545662344
1679545662153,1679545662468
1679545662225,1679545662499
1679545662350,1679545662546
1679545662288,1679545662549
1679545662413,1679545662665
1679545662504,1679545662669
1679545662464,1679545662697
1679545662635,1679545662744
1679545662718,1679545662987
1679545662776,1679545663006
1679545662812,1679545663040
1679545662876,1679545663182
1679545662921,1679545663231
1679545663009,1679545663294
1679545663172,1679545663298
1679545663209,1679545663336
1679545663095,1679545663418
1679545663231,1679545663440
1679545663149,1679545663495
1679545663186,1679545663511
1679545663165,1679545663539
1679545663218,1679545663555
1679545663404,1679545663640
1679545663524,1679545663746
1679545663514,1679545663762
1679545663479,1679545663777
1679545663541,1679545663829
1679545663803,1679545664003
1679545663932,1679545664077
1679545663911,1679545664107
1679545663949,1679545664161
1679545663957,1679545664184
1679545664025,1679545664231
1679545664275,1679545664370
1679545664213,1679545664398
1679545664217,1679545664403
1679545664217,1679545664411
1679545664142,1679545664468
1679545664302,1679545664479
1679545664434,1679545664581
1679545664459,1679545664675
1679545664465,1679545664680
1679545664451,1679545664741
1679545664434,1679545664765
1679545664569,1679545664842
1679545664676,1679545664866
1679545664740,1679545664889
1679545664810,1679545665010
1679545664836,1679545665085
1679545664936,1679545665125
1679545664889,1679545665138
1679545665015,1679545665201
1679545664929,1679545665326
1679545665204,1679545665419
1679545665182,1679545665474
1679545665379,1679545665516
1679545665408,1679545665577
1679545665316,1679545665619
1679545665406,1679545665629
1679545665416,1679545665665
1679545665480,1679545665696
1679545665597,1679545665774
1679545665599,1679545665808
1679545665563,1679545665847
1679545665668,1679545665887
1679545665596,1679545666036
1679545665741,1679545666060
1679545665762,1679545666061
1679545665976,1679545666165
1679545666103,1679545666380
1679545666190,1679545666408
1679545666301,1679545666531
1679545666304,1679545666537
1679545666339,1679545666566
1679545666354,1679545666601
1679545666217,1679545666626
1679545666458,1679545666648
1679545666348,1679545666657
1679545666457,1679545666689
1679545666508,1679545666784
1679545666555,1679545666803
1679545666737,1679545667011
1679545666854,1679545667066
1679545666981,1679545667152
1679545666898,1679545667193
1679545667117,1679545667258
1679545667098,1679545667304
1679545667120,1679545667361
1679545667075,1679545667406
1679545667256,1679545667472
1679545667187,1679545667473
1679545667262,1679545667524
1679545667261,1679545667525
1679545667221,1679545667636
1679545667484,1679545667682
1679545667417,1679545667690
1679545667480,1679545667721
1679545667459,1679545667804
1679545667617,1679545667824
1679545667705,1679545667849
1679545667742,1679545667853
1679545667757,1679545668013
1679545667847,1679545668049
1679545667930,1679545668113
1679545667873,1679545668128
1679545668014,1679545668224
1679545667960,1679545668245
1679545668224,1679545668401
1679545668110,1679545668403
1679545668263,1679545668538
1679545668527,1679545668681
1679545668621,1679545668843
1679545668655,1679545668916
1679545668777,1679545668982
1679545668745,1679545668994
1679545668833,1679545669003
1679545668931,1679545669069
1679545668799,1679545669122
1679545668897,1679545669207
1679545669012,1679545669213
1679545669071,1679545669233
1679545669106,1679545669252
1679545669068,1679545669303
1679545669125,1679545669359
1679545669220,1679545669421
1679545669133,1679545669440
1679545669271,1679545669512
1679545669408,1679545669569
1679545669485,1679545669715
1679545669415,1679545669720
1679545669411,1679545669770
1679545669577,1679545669774
1679545669425,1679545669825
1679545669653,1679545669888
1679545669748,1679545669971
1679545669857,1679545670115
1679545669743,1679545670115
1679545669921,1679545670184
1679545670036,1679545670250
1679545669897,1679545670268
1679545670093,1679545670309
1679545670125,1679545670353
1679545670100,1679545670394
1679545669905,1679545670420
1679545670228,1679545670447
1679545670311,1679545670463
1679545670358,1679545670561
1679545670292,1679545670575
1679545670262,1679545670632
1679545670553,1679545670670
1679545670502,1679545670728
1679545670400,1679545670740
1679545670757,1679545670968
1679545670626,1679545670994
1679545670879,1679545671054
1679545670653,1679545671055
1679545670916,1679545671132
1679545670971,1679545671269
1679545671069,1679545671340
1679545671093,1679545671366
1679545671165,1679545671368
1679545671329,1679545671494
1679545671257,1679545671532
1679545671447,1679545671688
1679545671483,1679545671710
1679545671533,1679545671741
1679545671605,1679545671744
1679545671308,1679545671756
1679545671513,1679545671800
1679545671593,1679545671885
1679545671604,1679545671899
1679545671350,1679545671964
1679545671709,1679545672025
1679545671793,1679545672030
1679545671617,1679545672077
1679545672013,1679545672226
1679545672061,1679545672294
1679545672180,1679545672335
1679545672148,1679545672469
1679545672308,1679545672490
1679545672416,1679545672560
1679545672353,1679545672568
1679545672331,1679545672584
1679545672326,1679545672636
1679545672528,1679545672653
1679545672420,1679545672670
1679545672516,1679545672759
1679545672669,1679545672847
1679545672681,1679545672928
1679545672819,1679545672929
1679545672849,1679545673084
1679545672784,1679545673092
1679545672871,1679545673105
1679545672445,1679545673184
1679545672989,1679545673260
1679545673137,1679545673269
1679545673208,1679545673344
1679545673312,1679545673458
1679545673272,1679545673483
1679545673315,1679545673535
1679545673264,1679545673536
1679545673322,1679545673554
1679545673345,1679545673630
1679545673760,1679545673862
1679545673449,1679545673876
1679545673786,1679545673931
1679545673832,1679545674020
1679545673905,1679545674030
1679545673869,1679545674065
1679545673837,1679545674120
1679545674009,1679545674315
1679545674006,1679545674397
1679545674071,1679545674409
1679545674193,1679545674466
1679545674281,1679545674486
1679545673984,1679545674500
1679545674249,1679545674547
1679545674251,1679545674547
1679545674364,1679545674605
1679545674305,1679545674752
1679545674585,1679545674847
1679545674505,1679545674872
1679545674731,1679545674935
1679545674734,1679545674947
1679545674577,1679545674993
1679545674816,1679545675091
1679545674961,1679545675159
1679545674871,1679545675183
1679545675080,1679545675245
1679545674966,1679545675262
1679545675102,1679545675276
1679545675107,1679545675308
1679545675185,1679545675381
1679545675281,1679545675433
1679545675314,1679545675455
1679545675252,1679545675535
1679545675028,1679545675539
1679545675323,1679545675642
1679545675535,1679545675750
1679545675692,1679545675901
1679545675723,1679545675931
1679545675785,1679545675993
1679545675636,1679545675993
1679545675897,1679545676060
1679545675738,1679545676077
1679545675967,1679545676219
1679545676035,1679545676312
1679545676025,1679545676358
1679545675917,1679545676392
1679545676265,1679545676415
1679545676047,1679545676419
1679545676365,1679545676506
1679545676115,1679545676575
1679545676442,1679545676610
1679545676520,1679545676664
1679545676329,1679545676673
1679545676548,1679545676729
1679545676521,1679545676738
1679545676604,1679545676866
1679545676746,1679545676936
1679545676662,1679545677006
1679545676847,1679545677060
1679545676917,1679545677157
1679545676809,1679545677178
1679545676901,1679545677285
1679545677047,1679545677299
1679545677265,1679545677401
1679545677210,1679545677429
1679545677147,1679545677488
1679545677302,1679545677516
1679545677303,1679545677571
1679545677299,1679545677582
1679545677417,1679545677653
1679545677436,1679545677810
1679545677541,1679545677825
1679545677672,1679545677832
1679545677741,1679545677887
1679545677804,1679545677962
1679545677605,1679545678041
1679545677927,1679545678043
1679545677919,1679545678050
1679545677793,1679545678088
1679545677919,1679545678133
1679545677989,1679545678155
1679545677847,1679545678206
1679545678081,1679545678309
1679545678039,1679545678323
1679545678160,1679545678419
1679545678169,1679545678433
1679545678274,1679545678517
1679545678365,1679545678619
1679545678280,1679545678652
1679545678492,1679545678707
1679545678569,1679545678835
1679545678593,1679545678837
1679545678667,1679545678892
1679545678682,1679545678893
1679545678665,1679545678953
1679545678642,1679545678992
1679545679076,1679545679250
1679545678981,1679545679262
1679545679068,1679545679278
1679545679141,1679545679325
1679545679072,1679545679382
1679545679137,1679545679404
1679545679220,1679545679429
1679545679201,1679545679475
1679545678990,1679545679521
1679545679311,1679545679563
1679545679261,1679545679587
1679545679165,1679545679596
1679545679458,1679545679653
1679545679633,1679545679827
1679545679512,1679545679840
1679545679643,1679545679935
1679545679658,1679545679945
1679545679810,1679545679979
1679545679791,1679545680014
1679545679618,1679545680066
1679545679820,1679545680082
1679545679916,1679545680089
1679545679937,1679545680147
1679545679989,1679545680268
1679545680081,1679545680301
1679545680096,1679545680333
1679545680139,1679545680346
1679545680073,1679545680371
1679545680173,1679545680375
1679545680177,1679545680412
1679545680229,1679545680441
1679545680173,1679545680441
1679545680352,1679545680531
1679545680577,1679545680823
1679545680561,1679545680856
1679545680562,1679545680860
1679545680793,1679545680982
1679545680812,1679545681100
1679545680952,1679545681166
1679545680936,1679545681185
1679545681049,1679545681238
1679545681140,1679545681308
1679545680995,1679545681316
1679545681217,1679545681390
1679545681105,1679545681392
1679545681197,1679545681432
1679545681235,1679545681481
1679545681301,1679545681494
1679545681263,1679545681539
1679545681355,1679545681611
1679545681406,1679545681783
1679545681540,1679545681814
1679545681677,1679545681843
1679545681637,1679545681879
1679545681780,1679545681923
1679545681567,1679545681946
1679545681783,1679545681992
1679545681891,1679545682036
1679545681909,1679545682118
1679545682063,1679545682208
1679545682030,1679545682236
1679545681986,1679545682412
1679545682372,1679545682542
1679545682367,1679545682542
1679545682191,1679545682624
1679545682417,1679545682643
1679545682402,1679545682666
1679545682497,1679545682690
1679545682425,1679545682702
1679545682529,1679545682773
1679545682603,1679545682779
1679545682657,1679545682841
1679545682643,1679545682841
1679545682525,1679545682871
1679545682709,1679545682949
1679545682841,1679545682990
1679545682605,1679545683013
1679545682791,1679545683135
1679545682797,1679545683151
1679545682928,1679545683159
1679545683097,1679545683215
1679545683141,1679545683252
1679545682946,1679545683253
1679545683188,1679545683382
1679545683265,1679545683504
1679545683322,1679545683641
1679545683535,1679545683733
1679545683616,1679545683853
1679545683571,1679545683859
1679545683727,1679545683922
1679545683721,1679545683929
1679545683756,1679545683944
1679545683845,1679545683964
1679545683714,1679545684010
1679545683902,1679545684052
1679545683810,1679545684089
1679545683990,1679545684246
1679545684091,1679545684318
1679545684026,1679545684408
1679545684083,1679545684422
1679545684205,1679545684452
1679545684103,1679545684461
1679545684329,1679545684461
1679545684198,1679545684491
1679545684254,1679545684503
1679545684353,1679545684736
1679545684553,1679545684759
1679545684446,1679545684780
1679545684614,1679545684838
1679545684565,1679545684838
1679545684564,1679545684848
1679545684707,1679545684882
1679545684660,1679545684928
1679545684745,1679545684966
1679545684593,1679545685075
1679545685047,1679545685265
1679545685153,1679545685439
1679545685179,1679545685448
1679545685277,1679545685449
1679545685296,1679545685507
1679545685297,1679545685508
1679545685372,1679545685509
1679545685256,1679545685593
1679545685349,1679545685606
1679545685412,1679545685613
1679545685472,1679545685697
1679545685426,1679545685787
1679545685525,1679545685845
1679545685800,1679545685912
1679545685751,1679545685973
1679545685834,1679545686042
1679545685790,1679545686083
1679545685753,1679545686105
1679545685889,1679545686112
1679545685965,1679545686311
1679545686223,1679545686375
1679545686092,1679545686448
1679545686205,1679545686484
1679545686299,1679545686504
1679545686419,1679545686642
1679545686290,1679545686652
1679545686350,1679545686666
1679545686552,1679545686687
1679545686209,1679545686716
1679545686499,1679545686728
1679545686573,1679545686831
1679545686688,1679545686849
1679545686535,1679545686880
1679545686704,1679545686933
1679545686789,1679545686975
1679545686501,1679545686992
1679545686837,1679545687027
1679545686619,1679545687035
1679545686771,1679545687052
1679545686831,1679545687121
1679545686958,1679545687251
1679545687111,1679545687300
1679545687041,1679545687474
1679545687318,1679545687515
1679545687263,1679545687571
1679545687341,1679545687587
1679545687417,1679545687672
1679545687377,1679545687694
1679545687249,1679545687698
1679545687476,1679545687772
1679545687470,1679545687795
1679545687615,1679545687824
1679545687680,1679545687916
1679545687739,1679545687936
1679545687872,1679545688050
1679545687937,1679545688141
1679545687887,1679545688170
1679545687904,1679545688205
1679545687981,1679545688210
1679545688039,1679545688283
1679545688123,1679545688338
1679545688085,1679545688348
1679545688205,1679545688380
1679545688074,1679545688488
1679545688298,1679545688506
1679545688277,1679545688543
1679545688332,1679545688583
1679545688377,1679545688640
1679545688621,1679545688742
1679545688522,1679545688786
1679545688626,1679545688800
1679545688909,1679545689004
1679545688806,1679545689052
1679545688827,1679545689227
1679545689054,1679545689279
1679545689266,1679545689448
1679545689227,1679545689473
1679545689190,1679545689476
1679545689248,1679545689497
1679545689132,1679545689544
1679545689317,1679545689567
1679545689328,1679545689589
1679545689217,1679545689620
1679545689467,1679545689737
1679545689394,1679545689772
1679545689381,1679545689809
1679545689665,1679545689811
1679545689689,1679545689897
1679545689745,1679545689912
1679545689834,1679545689932
1679545689629,1679545689936
1679545689606,1679545690013
1679545689753,1679545690031
1679545690041,1679545690240
1679545690155,1679545690316
1679545690148,1679545690363
1679545690217,1679545690392
1679545690240,1679545690440
1679545690221,1679545690475
1679545690221,1679545690545
1679545690441,1679545690583
1679545690373,1679545690594
1679545690506,1679545690719
1679545690421,1679545690750
1679545690649,1679545690886
1679545690773,1679545690929
1679545690611,1679545690942
1679545690821,1679545690968
1679545690831,1679545691015
1679545690830,1679545691027
1679545690972,1679545691135
1679545690842,1679545691166
1679545690908,1679545691209
1679545691004,1679545691253
1679545691103,1679545691299
1679545690919,1679545691325
1679545691101,1679545691340
1679545691055,1679545691362
1679545691101,1679545691373
1679545691447,1679545691657
1679545691314,1679545691725
1679545691467,1679545691750
1679545691513,1679545691819
1679545691655,1679545691893
1679545691714,1679545692063
1679545691976,1679545692109
1679545691880,1679545692110
1679545692036,1679545692161
1679545691973,1679545692258
1679545692089,1679545692262
1679545691927,1679545692281
1679545691845,1679545692288
1679545691984,1679545692352
1679545692144,1679545692357
1679545692103,1679545692368
1679545692160,1679545692421
1679545692115,1679545692447
1679545692333,1679545692527
1679545692436,1679545692558
1679545692241,1679545692639
1679545692495,1679545692644
1679545692449,1679545692675
1679545692548,1679545692733
1679545692591,1679545692825
1679545692693,1679545692904
1679545692746,1679545692957
1679545692877,1679545693066
1679545692787,1679545693068
1679545692872,1679545693189
1679545693084,1679545693351
1679545693184,1679545693400
1679545693312,1679545693489
1679545693321,1679545693513
1679545693462,1679545693664
1679545693417,1679545693672
1679545693484,1679545693704
1679545693503,1679545693721
1679545693661,1679545693807
1679545693319,1679545693840
1679545693575,1679545693856
1679545693723,1679545693907
1679545693676,1679545693907
1679545693720,1679545693967
1679545693468,1679545693979
1679545693798,1679545693996
1679545693503,1679545694002
1679545693799,1679545694081
1679545693935,1679545694161
1679545693897,1679545694167
1679545693973,1679545694248
1679545693961,1679545694319
1679545694121,1679545694331
1679545694357,1679545694566
1679545694383,1679545694604
1679545694387,1679545694620
1679545694507,1679545694629
1679545694536,1679545694698
1679545694434,1679545694705
1679545694648,1679545694794
1679545694665,1679545694866
1679545694649,1679545694894
1679545694760,1679545695090
1679545694765,1679545695129
1679545694957,1679545695170
1679545695014,1679545695185
1679545694928,1679545695186
1679545694804,1679545695228
1679545695141,1679545695335
1679545695083,1679545695407
1679545695412,1679545695598
1679545695459,1679545695713
1679545695513,1679545695714
1679545695637,1679545695751
1679545695478,1679545695767
1679545695600,1679545695798
1679545695563,1679545695877
1679545695691,1679545695928
1679545695755,1679545695938
1679545695670,1679545696000
1679545695792,1679545696015
1679545695729,1679545696039
1679545695598,1679545696061
1679545695755,1679545696090
1679545695839,1679545696112
1679545695945,1679545696129
1679545695959,1679545696220
1679545696038,1679545696259
1679545696050,1679545696265
1679545696113,1679545696360
1679545696165,1679545696407
1679545696227,1679545696419
1679545696317,1679545696557
1679545696338,1679545696677
1679545696479,1679545696813
1679545696617,1679545696827
1679545696529,1679545696837
1679545696769,1679545696923
1679545696756,1679545696946
1679545696826,1679545696979
1679545696689,1679545697032
1679545696915,1679545697048
1679545696888,1679545697162
1679545696951,1679545697171
1679545696985,1679545697191
1679545697056,1679545697191
1679545697171,1679545697273
1679545697318,1679545697495
1679545697347,1679545697507
1679545697323,1679545697537
1679545697348,1679545697594
1679545697429,1679545697601
1679545697432,1679545697602
1679545697344,1679545697639
1679545697617,1679545697744
1679545697426,1679545697765
1679545697552,1679545697783
1679545697549,1679545697802
1679545697775,1679545697996
1679545697754,1679545698005
1679545697850,1679545698131
1679545698041,1679545698246
1679545698085,1679545698283
1679545697986,1679545698473
1679545698335,1679545698488
1679545698185,1679545698572
1679545698400,1679545698582
1679545698248,1679545698585
1679545698483,1679545698687
1679545698396,1679545698703
1679545698462,1679545698730
1679545698621,1679545698786
1679545698630,1679545698888
1679545698817,1679545699039
1679545698844,1679545699050
1679545698717,1679545699058
1679545698807,1679545699060
1679545698739,1679545699075
1679545699009,1679545699162
1679545698772,1679545699168
1679545698942,1679545699189
1679545699074,1679545699281
1679545699051,1679545699291
1679545699007,1679545699338
1679545699110,1679545699351
1679545699113,1679545699364
1679545699264,1679545699435
1679545699377,1679545699541
1679545699232,1679545699579
1679545699431,1679545699625
1679545699372,1679545699642
1679545699302,1679545699656
1679545699540,1679545699675
1679545699460,1679545699732
1679545699524,1679545699888
1679545699655,1679545700006
1679545699865,1679545700023
1679545699951,1679545700125
1679545700024,1679545700190
1679545700160,1679545700313
1679545700094,1679545700314
1679545700229,1679545700391
1679545700172,1679545700459
1679545700139,1679545700465
1679545700327,1679545700473
1679545700333,1679545700475
1679545700338,1679545700540
1679545700457,1679545700640
1679545700361,1679545700661
1679545700533,1679545700740
1679545700514,1679545700795
1679545700508,1679545700851
1679545700753,1679545700937
1679545700548,1679545700951
1679545700893,1679545701011
1679545700577,1679545701042
1679545700760,1679545701105
1679545700955,1679545701105
1679545700797,1679545701107
1679545700965,1679545701203
1679545701216,1679545701306
1679545701082,1679545701306
1679545701195,1679545701322
1679545701209,1679545701384
1679545701221,1679545701447
1679545701135,1679545701590
1679545701383,1679545701641
1679545701485,1679545701757
1679545701532,1679545701827
1679545701712,1679545701851
1679545701636,1679545701887
1679545701714,1679545701888
1679545701851,1679545702000
1679545701681,1679545702027
1679545701875,1679545702033
1679545701795,1679545702139
1679545702077,1679545702248
1679545702115,1679545702252
1679545702089,1679545702348
1679545702213,1679545702386
1679545702329,1679545702454
1679545702312,1679545702500
1679545702252,1679545702575
1679545702214,1679545702578
1679545702393,1679545702676
1679545702375,1679545702692
1679545702472,1679545702695
1679545702569,1679545702766
1679545702381,1679545702800
1679545702783,1679545702877
1679545702649,1679545702911
1679545702804,1679545703053
1679545702897,1679545703082
1679545702962,1679545703145
1679545702797,1679545703155
1679545702837,1679545703171
1679545702921,1679545703201
1679545703055,1679545703261
1679545703089,1679545703279
1679545703045,1679545703311
1679545703298,1679545703502
1679545703279,1679545703571
1679545703410,1679545703595
1679545703408,1679545703682
1679545703651,1679545703826
1679545703742,1679545703897
1679545703681,1679545703928
1679545703764,1679545703932
1679545703714,1679545703947
1679545703829,1679545703989
1679545703843,1679545704059
1679545703773,1679545704275
1679545703834,1679545704299
1679545704202,1679545704337
1679545704231,1679545704378
1679545704241,1679545704385
1679545704271,1679545704434
1679545704351,1679545704624
1679545704423,1679545704657
1679545704462,1679545704659
1679545704622,1679545704753
1679545704506,1679545704765
1679545704615,1679545704822
1679545704570,1679545704869
1679545704736,1679545704880
1679545704712,1679545704883
1679545704748,1679545705033
1679545704809,1679545705044
1679545704821,1679545705090
1679545704954,1679545705185
1679545704945,1679545705197
1679545704986,1679545705214
1679545705034,1679545705286
1679545705149,1679545705291
1679545705093,1679545705292
1679545705073,1679545705304
1679545705288,1679545705501
1679545705208,1679545705504
1679545705456,1679545705686
1679545705589,1679545705801
1679545705647,1679545705824
1679545705694,1679545705895
1679545705773,1679545705993
1679545705830,1679545706036
1679545705731,1679545706119
1679545705871,1679545706164
1679545706018,1679545706219
1679545706037,1679545706221
1679545706089,1679545706286
1679545706079,1679545706289
1679545705925,1679545706309
1679545706079,1679545706309
1679545706149,1679545706393
1679545706144,1679545706508
1679545706185,1679545706528
1679545706197,1679545706555
1679545706339,1679545706558
1679545706356,1679545706717
1679545706542,1679545706734
1679545706392,1679545706834
1679545706546,1679545706839
1679545706637,1679545706882
1679545706607,1679545706899
1679545706630,1679545707009
1679545706755,1679545707039
1679545706829,1679545707041
1679545706873,1679545707070
1679545707034,1679545707279
1679545707100,1679545707373
1679545707210,1679545707441
1679545707349,1679545707616
1679545707298,1679545707626
1679545707656,1679545707927
1679545707651,1679545707938
1679545707785,1679545707949
1679545707780,1679545707998
1679545707755,1679545708068
1679545707899,1679545708075
1679545707852,1679545708106
1679545707885,1679545708124
1679545707969,1679545708164
1679545707892,1679545708171
1679545708069,1679545708190
1679545707970,1679545708225
1679545708021,1679545708231
1679545707977,1679545708301
1679545707974,1679545708304
1679545708152,1679545708361
1679545708212,1679545708427
1679545708220,1679545708449
1679545708353,1679545708523
1679545708401,1679545708637
1679545708152,1679545708711
1679545708539,1679545708711
1679545708669,1679545708808
1679545708596,1679545708886
1679545708782,1679545708921
1679545708838,1679545709013
1679545708817,1679545709048
1679545708834,1679545709088
1679545708965,1679545709121
1679545708857,1679545709200
1679545708921,1679545709216
1679545708950,1679545709298
1679545709061,1679545709332
1679545709180,1679545709365
1679545709355,1679545709533
1679545709317,1679545709549
1679545709453,1679545709607
1679545709507,1679545709632
1679545709501,1679545709726
1679545709473,1679545709774
1679545709533,1679545709799
1679545709635,1679545709839
1679545709505,1679545709862
1679545709571,1679545709922
1679545709680,1679545709958
1679545709906,1679545710108
1679545710002,1679545710220
1679545710061,1679545710256
1679545710116,1679545710263
1679545710208,1679545710345
1679545710219,1679545710373
1679545709928,1679545710487
1679545710156,1679545710488
1679545710395,1679545710508
1679545710432,1679545710591
1679545710263,1679545710623
1679545710466,1679545710731
1679545710433,1679545710751
1679545710513,1679545710784
1679545710533,1679545710798
1679545710669,1679545710839
1679545710535,1679545710845
1679545710723,1679545710943
1679545710713,1679545710951
1679545710816,1679545711061
1679545710844,1679545711154
1679545710771,1679545711171
1679545710995,1679545711173
1679545711073,1679545711176
1679545710873,1679545711178
1679545711205,1679545711372
1679545711265,1679545711539
1679545711273,1679545711553
1679545711532,1679545711679
1679545711603,1679545711713
1679545711536,1679545711716
1679545711486,1679545711786
1679545711693,1679545711827
1679545711597,1679545711835
1679545711770,1679545711978
1679545711903,1679545712084
1679545711946,1679545712101
1679545711779,1679545712128
1679545711931,1679545712153
1679545711949,1679545712172
1679545712013,1679545712189
1679545712080,1679545712231
1679545711851,1679545712233
1679545712108,1679545712297
1679545712172,1679545712323
1679545712125,1679545712422
1679545712233,1679545712438
1679545712217,1679545712476
1679545712114,1679545712478
1679545712339,1679545712533
1679545712294,1679545712544
1679545712350,1679545712552
1679545712443,1679545712654
1679545712589,1679545712708
1679545712512,1679545712747
1679545712648,1679545712772
1679545712686,1679545712925
1679545712695,1679545712926
1679545712697,1679545712956
1679545712955,1679545713172
1679545713074,1679545713324
1679545713184,1679545713345
1679545712955,1679545713358
1679545713122,1679545713385
1679545713139,1679545713394
1679545713221,1679545713476
1679545713244,1679545713517
1679545713264,1679545713533
1679545713341,1679545713543
1679545713363,1679545713628
1679545713525,1679545713733
1679545713614,1679545713748
1679545713528,1679545713765
1679545713521,1679545713814
1679545713679,1679545713855
1679545713883,1679545714035
1679545713916,1679545714118
1679545713989,1679545714349
1679545714205,1679545714388
1679545714203,1679545714408
1679545714178,1679545714423
1679545714086,1679545714569
1679545714320,1679545714591
1679545714279,1679545714596
1679545714392,1679545714627
1679545714551,1679545714694
1679545714581,1679545714773
1679545714509,1679545714782
1679545714644,1679545714797
1679545714653,1679545714867
1679545714531,1679545714873
1679545714757,1679545714876
1679545714680,1679545714916
1679545714803,1679545714998
1679545714642,1679545715049
1679545714889,1679545715165
1679545714928,1679545715170
1679545715009,1679545715203
1679545715067,1679545715213
1679545714999,1679545715267
1679545714988,1679545715289
1679545715060,1679545715338
1679545715080,1679545715339
1679545715253,1679545715463
1679545715357,1679545715571
1679545715391,1679545715589
1679545715474,1679545715697
1679545715602,1679545715778
1679545715470,1679545715783
1679545715665,1679545715823
1679545715717,1679545715940
1679545715751,1679545715985
1679545715709,1679545716049
1679545715862,1679545716055
1679545715899,1679545716113
1679545715935,1679545716207
1679545715862,1679545716216
1679545716016,1679545716242
1679545715661,1679545716264
1679545715965,1679545716277
1679545716081,1679545716300
1679545716136,1679545716389
1679545716161,1679545716395
1679545716359,1679545716512
1679545716310,1679545716590
1679545716332,1679545716605
1679545716277,1679545716620
1679545716521,1679545716662
1679545716467,1679545716673
1679545716457,1679545716756
1679545716719,1679545716859
1679545716705,1679545716912
1679545716917,1679545717031
1679545716817,1679545717045
1679545716901,1679545717083
1679545716806,1679545717086
1679545716985,1679545717129
1679545716977,1679545717237
1679545717063,1679545717239
1679545717031,1679545717272
1679545717238,1679545717465
1679545717308,1679545717508
1679545717194,1679545717554
1679545717405,1679545717667
1679545717593,1679545717739
1679545717485,1679545717742
1679545717673,1679545717799
1679545717457,1679545717809
1679545717614,1679545717873
1679545717639,1679545717917
1679545717763,1679545717933
1679545717646,1679545717937
1679545717585,1679545717953
1679545717765,1679545718027
1679545717913,1679545718075
1679545717949,1679545718085
1679545717989,1679545718093
1679545717913,1679545718115
1679545718057,1679545718223
1679545718016,1679545718279
1679545718040,1679545718323
1679545718096,1679545718367
1679545718173,1679545718430
1679545718215,1679545718525
1679545718296,1679545718548
1679545718441,1679545718643
1679545718555,1679545718786
1679545718651,1679545718789
1679545718733,1679545718875
1679545718737,1679545719002
1679545718858,1679545719060
1679545718915,1679545719124
1679545718851,1679545719171
1679545718949,1679545719172
1679545719088,1679545719289
1679545719155,1679545719293
1679545718885,1679545719296
1679545719152,1679545719305
1679545719089,1679545719340
1679545719182,1679545719389
1679545719354,1679545719491
1679545719355,1679545719552
1679545719398,1679545719578
1679545719339,1679545719578
1679545719257,1679545719635
1679545719479,1679545719714
1679545719544,1679545719816
1679545719583,1679545719850
1679545719737,1679545719904
1679545719617,1679545719928
1679545719741,1679545719955
1679545719725,1679545719956
1679545719753,1679545719972
1679545719745,1679545719982
1679545719885,1679545720067
1679545719873,1679545720168
1679545719923,1679545720238
1679545720183,1679545720428
1679545720225,1679545720501
1679545720339,1679545720590
1679545720343,1679545720628
1679545720497,1679545720745
1679545720553,1679545720761
1679545720620,1679545720782
1679545720719,1679545720939
1679545720753,1679545721068
1679545720688,1679545721087
1679545720800,1679545721088
1679545720956,1679545721090
1679545720753,1679545721127
1679545720876,1679545721197
1679545720849,1679545721201
1679545721031,1679545721245
1679545721146,1679545721248
1679545721072,1679545721293
1679545721032,1679545721349
1679545721221,1679545721570
1679545721362,1679545721602
1679545721380,1679545721607
1679545721170,1679545721614
1679545721513,1679545721697
1679545721411,1679545721766
1679545721480,1679545721823
1679545721615,1679545721882
1679545721639,1679545721945
1679545721688,1679545721969
1679545721789,1679545722039
1679545721938,1679545722153
1679545721912,1679545722177
1679545721957,1679545722211
1679545722040,1679545722247
1679545722050,1679545722321
1679545722234,1679545722368
1679545722165,1679545722431
1679545722316,1679545722471
1679545722275,1679545722476
1679545722249,1679545722513
1679545722367,1679545722587
1679545722145,1679545722661
1679545722562,1679545722758
1679545722596,1679545722809
1679545722587,1679545722818
1679545722456,1679545722826
1679545722601,1679545722846
1679545723024,1679545723178
1679545722931,1679545723201
1679545722957,1679545723204
1679545723115,1679545723262
1679545723181,1679545723382
1679545723142,1679545723383
1679545723315,1679545723435
1679545723209,1679545723435
1679545723167,1679545723515
1679545723270,1679545723519
1679545723303,1679545723616
1679545723297,1679545723637
1679545723330,1679545723639
1679545723407,1679545723698
1679545723544,1679545723714
1679545723552,1679545723745
1679545723293,1679545723786
1679545723650,1679545723802
1679545723648,1679545723851
1679545723668,1679545723878
1679545723787,1679545723985
1679545723690,1679545724027
1679545723781,1679545724081
1679545723909,1679545724084
1679545724049,1679545724232
1679545723964,1679545724284
1679545724208,1679545724499
1679545724328,1679545724570
1679545724347,1679545724579
1679545724380,1679545724588
1679545724351,1679545724598
1679545724555,1679545724664
1679545724449,1679545724666
1679545724308,1679545724707
1679545724538,1679545724729
1679545724616,1679545724783
1679545724493,1679545724795
1679545724849,1679545724982
1679545724891,1679545725056
1679545724902,1679545725103
1679545724774,1679545725172
1679545724971,1679545725173
1679545724984,1679545725229
1679545725172,1679545725440
1679545725257,1679545725466
1679545725276,1679545725490
1679545725388,1679545725524
1679545725148,1679545725568
1679545725280,1679545725593
1679545725293,1679545725649
1679545725446,1679545725694
1679545725534,1679545725731
1679545725499,1679545725738
1679545725685,1679545725900
1679545725760,1679545725968
1679545725773,1679545725977
1679545725765,1679545726048
1679545725821,1679545726049
1679545725849,1679545726137
1679545725923,1679545726143
1679545725869,1679545726159
1679545725940,1679545726165
1679545725897,1679545726241
1679545726099,1679545726299
1679545725992,1679545726335
1679545725963,1679545726340
1679545726135,1679545726443
1679545726469,1679545726576
1679545726339,1679545726662
1679545726543,1679545726790
1679545726626,1679545726792
1679545726489,1679545726806
1679545726549,1679545726828
1679545726737,1679545726889
1679545726728,1679545726968
1679545726661,1679545727015
1679545726805,1679545727034
1679545727070,1679545727203
1679545726825,1679545727205
1679545727012,1679545727255
1679545727161,1679545727318
1679545727164,1679545727335
1679545727174,1679545727342
1679545727261,1679545727426
1679545727153,1679545727462
1679545727092,1679545727503
1679545727273,1679545727570
1679545727490,1679545727647
1679545727490,1679545727759
1679545727744,1679545727942
1679545727652,1679545727953
1679545727712,1679545727984
1679545727909,1679545728056
1679545727967,1679545728105
1679545728005,1679545728200
1679545727947,1679545728208
1679545728045,1679545728266
1679545728051,1679545728276
1679545727859,1679545728302
1679545728187,1679545728324
1679545728116,1679545728340
1679545728265,1679545728399
1679545728306,1679545728491
1679545728380,1679545728566
1679545728345,1679545728608
1679545728209,1679545728653
1679545728412,1679545728719
1679545728429,1679545728779
1679545728717,1679545728917
1679545728746,1679545728999
1679545728875,1679545729037
1679545728845,1679545729071
1679545729045,1679545729144
1679545729100,1679545729260
1679545729083,1679545729307
1679545729093,1679545729312
1679545728953,1679545729324
1679545729189,1679545729348
1679545729187,1679545729378
1679545729193,1679545729451
1679545729325,1679545729546
1679545729297,1679545729554
1679545729441,1679545729586
1679545729261,1679545729606
1679545729655,1679545729791
1679545729466,1679545729804
1679545729500,1679545729888
1679545729645,1679545729913
1679545729711,1679545729982
1679545729881,1679545729996
1679545729834,1679545730014
1679545729915,1679545730046
1679545729772,1679545730117
1679545730020,1679545730182
1679545730047,1679545730208
1679545730011,1679545730220
1679545729901,1679545730275
1679545730099,1679545730321
1679545730216,1679545730417
1679545730259,1679545730488
1679545730476,1679545730687
1679545730454,1679545730710
1679545730493,1679545730721
1679545730485,1679545730725
1679545730584,1679545730756
1679545730628,1679545730831
1679545730660,1679545730881
1679545730678,1679545730889
1679545730718,1679545730919
1679545730789,1679545730937
1679545730725,1679545730946
1679545730877,1679545730986
1679545730760,1679545731044
1679545730789,1679545731109
1679545730872,1679545731145
1679545731024,1679545731241
1679545731016,1679545731270
1679545731088,1679545731289
1679545731322,1679545731468
1679545731333,1679545731630
1679545731567,1679545731672
1679545731399,1679545731707
1679545731436,1679545731712
1679545731704,1679545731860
1679545731709,1679545731920
1679545731717,1679545731949
1679545731813,1679545731960
1679545731815,1679545731997
1679545731769,1679545732005
1679545731698,1679545732007
1679545731865,1679545732076
1679545731669,1679545732084
1679545731961,1679545732146
1679545731936,1679545732163
1679545731994,1679545732179
1679545732013,1679545732241
1679545732021,1679545732279
1679545732059,1679545732379
1679545732278,1679545732414
1679545732303,1679545732444
1679545732308,1679545732479
1679545732331,1679545732483
1679545732297,1679545732583
1679545732421,1679545732730
1679545732582,1679545732744
1679545732682,1679545732927
1679545732706,1679545732979
1679545732761,1679545733020
1679545732737,1679545733058
1679545732949,1679545733191
1679545732891,1679545733228
1679545733203,1679545733401
1679545733287,1679545733423
1679545733289,1679545733435
1679545733088,1679545733442
1679545733288,1679545733517
1679545733309,1679545733544
1679545733293,1679545733585
1679545733424,1679545733707
1679545733556,1679545733733
1679545733573,1679545733757
1679545733590,1679545733805
1679545733706,1679545733857
1679545733625,1679545733929
1679545733681,1679545733948
1679545733757,1679545733959
1679545733742,1679545733962
1679545733776,1679545734025
1679545733831,1679545734035
1679545733915,1679545734131
1679545734113,1679545734293
1679545734190,1679545734394
1679545734177,1679545734443
1679545734273,1679545734631
1679545734445,1679545734645
1679545734615,1679545734774
1679545734656,1679545734917
1679545734800,1679545734963
1679545734900,1679545735001
1679545734778,1679545735022
1679545734710,1679545735055
1679545734874,1679545735074
1679545734814,1679545735087
1679545734790,1679545735130
1679545734985,1679545735162
1679545735056,1679545735203
1679545734988,1679545735225
1679545735071,1679545735266
1679545735177,1679545735312
1679545734896,1679545735318
1679545735193,1679545735370
1679545735157,1679545735421
1679545735301,1679545735472
1679545735188,1679545735475
1679545735337,1679545735581
1679545735453,1679545735692
1679545735563,1679545735787
1679545735707,1679545735814
1679545735554,1679545735850
1679545735765,1679545735909
1679545735632,1679545736044
1679545735666,1679545736062
1679545735913,1679545736114
1679545735859,1679545736209
1679545736008,1679545736238
1679545736153,1679545736304
1679545736206,1679545736384
1679545736153,1679545736386
1679545736238,1679545736421
1679545736201,1679545736427
1679545736229,1679545736460
1679545736033,1679545736534
1679545736318,1679545736559
1679545736423,1679545736650
1679545736476,1679545736660
1679545736425,1679545736661
1679545736392,1679545736679
1679545736537,1679545736794
1679545736638,1679545736833
1679545736681,1679545736841
1679545736801,1679545737013
1679545736668,1679545737081
1679545736813,1679545737144
1679545736940,1679545737150
1679545736957,1679545737159
1679545737114,1679545737266
1679545737137,1679545737277
1679545737008,1679545737282
1679545737235,1679545737449
1679545737338,1679545737461
1679545737405,1679545737564
1679545737485,1679545737656
1679545737420,1679545737704
1679545737588,1679545737789
1679545737553,1679545737821
1679545737600,1679545737825
1679545737641,1679545737986
1679545737792,1679545738017
1679545737553,1679545738027
1679545737962,1679545738145
1679545738040,1679545738269
1679545738197,1679545738339
1679545738184,1679545738392
1679545738085,1679545738422
1679545738306,1679545738481
1679545738404,1679545738497
1679545738429,1679545738546
1679545738285,1679545738651
1679545738219,1679545738659
1679545738681,1679545738838
1679545738585,1679545738869
1679545738651,1679545738870
1679545738735,1679545738982
1679545738645,1679545739009
1679545738836,1679545739014
1679545738794,1679545739091
1679545738833,1679545739122
1679545738833,1679545739134
1679545738787,1679545739161
1679545738972,1679545739225
1679545738940,1679545739271
1679545739011,1679545739272
1679545739231,1679545739376
1679545739184,1679545739404
1679545739349,1679545739484
1679545739304,1679545739507
1679545739303,1679545739515
1679545739242,1679545739557
1679545739357,1679545739709
1679545739561,1679545739757
1679545739445,1679545739757
1679545739653,1679545739818
1679545739723,1679545739985
1679545739805,1679545739993
1679545739720,1679545740079
1679545739853,1679545740082
1679545739941,1679545740249
1679545740001,1679545740269
1679545740067,1679545740271
1679545740045,1679545740317
1679545740163,1679545740464
1679545740090,1679545740528
1679545740436,1679545740548
1679545740190,1679545740556
1679545740414,1679545740703
1679545740633,1679545740841
1679545740568,1679545740892
1679545740521,1679545740926
1679545740588,1679545740943
1679545740717,1679545740954
1679545740852,1679545741005
1679545740821,1679545741062
1679545740922,1679545741106
1679545740812,1679545741106
1679545740840,1679545741205
1679545740782,1679545741224
1679545741013,1679545741239
1679545740984,1679545741241
1679545741103,1679545741326
1679545741286,1679545741552
1679545741240,1679545741552
1679545741399,1679545741576
1679545741527,1679545741690
1679545741533,1679545741741
1679545741617,1679545741820
1679545741701,1679545741868
1679545741706,1679545741869
1679545741762,1679545741975
1679545741918,1679545742048
1679545741903,1679545742185
1679545741939,1679545742203
1679545742034,1679545742236
1679545742030,1679545742263
1679545742043,1679545742269
1679545742037,1679545742272
1679545742115,1679545742297
1679545742071,1679545742343
1679545742217,1679545742373
1679545742145,1679545742379
1679545742433,1679545742572
1679545742347,1679545742595
1679545742215,1679545742605
1679545742411,1679545742607
1679545742437,1679545742629
1679545742445,1679545742652
1679545742641,1679545742732
1679545742589,1679545742800
1679545742716,1679545742848
1679545742537,1679545742953
1679545742646,1679545742964
1679545742863,1679545743137
1679545742817,1679545743146
1679545742852,1679545743155
1679545742894,1679545743185
1679545743078,1679545743247
1679545743118,1679545743273
1679545743155,1679545743354
1679545743286,1679545743435
1679545743157,1679545743475
1679545743445,1679545743566
1679545743466,1679545743630
1679545743468,1679545743656
1679545743504,1679545743684
1679545743589,1679545743745
1679545743617,1679545743801
1679545743582,1679545743806
1679545743558,1679545743912
1679545743775,1679545743954
1679545743677,1679545743996
1679545743849,1679545744045
1679545743684,1679545744074
1679545743881,1679545744086
1679545743907,1679545744087
1679545743875,1679545744195
1679545743981,1679545744259
1679545744198,1679545744464
1679545744330,1679545744500
1679545744325,1679545744539
1679545744324,1679545744636
1679545744457,1679545744649
1679545744515,1679545744677
1679545744505,1679545744719
1679545744297,1679545744739
1679545744583,1679545744831
1679545744669,1679545744907
1679545744685,1679545744928
1679545744744,1679545744929
1679545744722,1679545745009
1679545744851,1679545745059
1679545744837,1679545745093
1679545744862,1679545745116
1679545744886,1679545745118
1679545744909,1679545745147
1679545744967,1679545745166
1679545744937,1679545745220
1679545744985,1679545745268
1679545744941,1679545745277
1679545745219,1679545745428
1679545745154,1679545745457
1679545745190,1679545745512
1679545745397,1679545745603
1679545745656,1679545745863
1679545745626,1679545745940
1679545745781,1679545746052
1679545745837,1679545746056
1679545745677,1679545746097
1679545746021,1679545746227
1679545746047,1679545746282
1679545746195,1679545746311
1679545745989,1679545746318
1679545746256,1679545746400
1679545746220,1679545746410
1679545746261,1679545746421
1679545746337,1679545746487
1679545746157,1679545746489
1679545746000,1679545746489
1679545746219,1679545746540
1679545746401,1679545746600
1679545746489,1679545746674
1679545746425,1679545746695
1679545746411,1679545746785
1679545746351,1679545746789
1679545746451,1679545746800
1679545746530,1679545746832
1679545746427,1679545746849
1679545746575,1679545746870
1679545746715,1679545746911
1679545747114,1679545747213
1679545747029,1679545747266
1679545746961,1679545747305
1679545747088,1679545747306
1679545747267,1679545747464
1679545747310,1679545747509
1679545747310,1679545747560
1679545747254,1679545747568
1679545747270,1679545747677
1679545747544,1679545747736
1679545747549,1679545747745
1679545747715,1679545747850
1679545747505,1679545747890
1679545747569,1679545747937
1679545747705,1679545747981
1679545747892,1679545748097
1679545747984,1679545748189
1679545747889,1679545748229
1679545748009,1679545748233
1679545747918,1679545748239
1679545748140,1679545748298
1679545747976,1679545748392
1679545748045,1679545748396
1679545748160,1679545748477
1679545748289,1679545748477
1679545748087,1679545748487
1679545748381,1679545748599
1679545748486,1679545748683
1679545748509,1679545748766
1679545748501,1679545748792
1679545748403,1679545748845
1679545748602,1679545748869
1679545748694,1679545749015
1679545748814,1679545749023
1679545748831,1679545749081
1679545748971,1679545749154
1679545748915,1679545749199
1679545749021,1679545749276
1679545749048,1679545749280
1679545749007,1679545749297
1679545749119,1679545749341
1679545749110,1679545749382
1679545749209,1679545749385
1679545749312,1679545749547
1679545749496,1679545749603
1679545749402,1679545749634
1679545749437,1679545749727
1679545749478,1679545749782
1679545749821,1679545749983
1679545749829,1679545749999
1679545749541,1679545750001
1679545749603,1679545750030
1679545749702,1679545750036
1679545749611,1679545750068
1679545749804,1679545750100
1679545749969,1679545750161
1679545749876,1679545750232
1679545750091,1679545750285
1679545750123,1679545750301
1679545750163,1679545750358
1679545750207,1679545750445
1679545750153,1679545750445
1679545750096,1679545750465
1679545750460,1679545750690
1679545750515,1679545750733
1679545750650,1679545750786
1679545750680,1679545750820
1679545750742,1679545750867
1679545750667,1679545750890
1679545750691,1679545750927
1679545750757,1679545750950
1679545750875,1679545751145
1679545750881,1679545751184
1679545751016,1679545751216
1679545750952,1679545751219
1679545751107,1679545751264
1679545751088,1679545751279
1679545751055,1679545751284
1679545750791,1679545751396
1679545751244,1679545751425
1679545751112,1679545751504
1679545751305,1679545751542
1679545751480,1679545751618
1679545751321,1679545751622
1679545751415,1679545751640
1679545751404,1679545751648
1679545751518,1679545751755
1679545751688,1679545751843
1679545751664,1679545751848
1679545751579,1679545751863
1679545751652,1679545751933
1679545751799,1679545752010
1679545751853,1679545752067
1679545751552,1679545752070
1679545751702,1679545752081
1679545751988,1679545752228
1679545752188,1679545752529
1679545752143,1679545752581
1679545752414,1679545752613
1679545752248,1679545752622
1679545752411,1679545752632
1679545752453,1679545752789
1679545752645,1679545752822
1679545752584,1679545752877
1679545752647,1679545752911
1679545752781,1679545752957
1679545752647,1679545752982
1679545752629,1679545753041
1679545752861,1679545753053
1679545752631,1679545753079
1679545752902,1679545753108
1679545752964,1679545753130
1679545753010,1679545753165
1679545752939,1679545753185
1679545753021,1679545753246
1679545753162,1679545753336
1679545753191,1679545753387
1679545752914,1679545753400
1679545753229,1679545753533
1679545753195,1679545753539
1679545753209,1679545753540
1679545753479,1679545753630
1679545753418,1679545753690
1679545753487,1679545753710
1679545753480,1679545753741
1679545753472,1679545753774
1679545753588,1679545753933
1679545753846,1679545753988
1679545754032,1679545754111
1679545754049,1679545754315
1679545754208,1679545754420
1679545754304,1679545754421
1679545754329,1679545754434
1679545754194,1679545754452
1679545754231,1679545754471
1679545754264,1679545754504
1679545754384,1679545754634
1679545754403,1679545754677
1679545754533,1679545754793
1679545754614,1679545754853
1679545754676,1679545754855
1679545754681,1679545754883
1679545754549,1679545754912
1679545754671,1679545754933
1679545754716,1679545754953
1679545754673,1679545754975
1679545754697,1679545755024
1679545754792,1679545755145
1679545754881,1679545755150
1679545755011,1679545755176
1679545755124,1679545755323
1679545754977,1679545755331
1679545754925,1679545755347
1679545755133,1679545755362
1679545755084,1679545755394
1679545755307,1679545755540
1679545755269,1679545755540
1679545755446,1679545755604
1679545755261,1679545755608
1679545755402,1679545755664
1679545755588,1679545755888
1679545755741,1679545755961
1679545755915,1679545756070
1679545755950,1679545756145
1679545755944,1679545756175
1679545755981,1679545756176
1679545755988,1679545756188
1679545755928,1679545756196
1679545756017,1679545756234
1679545755864,1679545756265
1679545756054,1679545756320
1679545756180,1679545756341
1679545756109,1679545756371
1679545756189,1679545756418
1679545756345,1679545756515
1679545756317,1679545756577
1679545756432,1679545756625
1679545756515,1679545756698
1679545756532,1679545756840
1679545756726,1679545756854
1679545756841,1679545756986
1679545756574,1679545756998
1679545756693,1679545757035
1679545756812,1679545757036
1679545756899,1679545757102
1679545757101,1679545757227
1679545757069,1679545757290
1679545757129,1679545757297
1679545757037,1679545757363
1679545757368,1679545757454
1679545757316,1679545757482
1679545757311,1679545757512
1679545757468,1679545757655
1679545757261,1679545757697
1679545757357,1679545757704
1679545757553,1679545757767
1679545757590,1679545757808
1679545757459,1679545757865
1679545757749,1679545757913
1679545757839,1679545757962
1679545757858,1679545758028
1679545757767,1679545758039
1679545757636,1679545758109
1679545757735,1679545758127
1679545757802,1679545758132
1679545757931,1679545758212
1679545758205,1679545758343
1679545758223,1679545758400
1679545758265,1679545758427
1679545758283,1679545758521
1679545758391,1679545758639
1679545758313,1679545758649
1679545758555,1679545758651
1679545758476,1679545758701
1679545758603,1679545758797
1679545758585,1679545758802
1679545758561,1679545758878
1679545758669,1679545758885
1679545758755,1679545758951
1679545758822,1679545758963
1679545758718,1679545758997
1679545758784,1679545759015
1679545758963,1679545759117
1679545759009,1679545759195
1679545758833,1679545759204
1679545759127,1679545759286
1679545759120,1679545759293
1679545759273,1679545759419
1679545759320,1679545759425
1679545759321,1679545759481
1679545759256,1679545759494
1679545759231,1679545759539
1679545759436,1679545759637
1679545759418,1679545759661
1679545759561,1679545759842
1679545759709,1679545759914
1679545759557,1679545759923
1679545759572,1679545759994
1679545759804,1679545760063
1679545759815,1679545760080
1679545759908,1679545760108
1679545759944,1679545760130
1679545759985,1679545760179
1679545760183,1679545760273
1679545759917,1679545760293
1679545760000,1679545760315
1679545760116,1679545760376
1679545760205,1679545760418
1679545760211,1679545760462
1679545760133,1679545760469
1679545760376,1679545760607
1679545760451,1679545760611
1679545760477,1679545760730
1679545760461,1679545760732
1679545760281,1679545760733
1679545760554,1679545760756
1679545760453,1679545760761
1679545760388,1679545760766
1679545760655,1679545760834
1679545760572,1679545760892
1679545760795,1679545760971
1679545760829,1679545761090
1679545760867,1679545761137
1679545761061,1679545761284
1679545760946,1679545761292
1679545761136,1679545761293
1679545761310,1679545761440
1679545761133,1679545761463
1679545761260,1679545761474
1679545761273,1679545761542
1679545761300,1679545761612
1679545761453,1679545761620
1679545761309,1679545761622
1679545761485,1679545761640
1679545761543,1679545761674
1679545761428,1679545761690
1679545761497,1679545761788
1679545761659,1679545761833
1679545761648,1679545761881
1679545761761,1679545761945
1679545761745,1679545761993
1679545761589,1679545762054
1679545761797,1679545762066
1679545761871,1679545762119
1679545762037,1679545762240
1679545761871,1679545762312
1679545762114,1679545762343
1679545762136,1679545762355
1679545762246,1679545762460
1679545762264,1679545762464
1679545762336,1679545762502
1679545762426,1679545762593
1679545762555,1679545762733
1679545762437,1679545762757
1679545762552,1679545762797
1679545762495,1679545762807
1679545762630,1679545762814
1679545762711,1679545762843
1679545762645,1679545762863
1679545762567,1679545762939
1679545762693,1679545762952
1679545762649,1679545762981
1679545762914,1679545763052
1679545762873,1679545763072
1679545762982,1679545763150
1679545762907,1679545763251
1679545763056,1679545763293
1679545762899,1679545763352
1679545763004,1679545763359
1679545763121,1679545763445
1679545763333,1679545763498
1679545763158,1679545763519
1679545763493,1679545763708
1679545763569,1679545763736
1679545763426,1679545763778
1679545763631,1679545763829
1679545763685,1679545763915
1679545763405,1679545763917
1679545763701,1679545764094
1679545763900,1679545764095
1679545763933,1679545764148
1679545764057,1679545764204
1679545763880,1679545764239
1679545764015,1679545764263
1679545764001,1679545764289
1679545764125,1679545764295
1679545764097,1679545764308
1679545764109,1679545764322
1679545764036,1679545764388
1679545764130,1679545764445
1679545764349,1679545764584
1679545764267,1679545764622
1679545764430,1679545764646
1679545764241,1679545764687
1679545764468,1679545764709
1679545764295,1679545764715
1679545764570,1679545764783
1679545764722,1679545764917
1679545764796,1679545765007
1679545764833,1679545765058
1679545764851,1679545765163
1679545764997,1679545765217
1679545765012,1679545765336
1679545765151,1679545765337
1679545765061,1679545765381
1679545765213,1679545765445
1679545765188,1679545765463
1679545765346,1679545765496
1679545765245,1679545765509
1679545765305,1679545765528
1679545765340,1679545765551
1679545765341,1679545765585
1679545765508,1679545765657
1679545765509,1679545765742
1679545765475,1679545765755
1679545765596,1679545765817
1679545765475,1679545765972
1679545765693,1679545766006
1679545765871,1679545766066
1679545765963,1679545766119
1679545765781,1679545766137
1679545765999,1679545766166
1679545766052,1679545766227
1679545765795,1679545766282
1679545766069,1679545766283
1679545766213,1679545766389
1679545766153,1679545766396
1679545766284,1679545766493
1679545766302,1679545766512
1679545766227,1679545766540
1679545766373,1679545766594
1679545766544,1679545766689
1679545766486,1679545766709
1679545766497,1679545766744
1679545766528,1679545766759
1679545766485,1679545766813
1679545766556,1679545766885
1679545766806,1679545766993
1679545766887,1679545767040
1679545766969,1679545767230
1679545766981,1679545767311
1679545767076,1679545767325
1679545767239,1679545767449
1679545767229,1679545767455
1679545767227,1679545767528
1679545767425,1679545767563
1679545767363,1679545767572
1679545767412,1679545767628
1679545767453,1679545767656
1679545767354,1679545767728
1679545767325,1679545767828
1679545767454,1679545767844
1679545767671,1679545767879
1679545767655,1679545767884
1679545767726,1679545767907
1679545767777,1679545767910
1679545767652,1679545767914
1679545767777,1679545767982
1679545767585,1679545768021
1679545767926,1679545768129
1679545767963,1679545768153
1679545767879,1679545768169
1679545768040,1679545768175
1679545767525,1679545768189
1679545768103,1679545768295
1679545767953,1679545768330
1679545768221,1679545768433
1679545768307,1679545768445
1679545768284,1679545768470
1679545768346,1679545768558
1679545768346,1679545768577
1679545768473,1679545768634
1679545768699,1679545768948
1679545768848,1679545768967
1679545768715,1679545769007
1679545768720,1679545769097
1679545768972,1679545769104
1679545768942,1679545769157
1679545769019,1679545769174
1679545768939,1679545769187
1679545769035,1679545769216
1679545769033,1679545769224
1679545769045,1679545769244
1679545768825,1679545769285
1679545769052,1679545769335
1679545769207,1679545769369
1679545769209,1679545769411
1679545769248,1679545769516
1679545769360,1679545769521
1679545769385,1679545769614
1679545769393,1679545769647
1679545769172,1679545769666
1679545769490,1679545769741
1679545769491,1679545769766
1679545769704,1679545769864
1679545769648,1679545769867
1679545769685,1679545769983
1679545769614,1679545770016
1679545769917,1679545770048
1679545769923,1679545770250
1679545770021,1679545770251
1679545769974,1679545770289
1679545770084,1679545770318
1679545770220,1679545770466
1679545770165,1679545770559
1679545770290,1679545770567
1679545770259,1679545770636
1679545770437,1679545770656
1679545770349,1679545770685
1679545770590,1679545770820
1679545770699,1679545770909
1679545770625,1679545770999
1679545770649,1679545771011
1679545770781,1679545771073
1679545770875,1679545771088
1679545770913,1679545771089
1679545770793,1679545771159
1679545771002,1679545771263
1679545771029,1679545771276
1679545770997,1679545771348
1679545771066,1679545771409
1679545771193,1679545771449
1679545771354,1679545771589
1679545771452,1679545771609
1679545771378,1679545771669
1679545771601,1679545771751
1679545771619,1679545771824
1679545771596,1679545771836
1679545771603,1679545771896
1679545771748,1679545771906
1679545771754,1679545771953
1679545771693,1679545771984
1679545771803,1679545771990
1679545771999,1679545772189
1679545771992,1679545772199
1679545771981,1679545772216
1679545772056,1679545772286
1679545771827,1679545772310
1679545772165,1679545772343
1679545772138,1679545772345
1679545772068,1679545772409
1679545772157,1679545772448
1679545772197,1679545772469
1679545772342,1679545772535
1679545772423,1679545772636
1679545772474,1679545772657
1679545772381,1679545772800
1679545772585,1679545772809
1679545772668,1679545772872
1679545772827,1679545772977
1679545772702,1679545772988
1679545772839,1679545773051
1679545772776,1679545773069
1679545772880,1679545773075
1679545772885,1679545773233
1679545773035,1679545773336
1679545773132,1679545773342
1679545773145,1679545773382
1679545773274,1679545773464
1679545773313,1679545773541
1679545773295,1679545773580
1679545773417,1679545773595
1679545773417,1679545773623
1679545773251,1679545773644
1679545773436,1679545773672
1679545773529,1679545773721
1679545773393,1679545773737
1679545773501,1679545773740
1679545773454,1679545773743
1679545773540,1679545773747
1679545773550,1679545773810
1679545773672,1679545773918
1679545773673,1679545773937
1679545773693,1679545773983
1679545773846,1679545774003
1679545773946,1679545774095
1679545773952,1679545774201
1679545774152,1679545774301
1679545774237,1679545774447
1679545774249,1679545774454
1679545774319,1679545774548
1679545774413,1679545774615
1679545774404,1679545774659
1679545774497,1679545774672
1679545774457,1679545774690
1679545774545,1679545774749
1679545774583,1679545774774
1679545774258,1679545774796
1679545774649,1679545774841
1679545774708,1679545775005
1679545774695,1679545775096
1679545774719,1679545775100
1679545774756,1679545775190
1679545774997,1679545775201
1679545774962,1679545775227
1679545775094,1679545775279
1679545775385,1679545775558
1679545775457,1679545775661
1679545775409,1679545775678
1679545775490,1679545775699
1679545775517,1679545775745
1679545775424,1679545775755
1679545775671,1679545775820
1679545775562,1679545775838
1679545775678,1679545775887
1679545775605,1679545775899
1679545775646,1679545775909
1679545775685,1679545776121
1679545775982,1679545776163
1679545775970,1679545776164
1679545775993,1679545776168
1679545775761,1679545776276
1679545776109,1679545776306
1679545776190,1679545776326
1679545776144,1679545776379
1679545776225,1679545776505
1679545776216,1679545776562
1679545776303,1679545776590
1679545776294,1679545776598
1679545776489,1679545776646
1679545776380,1679545776711
1679545776752,1679545776883
1679545776480,1679545776894
1679545776897,1679545777052
1679545776955,1679545777164
1679545777042,1679545777167
1679545776895,1679545777170
1679545776955,1679545777183
1679545777253,1679545777378
1679545777161,1679545777389
1679545777253,1679545777400
1679545777183,1679545777422
1679545777214,1679545777446
1679545777088,1679545777510
1679545777333,1679545777524
1679545777268,1679545777554
1679545777060,1679545777554
1679545777345,1679545777579
1679545777449,1679545777592
1679545777485,1679545777712
1679545777480,1679545777731
1679545777265,1679545777800
1679545777791,1679545778005
1679545777773,1679545778037
1679545777884,1679545778064
1679545777944,1679545778149
1679545777825,1679545778240
1679545777982,1679545778309
1679545778022,1679545778344
1679545778071,1679545778355
1679545778169,1679545778406
1679545778317,1679545778514
1679545778258,1679545778517
1679545778224,1679545778528
1679545778458,1679545778654
1679545778415,1679545778675
1679545778612,1679545778805
1679545778625,1679545778837
1679545778725,1679545778915
1679545778785,1679545778958
1679545778806,1679545778975
1679545778739,1679545778990
1679545778732,1679545779032
1679545778855,1679545779048
1679545778861,1679545779146
1679545778967,1679545779149
1679545779047,1679545779218
1679545779131,1679545779316
1679545779180,1679545779369
1679545779142,1679545779427
1679545779308,1679545779436
1679545779307,1679545779444
1679545779379,1679545779565
1679545779392,1679545779577
1679545779324,1679545779636
1679545779446,1679545779672
1679545779607,1679545779752
1679545779397,1679545779764
1679545779530,1679545779901
1679545779672,1679545779915
1679545779622,1679545779937
1679545779847,1679545779996
1679545779957,1679545780081
1679545779925,1679545780118
1679545779909,1679545780191
1679545779965,1679545780221
1679545779998,1679545780245
1679545780027,1679545780247
1679545780061,1679545780261
1679545780210,1679545780463
1679545780312,1679545780566
1679545780309,1679545780634
1679545780250,1679545780641
1679545780466,1679545780664
1679545780386,1679545780675
1679545780477,1679545780734
1679545780449,1679545780767
1679545780647,1679545780815
1679545780565,1679545780870
1679545780782,1679545781013
1679545780821,1679545781013
1679545780676,1679545781016
1679545780744,1679545781077
1679545780852,1679545781117
1679545781018,1679545781221
1679545781029,1679545781294
1679545781080,1679545781360
1679545781247,1679545781394
1679545781334,1679545781581
1679545781341,1679545781587
1679545781268,1679545781627
1679545781332,1679545781715
1679545781455,1679545781731
1679545781457,1679545781773
1679545781617,1679545781851
1679545781652,1679545781894
1679545781409,1679545781896
1679545781630,1679545781964
1679545781820,1679545782054
1679545781781,1679545782080
1679545781909,1679545782095
1679545781911,1679545782103
1679545782200,1679545782295
1679545782034,1679545782297
1679545782185,1679545782498
1679545782382,1679545782500
1679545782324,1679545782502
1679545782183,1679545782687
1679545782533,1679545782730
1679545782597,1679545782735
1679545782626,1679545782816
1679545782576,1679545782836
1679545782596,1679545782890
1679545782648,1679545782901
1679545782653,1679545782926
1679545782663,1679545782949
1679545782699,1679545782963
1679545782767,1679545782989
1679545782849,1679545783036
1679545782807,1679545783078
1679545782943,1679545783155
1679545783069,1679545783313
1679545783163,1679545783411
1679545782985,1679545783413
1679545783185,1679545783445
1679545783287,1679545783469
1679545783249,1679545783539
1679545783408,1679545783578
1679545783044,1679545783602
1679545783461,1679545783672
1679545783486,1679545783729
1679545783525,1679545783734
1679545783617,1679545783787
1679545783609,1679545783871
1679545783662,1679545783922
1679545783712,1679545783944
1679545783811,1679545784003
1679545783901,1679545784126
1679545784008,1679545784245
1679545784060,1679545784276
1679545784134,1679545784314
1679545784088,1679545784341
1679545784244,1679545784412
1679545784211,1679545784470
1679545784245,1679545784477
1679545784318,1679545784479
1679545784430,1679545784735
1679545784363,1679545784766
1679545784581,1679545784805
1679545784665,1679545784846
1679545784648,1679545784880
1679545784789,1679545784992
1679545784865,1679545785037
1679545784811,1679545785054
1679545784785,1679545785058
1679545784665,1679545785125
1679545784908,1679545785149
1679545785060,1679545785204
1679545785033,1679545785235
1679545785068,1679545785457
1679545785324,1679545785546
1679545785407,1679545785585
1679545785271,1679545785617
1679545785405,1679545785642
1679545785602,1679545785805
1679545785504,1679545785832
1679545785673,1679545785864
1679545785837,1679545786045
1679545785740,1679545786077
1679545785976,1679545786103
1679545785875,1679545786142
1679545785805,1679545786184
1679545785950,1679545786186
1679545785988,1679545786189
1679545785856,1679545786228
1679545785943,1679545786230
1679545785972,1679545786240
1679545786160,1679545786329
1679545786176,1679545786383
1679545785588,1679545786416
1679545786216,1679545786440
1679545786213,1679545786452
1679545786148,1679545786544
1679545786201,1679545786575
1679545786372,1679545786676
1679545786621,1679545786864
1679545786794,1679545786941
1679545786733,1679545787032
1679545786911,1679545787060
1679545786724,1679545787080
1679545786962,1679545787165
1679545786823,1679545787171
1679545787059,1679545787323
1679545786981,1679545787326
1679545787133,1679545787361
1679545787071,1679545787376
1679545786955,1679545787423
1679545787245,1679545787435
1679545787220,1679545787471
1679545787271,1679545787508
1679545787364,1679545787548
1679545787362,1679545787550
1679545787482,1679545787682
1679545787295,1679545787698
1679545787552,1679545787764
1679545787635,1679545787799
1679545787594,1679545787862
1679545787634,1679545787877
1679545787516,1679545787952
1679545787819,1679545787988
1679545787703,1679545788021
1679545787868,1679545788054
1679545787899,1679545788161
1679545787868,1679545788168
1679545787931,1679545788306
1679545788212,1679545788332
1679545788153,1679545788352
1679545788265,1679545788448
1679545788474,1679545788638
1679545788416,1679545788686
1679545788511,1679545788715
1679545788630,1679545788813
1679545788611,1679545788814
1679545788613,1679545788854
1679545788739,1679545788925
1679545788799,1679545788959
1679545788775,1679545788969
1679545788815,1679545789030
1679545788840,1679545789063
1679545788946,1679545789089
1679545788960,1679545789174
1679545788982,1679545789198
1679545789081,1679545789258
1679545789009,1679545789284
1679545789118,1679545789309
1679545789113,1679545789311
1679545789157,1679545789361
1679545789237,1679545789372
1679545789119,1679545789380
1679545789435,1679545789604
1679545789257,1679545789607
1679545789536,1679545789723
1679545789668,1679545789848
1679545789549,1679545789906
1679545789833,1679545789985
1679545789839,1679545790124
1679545789831,1679545790180
1679545789912,1679545790263
1679545790020,1679545790271
1679545790088,1679545790275
1679545790135,1679545790353
1679545790258,1679545790372
1679545790214,1679545790396
1679545790206,1679545790423
1679545790253,1679545790426
1679545790177,1679545790431
1679545790190,1679545790465
1679545790217,1679545790499
1679545790165,1679545790521
1679545790453,1679545790620
1679545790365,1679545790646
1679545790405,1679545790676
1679545790549,1679545790827
1679545790429,1679545790855
1679545790535,1679545790862
1679545790721,1679545790921
1679545790776,1679545791021
1679545790904,1679545791104
1679545790832,1679545791126
1679545791078,1679545791220
1679545790984,1679545791245
1679545791043,1679545791300
1679545791163,1679545791403
1679545791268,1679545791461
1679545791191,1679545791613
1679545791300,1679545791623
1679545791415,1679545791716
1679545791532,1679545791743
1679545791687,1679545791786
1679545791515,1679545791811
1679545791683,1679545791815
1679545791706,1679545791919
1679545791817,1679545791983
1679545791799,1679545792014
1679545791825,1679545792035
1679545791807,1679545792080
1679545791979,1679545792098
1679545791823,1679545792132
1679545792012,1679545792204
1679545792198,1679545792286
1679545791986,1679545792325
1679545792222,1679545792443
1679545792302,1679545792492
1679545792383,1679545792520
1679545792345,1679545792565
1679545792433,1679545792658
1679545792429,1679545792667
1679545792427,1679545792690
1679545792516,1679545792714
1679545792300,1679545792781
1679545792837,1679545792985
1679545792871,1679545793044
1679545792826,1679545793143
1679545793044,1679545793168
1679545792946,1679545793184
1679545793000,1679545793193
1679545793016,1679545793215
1679545792988,1679545793226
1679545792934,1679545793233
1679545793051,1679545793256
1679545793037,1679545793310
1679545793037,1679545793373
1679545793189,1679545793448
1679545793376,1679545793557
1679545793492,1679545793669
1679545793494,1679545793706
1679545793630,1679545793745
1679545793576,1679545793757
1679545793604,1679545793890
1679545793704,1679545793965
1679545793764,1679545793999
1679545793872,1679545794044
1679545793605,1679545794046
1679545794010,1679545794183
1679545793961,1679545794211
1679545793925,1679545794218
1679545793781,1679545794264
1679545794074,1679545794281
1679545794146,1679545794326
1679545794250,1679545794333
1679545794233,1679545794474
1679545794203,1679545794553
1679545794402,1679545794575
1679545794430,1679545794633
1679545794353,1679545794638
1679545794457,1679545794654
1679545794611,1679545794857
1679545794753,1679545794945
1679545794610,1679545794950
1679545794820,1679545794963
1679545794818,1679545795004
1679545794895,1679545795031
1679545794824,1679545795090
1679545794995,1679545795167
1679545794935,1679545795167
1679545794988,1679545795239
1679545795063,1679545795243
1679545795118,1679545795316
1679545795307,1679545795407
1679545795329,1679545795574
1679545795361,1679545795579
1679545795380,1679545795634
1679545795475,1679545795693
1679545795409,1679545795732
1679545795470,1679545795817
1679545795755,1679545795976
1679545795813,1679545795981
1679545795551,1679545795982
1679545795756,1679545795991
1679545795663,1679545796039
1679545795787,1679545796107
1679545795869,1679545796129
1679545795852,1679545796173
1679545795952,1679545796209
1679545795983,1679545796299
1679545796032,1679545796323
1679545796246,1679545796441
1679545796250,1679545796476
1679545796280,1679545796526
1679545796251,1679545796558
1679545796459,1679545796574
1679545796396,1679545796576
1679545796360,1679545796641
1679545796422,1679545796676
1679545796495,1679545796747
1679545796639,1679545796819
1679545796518,1679545796826
1679545796721,1679545796914
1679545796713,1679545796980
1679545796891,1679545797153
1679545796945,1679545797189
1679545797159,1679545797297
1679545797053,1679545797349
1679545797362,1679545797503
1679545797304,1679545797548
1679545797420,1679545797553
1679545797420,1679545797657
1679545797413,1679545797678
1679545797487,1679545797762
1679545797456,1679545797775
1679545797606,1679545797775
1679545797642,1679545797889
1679545797564,1679545797899
1679545797717,1679545797906
1679545797657,1679545798057
1679545797579,1679545798080
1679545797701,1679545798101
1679545798050,1679545798264
1679545798061,1679545798317
1679545798158,1679545798398
1679545798002,1679545798427
1679545798335,1679545798448
1679545798143,1679545798486
1679545798123,1679545798532
1679545798356,1679545798549
1679545798309,1679545798565
1679545798289,1679545798601
1679545798320,1679545798638
1679545798541,1679545798703
1679545798724,1679545798910
1679545798687,1679545798926
1679545798546,1679545798963
1679545798919,1679545799108
1679545798821,1679545799136
1679545798896,1679545799142
1679545798988,1679545799181
1679545798876,1679545799202
1679545798845,1679545799244
1679545799038,1679545799249
1679545799104,1679545799279
1679545799031,1679545799290
1679545799361,1679545799480
1679545799149,1679545799485
1679545799100,1679545799500
1679545799249,1679545799561
1679545799530,1679545799719
1679545799569,1679545799780
1679545799631,1679545799799
1679545799709,1679545799887
1679545799635,1679545799915
1679545799790,1679545799967
1679545799683,1679545799994
1679545799701,1679545800029
1679545799937,1679545800146
1679545799903,1679545800168
1679545800102,1679545800260
1679545800106,1679545800411
1679545800043,1679545800424
1679545800261,1679545800465
1679545800227,1679545800487
1679545800128,1679545800496
1679545800302,1679545800512
1679545800222,1679545800542
1679545800423,1679545800584
1679545800483,1679545800599
1679545800457,1679545800762
1679545800576,1679545800885
1679545800833,1679545801014
1679545800789,1679545801068
1679545800835,1679545801119
1679545800879,1679545801160
1679545800949,1679545801207
1679545801079,1679545801211
1679545800984,1679545801231
1679545800915,1679545801235
1679545801089,1679545801268
1679545800872,1679545801291
1679545801072,1679545801340
1679545801169,1679545801479
1679545801390,1679545801605
1679545801368,1679545801621
1679545801288,1679545801626
1679545801381,1679545801632
1679545801609,1679545801761
1679545801471,1679545801774
1679545801646,1679545801812
1679545801654,1679545801855
1679545801475,1679545801884
1679545801793,1679545801967
1679545801691,1679545802011
1679545801818,1679545802116
1679545802077,1679545802247
1679545801995,1679545802250
1679545802073,1679545802271
1679545802173,1679545802451
1679545802301,1679545802489
1679545802319,1679545802563
1679545802345,1679545802651
1679545802491,1679545802657
1679545802511,1679545802693
1679545802514,1679545802699
1679545802544,1679545802716
1679545802523,1679545802735
1679545802671,1679545802848
1679545802639,1679545802888
1679545802794,1679545803026
1679545802782,1679545803070
1679545802924,1679545803167
1679545802925,1679545803169
1679545803022,1679545803180
1679545803063,1679545803249
1679545803065,1679545803269
1679545803139,1679545803274
1679545802931,1679545803277
1679545803246,1679545803381
1679545803205,1679545803386
1679545803147,1679545803403
1679545803290,1679545803476
1679545803361,1679545803583
1679545803420,1679545803675
1679545803400,1679545803694
1679545803581,1679545803750
1679545803585,1679545803759
1679545803727,1679545803888
1679545803660,1679545803921
1679545803843,1679545803944
1679545803763,1679545803989
1679545803773,1679545804023
1679545803843,1679545804054
1679545803863,1679545804057
1679545803937,1679545804120
1679545803990,1679545804197
1679545804106,1679545804231
1679545804097,1679545804326
1679545804253,1679545804379
1679545804235,1679545804388
1679545804269,1679545804418
1679545804266,1679545804467
1679545804237,1679545804521
1679545804333,1679545804600
1679545804390,1679545804644
1679545804536,1679545804724
1679545804571,1679545804785
1679545804710,1679545804945
1679545804713,1679545805029
1679545804676,1679545805071
1679545804729,1679545805127
1679545805070,1679545805215
1679545804861,1679545805215
1679545805163,1679545805257
1679545805161,1679545805328
1679545805173,1679545805371
1679545805253,1679545805424
1679545805181,1679545805445
1679545805268,1679545805501
1679545805233,1679545805517
1679545805377,1679545805706
1679545805573,1679545805796
1679545805693,1679545805893
1679545805551,1679545805900
1679545805619,1679545805943
1679545805649,1679545805960
1679545805669,1679545805983
1679545805624,1679545805984
1679545805886,1679545806025
1679545805799,1679545806030
1679545805835,1679545806144
1679545805905,1679545806149
1679545805962,1679545806186
1679545806329,1679545806455
1679545806262,1679545806462
1679545806331,1679545806532
1679545806421,1679545806661
1679545806343,1679545806696
1679545806368,1679545806704
1679545806486,1679545806745
1679545806457,1679545806863
1679545806707,1679545806905
1679545806659,1679545806970
1679545806726,1679545806999
1679545806666,1679545807004
1679545806637,1679545807006
1679545806893,1679545807075
1679545806872,1679545807078
1679545806937,1679545807165
1679545807095,1679545807239
1679545807086,1679545807239
1679545806985,1679545807298
1679545807174,1679545807377
1679545807177,1679545807424
1679545807340,1679545807458
1679545807307,1679545807571
1679545807311,1679545807631
1679545807389,1679545807659
1679545807533,1679545807776
1679545807671,1679545807868
1679545807799,1679545807954
1679545807722,1679545807972
1679545807927,1679545808018
1679545807871,1679545808055
1679545807813,1679545808097
1679545807901,1679545808154
1679545807883,1679545808271
1679545808056,1679545808318
1679545808237,1679545808410
1679545808255,1679545808418
1679545808293,1679545808502
1679545808161,1679545808554
1679545808478,1679545808649
1679545808437,1679545808662
1679545808544,1679545808722
1679545808464,1679545808740
1679545808439,1679545808761
1679545808531,1679545808773
1679545808611,1679545808900
1679545808789,1679545808959
1679545808716,1679545809003
1679545808834,1679545809036
1679545808812,1679545809045
1679545808789,1679545809129
1679545809142,1679545809411
1679545809161,1679545809412
1679545809210,1679545809416
1679545809308,1679545809446
1679545809207,1679545809467
1679545809194,1679545809475
1679545809296,1679545809545
1679545809189,1679545809557
1679545809376,1679545809714
1679545809609,1679545809775
1679545809656,1679545809870
1679545809671,1679545809889
1679545809797,1679545809963
1679545809838,1679545810071
1679545810007,1679545810197
1679545809967,1679545810205
1679545810061,1679545810242
1679545810077,1679545810284
1679545809869,1679545810285
1679545810090,1679545810352
1679545810301,1679545810457
1679545810369,1679545810461
1679545810315,1679545810491
1679545810185,1679545810495
1679545810434,1679545810609
1679545810405,1679545810634
1679545810452,1679545810694
1679545810682,1679545810898
1679545810679,1679545810908
1679545810579,1679545810920
1679545810816,1679545811025
1679545810780,1679545811033
1679545810757,1679545811033
1679545810781,1679545811072
1679545810868,1679545811145
1679545810869,1679545811173
1679545811040,1679545811297
1679545811068,1679545811298
1679545811166,1679545811367
1679545811197,1679545811382
1679545811119,1679545811392
1679545811272,1679545811489
1679545811392,1679545811514
1679545811446,1679545811733
1679545811519,1679545811735
1679545811449,1679545811755
1679545811656,1679545811817
1679545811625,1679545811862
1679545811781,1679545812079
1679545811688,1679545812097
1679545811824,1679545812131
1679545811871,1679545812133
1679545811868,1679545812172
1679545811973,1679545812174
1679545812122,1679545812269
1679545812028,1679545812380
1679545812114,1679545812391
1679545812187,1679545812407
1679545812306,1679545812446
1679545812312,1679545812462
1679545812328,1679545812515
1679545812415,1679545812713
1679545812435,1679545812761
1679545812432,1679545812793
1679545812654,1679545812986
1679545812775,1679545813100
1679545812955,1679545813125
1679545812970,1679545813199
1679545812903,1679545813207
1679545813041,1679545813235
1679545813112,1679545813313
1679545812941,1679545813341
1679545812954,1679545813420
1679545813253,1679545813449
1679545813167,1679545813472
1679545813005,1679545813480
1679545813178,1679545813487
1679545813363,1679545813535
1679545813377,1679545813579
1679545813309,1679545813643
1679545813503,1679545813664
1679545813573,1679545813718
1679545813497,1679545813758
1679545813503,1679545813800
1679545813792,1679545814002
1679545813449,1679545814035
1679545813956,1679545814190
1679545813945,1679545814219
1679545813969,1679545814221
1679545814105,1679545814256
1679545814072,1679545814365
1679545814196,1679545814414
1679545814189,1679545814465
1679545814400,1679545814599
1679545814443,1679545814671
1679545814551,1679545814732
1679545814466,1679545814773
1679545814585,1679545814788
1679545814546,1679545814814
1679545814559,1679545814845
1679545814561,1679545814857
1679545814597,1679545814879
1679545814697,1679545814892
1679545814604,1679545814907
1679545814705,1679545814982
1679545814872,1679545815072
1679545815043,1679545815210
1679545815038,1679545815311
1679545815045,1679545815383
1679545815014,1679545815400
1679545815097,1679545815450
1679545815304,1679545815570
1679545815280,1679545815582
1679545815482,1679545815712
1679545815639,1679545815810
1679545815697,1679545815888
1679545815719,1679545815930
1679545815683,1679545815932
1679545815617,1679545815971
1679545815641,1679545815975
1679545815929,1679545816052
1679545815854,1679545816075
1679545815781,1679545816142
1679545815801,1679545816157
1679545816025,1679545816186
1679545815875,1679545816251
1679545816125,1679545816259
1679545816148,1679545816327
1679545816283,1679545816516
1679545816189,1679545816547
1679545816447,1679545816618
1679545816297,1679545816682
1679545816547,1679545816702
1679545816617,1679545816820
1679545816667,1679545816890
1679545816617,1679545816918
1679545816756,1679545816930
1679545816795,1679545816935
1679545816742,1679545817020
1679545816796,1679545817047
1679545816863,1679545817100
1679545816859,1679545817116
1679545816965,1679545817190
1679545817113,1679545817332
1679545817090,1679545817343
1679545817343,1679545817501
1679545817265,1679545817518
1679545817259,1679545817520
1679545817233,1679545817544
1679545817447,1679545817658
1679545817544,1679545817715
1679545817486,1679545817816
1679545817741,1679545817902
1679545817455,1679545817975
1679545817797,1679545818010
1679545817983,1679545818209
1679545817988,1679545818213
1679545817977,1679545818240
1679545818033,1679545818278
1679545818069,1679545818314
1679545818016,1679545818315
1679545818061,1679545818358
1679545818157,1679545818364
1679545818255,1679545818424
1679545818152,1679545818514
1679545818337,1679545818533
1679545818445,1679545818668
1679545818496,1679545818690
1679545818453,1679545818693
1679545818468,1679545818699
1679545818558,1679545818875
1679545818772,1679545818930
1679545818818,1679545818939
1679545818768,1679545819014
1679545818795,1679545819047
1679545818846,1679545819092
1679545818869,1679545819096
1679545818983,1679545819159
1679545819037,1679545819255
1679545819041,1679545819288
1679545819025,1679545819330
1679545819124,1679545819347
1679545819203,1679545819392
1679545819250,1679545819522
1679545819441,1679545819590
1679545819375,1679545819673
1679545819425,1679545819677
1679545819705,1679545819828
1679545819691,1679545819885
1679545819759,1679545819952
1679545819275,1679545819954
1679545819820,1679545819985
1679545819706,1679545819986
1679545819840,1679545820007
1679545819907,1679545820076
1679545820036,1679545820214
1679545820104,1679545820310
1679545820109,1679545820381
1679545819968,1679545820391
1679545820161,1679545820425
1679545820256,1679545820430
1679545820365,1679545820565
1679545820248,1679545820586
1679545820315,1679545820672
1679545820259,1679545820687
1679545820605,1679545820768
1679545820455,1679545820832
1679545820603,1679545820861
1679545820549,1679545820888
1679545820619,1679545820917
1679545820889,1679545821013
1679545820874,1679545821041
1679545820817,1679545821091
1679545820614,1679545821100
1679545821118,1679545821388
1679545821084,1679545821394
1679545821276,1679545821489
1679545820972,1679545821512
1679545821355,1679545821563
1679545821421,1679545821611
1679545821563,1679545821685
1679545821560,1679545821731
1679545821586,1679545821822
1679545821765,1679545821894
1679545821724,1679545821947
1679545821823,1679545822024
1679545821725,1679545822047
1679545821896,1679545822048
1679545821893,1679545822098
1679545821908,1679545822111
1679545821914,1679545822123
1679545821826,1679545822151
1679545822069,1679545822234
1679545821944,1679545822247
1679545822117,1679545822348
1679545822211,1679545822402
1679545822035,1679545822402
1679545822525,1679545822758
1679545822357,1679545822792
1679545822457,1679545822792
1679545822553,1679545822807
1679545822722,1679545822839
1679545822654,1679545822847
1679545822723,1679545822961
1679545822897,1679545823077
1679545823017,1679545823183
1679545823055,1679545823206
1679545823006,1679545823270
1679545822917,1679545823331
1679545823027,1679545823339
1679545823162,1679545823346
1679545823239,1679545823427
1679545823300,1679545823470
1679545823359,1679545823583
1679545823297,1679545823589
1679545823371,1679545823628
1679545823392,1679545823702
1679545823599,1679545823761
1679545823552,1679545823786
1679545823535,1679545823787
1679545823437,1679545823809
1679545823518,1679545823815
1679545823514,1679545823886
1679545823696,1679545823918
1679545823780,1679545823946
1679545823925,1679545824035
1679545823840,1679545824106
1679545823890,1679545824122
1679545824067,1679545824288
1679545824041,1679545824317
1679545824179,1679545824355
1679545824280,1679545824487
1679545824358,1679545824545
1679545824410,1679545824584
1679545824429,1679545824613
1679545824541,1679545824796
1679545824575,1679545824819
1679545824784,1679545824924
1679545824692,1679545824939
1679545824796,1679545825001
1679545824761,1679545825059
1679545824965,1679545825149
1679545824967,1679545825173
1679545824879,1679545825200
1679545825081,1679545825256
1679545824984,1679545825305
1679545825092,1679545825328
1679545824886,1679545825329
1679545825188,1679545825359
1679545825120,1679545825360
1679545825189,1679545825414
1679545825269,1679545825502
1679545825659,1679545825763
1679545825526,1679545825838
1679545825435,1679545825844
1679545825553,1679545825856
1679545825526,1679545825927
1679545825705,1679545826068
1679545825903,1679545826121
1679545825817,1679545826126
1679545826050,1679545826284
1679545826029,1679545826286
1679545825929,1679545826311
1679545826140,1679545826326
1679545826216,1679545826434
1679545826264,1679545826480
1679545826216,1679545826517
1679545826410,1679545826574
1679545826328,1679545826613
1679545826351,1679545826624
1679545826394,1679545826700
1679545826357,1679545826700
1679545826497,1679545826726
1679545826542,1679545826770
1679545826754,1679545826913
1679545826741,1679545826978
1679545826765,1679545827031
1679545826877,1679545827087
1679545826994,1679545827090
1679545826883,1679545827113
1679545826988,1679545827233
1679545827013,1679545827295
1679545826926,1679545827348
1679545827093,1679545827399
1679545827358,1679545827510
1679545827307,1679545827519
1679545827278,1679545827530
1679545827282,1679545827574
1679545827362,1679545827581
1679545827317,1679545827615
1679545827442,1679545827654
1679545827491,1679545827713
1679545827648,1679545827784
1679545827555,1679545827903
1679545827834,1679545827920
1679545827752,1679545827951
1679545827848,1679545828041
1679545827970,1679545828141
1679545828027,1679545828180
1679545828085,1679545828221
1679545828318,1679545828509
1679545828208,1679545828520
1679545828360,1679545828532
1679545828325,1679545828546
1679545828265,1679545828561
1679545828603,1679545828766
1679545828619,1679545828770
1679545828561,1679545828850
1679545828714,1679545828851
1679545828598,1679545828912
1679545828903,1679545829086
1679545828916,1679545829119
1679545828673,1679545829265
1679545829147,1679545829309
1679545829102,1679545829349
1679545829089,1679545829367
1679545829149,1679545829411
1679545829161,1679545829449
1679545829240,1679545829459
1679545829197,1679545829466
1679545829132,1679545829500
1679545829118,1679545829528
1679545829282,1679545829588
1679545829472,1679545829647
1679545829466,1679545829654
1679545829570,1679545829703
1679545829613,1679545829849
1679545829612,1679545829974
1679545829717,1679545830013
1679545829805,1679545830030
1679545829850,1679545830153
1679545829935,1679545830157
1679545830161,1679545830289
1679545830008,1679545830289
1679545830229,1679545830326
1679545830117,1679545830367
1679545830150,1679545830384
1679545830282,1679545830450
1679545830177,1679545830482
1679545830328,1679545830601
1679545830556,1679545830762
1679545830481,1679545830809
1679545830647,1679545830828
1679545830530,1679545830948
1679545830699,1679545831023
1679545830865,1679545831030
1679545830808,1679545831066
1679545830859,1679545831094
1679545830767,1679545831097
1679545830797,1679545831162
1679545830939,1679545831175
1679545831006,1679545831271
1679545831113,1679545831343
1679545831208,1679545831413
1679545831307,1679545831578
1679545831384,1679545831629
1679545831385,1679545831657
1679545831446,1679545831685
1679545831627,1679545831856
1679545831757,1679545831967
1679545831752,1679545831977
1679545831752,1679545831992
1679545831787,1679545832033
1679545831896,1679545832063
1679545832026,1679545832169
1679545831945,1679545832169
1679545831799,1679545832181
1679545831857,1679545832212
1679545831975,1679545832265
1679545831931,1679545832275
1679545832036,1679545832323
1679545832106,1679545832365
1679545832316,1679545832456
1679545832436,1679545832602
1679545832490,1679545832609
1679545832515,1679545832700
1679545832201,1679545832734
1679545832572,1679545832786
1679545832717,1679545832975
1679545832523,1679545832981
1679545832896,1679545833008
1679545832948,1679545833165
1679545833056,1679545833200
1679545833062,1679545833286
1679545833120,1679545833373
1679545833150,1679545833399
1679545833072,1679545833426
1679545833318,1679545833513
1679545833342,1679545833663
1679545833240,1679545833670
1679545833439,1679545833709
1679545833412,1679545833715
1679545833528,1679545833727
1679545833640,1679545833766
1679545833593,1679545833784
1679545833603,1679545833829
1679545833506,1679545833853
1679545833681,1679545833869
1679545833665,1679545833915
1679545833896,1679545834043
1679545833890,1679545834048
1679545833666,1679545834087
1679545833907,1679545834136
1679545834020,1679545834201
1679545833909,1679545834201
1679545834046,1679545834233
1679545834254,1679545834384
1679545834266,1679545834495
1679545834258,1679545834600
1679545834459,1679545834610
1679545834310,1679545834698
1679545834805,1679545834921
1679545834584,1679545834963
1679545834846,1679545835008
1679545834518,1679545835019
1679545834845,1679545835030
1679545834832,1679545835033
1679545834781,1679545835096
1679545834923,1679545835101
1679545834877,1679545835110
1679545835016,1679545835254
1679545835081,1679545835292
1679545835025,1679545835306
1679545835190,1679545835361
1679545834883,1679545835387
1679545835167,1679545835478
1679545835257,1679545835496
1679545835396,1679545835566
1679545835270,1679545835578
1679545835362,1679545835703
1679545835593,1679545835769
1679545835523,1679545835824
1679545835668,1679545835868
1679545835516,1679545835919
1679545835765,1679545835996
1679545836000,1679545836168
1679545835958,1679545836189
1679545835863,1679545836202
1679545835945,1679545836205
1679545836020,1679545836289
1679545836020,1679545836426
1679545836320,1679545836463
1679545836439,1679545836627
1679545836434,1679545836664
1679545836529,1679545836702
1679545836476,1679545836713
1679545836428,1679545836736
1679545836609,1679545836768
1679545836608,1679545836791
1679545836360,1679545836793
1679545836671,1679545836805
1679545836490,1679545836836
1679545836736,1679545836917
1679545836697,1679545837031
1679545836762,1679545837081
1679545836915,1679545837153
1679545836877,1679545837164
1679545836718,1679545837197
1679545836963,1679545837204
1679545836980,1679545837303
1679545836854,1679545837306
1679545837195,1679545837373
1679545837226,1679545837428
1679545837238,1679545837477
1679545837343,1679545837622
1679545837390,1679545837672
1679545837440,1679545837691
1679545837375,1679545837697
1679545837557,1679545837772
1679545837530,1679545837847
1679545837719,1679545837909
1679545837705,1679545837935
1679545837781,1679545837955
1679545837886,1679545838126
1679545838004,1679545838194
1679545837998,1679545838229
1679545838129,1679545838230
1679545838060,1679545838254
1679545838054,1679545838254
1679545838113,1679545838315
1679545838168,1679545838345
1679545838313,1679545838426
1679545838164,1679545838509
1679545838405,1679545838606
1679545838408,1679545838712
1679545838536,1679545838772
1679545838563,1679545838780
1679545838515,1679545838788
1679545838301,1679545838860
1679545838721,1679545838964
1679545838816,1679545839017
1679545838851,1679545839024
1679545838924,1679545839072
1679545838801,1679545839084
1679545838997,1679545839213
1679545838978,1679545839222
1679545838996,1679545839241
1679545839106,1679545839267
1679545839063,1679545839285
1679545839198,1679545839311
1679545839060,1679545839320
1679545839089,1679545839383
1679545839246,1679545839442
1679545839334,1679545839574
1679545839445,1679545839632
1679545839434,1679545839673
1679545839438,1679545839691
1679545839493,1679545839798
1679545839710,1679545839962
1679545839859,1679545840111
1679545839799,1679545840141
1679545839905,1679545840195
1679545840011,1679545840202
1679545839979,1679545840205
1679545840064,1679545840216
1679545840057,1679545840255
1679545840212,1679545840399
1679545840269,1679545840456
1679545840196,1679545840481
1679545840269,1679545840522
1679545840270,1679545840544
1679545840336,1679545840545
1679545840385,1679545840573
1679545840276,1679545840602
1679545840569,1679545840735
1679545840533,1679545840742
1679545840429,1679545840759
1679545840498,1679545840777
1679545840633,1679545840868
1679545840569,1679545840869
1679545840645,1679545841030
1679545840897,1679545841049
1679545840826,1679545841076
1679545840696,1679545841092
1679545840819,1679545841096
1679545841207,1679545841351
1679545841356,1679545841515
1679545840993,1679545841538
1679545841433,1679545841565
1679545841124,1679545841612
1679545841453,1679545841676
1679545841369,1679545841695
1679545841551,1679545841708
1679545841472,1679545841713
1679545841526,1679545841748
1679545841537,1679545841811
1679545841536,1679545841828
1679545841609,1679545841870
1679545841640,1679545841870
1679545841586,1679545841960
1679545841866,1679545841997
1679545841867,1679545842039
1679545842040,1679545842162
1679545842116,1679545842286
1679545841990,1679545842335
1679545842194,1679545842378
1679545842232,1679545842421
1679545842258,1679545842488
1679545842349,1679545842513
1679545842333,1679545842628
1679545842552,1679545842719
1679545842511,1679545842822
1679545842753,1679545842929
1679545842719,1679545842933
1679545842613,1679545842944
1679545842731,1679545843033
1679545842924,1679545843102
1679545842914,1679545843153
1679545843011,1679545843203
1679545842924,1679545843205
1679545842993,1679545843277
1679545843165,1679545843299
1679545843216,1679545843347
1679545843074,1679545843358
1679545843135,1679545843440
1679545843193,1679545843485
1679545843150,1679545843494
1679545843419,1679545843607
1679545843326,1679545843665
1679545843322,1679545843667
1679545843413,1679545843673
1679545843532,1679545843705
1679545843685,1679545843910
1679545843670,1679545844001
1679545843588,1679545844018
1679545843761,1679545844068
1679545843834,1679545844071
1679545843895,1679545844123
1679545844150,1679545844333
1679545843953,1679545844365
1679545844085,1679545844403
1679545844229,1679545844472
1679545844313,1679545844475
1679545844203,1679545844528
1679545844145,1679545844543
1679545844243,1679545844605
1679545844472,1679545844698
1679545844565,1679545844754
1679545844458,1679545844773
1679545844549,1679545844847
1679545844477,1679545844857
1679545844734,1679545844905
1679545844557,1679545844912
1679545844698,1679545844961
1679545844777,1679545844973
1679545844801,1679545845041
1679545844928,1679545845076
1679545845084,1679545845240
1679545845256,1679545845458
1679545845258,1679545845486
1679545845261,1679545845491
1679545844939,1679545845505
1679545845176,1679545845521
1679545845340,1679545845536
1679545845421,1679545845637
1679545845456,1679545845733
1679545845581,1679545845741
1679545845543,1679545845753
1679545845562,1679545845820
1679545845689,1679545845860
1679545845654,1679545845974
1679545845841,1679545845993
1679545845709,1679545846020
1679545845633,1679545846021
1679545845916,1679545846181
1679545845933,1679545846215
1679545846026,1679545846219
1679545846130,1679545846290
1679545846163,1679545846336
1679545846061,1679545846351
1679545846228,1679545846368
1679545846301,1679545846545
1679545846218,1679545846561
1679545846550,1679545846721
1679545846575,1679545846764
1679545846361,1679545846819
1679545846667,1679545846898
1679545846633,1679545846943
1679545846716,1679545846949
1679545846785,1679545846973
1679545846827,1679545847112
1679545847012,1679545847143
1679545846879,1679545847171
1679545847037,1679545847270
1679545847161,1679545847382
1679545847160,1679545847392
1679545847229,1679545847426
1679545847272,1679545847461
1679545847173,1679545847462
1679545847361,1679545847596
1679545847382,1679545847626
1679545847472,1679545847753
1679545847429,1679545847759
1679545847634,1679545847784
1679545847579,1679545847789
1679545847749,1679545847889
1679545847678,1679545847890
1679545847922,1679545848056
1679545847986,1679545848156
1679545847905,1679545848217
1679545848008,1679545848251
1679545847885,1679545848339
1679545848109,1679545848363
1679545848160,1679545848425
1679545848197,1679545848464
1679545848255,1679545848469
1679545848299,1679545848577
1679545848348,1679545848614
1679545848409,1679545848622
1679545848351,1679545848631
1679545848321,1679545848677
1679545848539,1679545848767
1679545848631,1679545848805
1679545848555,1679545848882
1679545848605,1679545848933
1679545848808,1679545848979
1679545848877,1679545849033
1679545848784,1679545849098
1679545848709,1679545849176
1679545848815,1679545849242
1679545849017,1679545849343
1679545849182,1679545849354
1679545849150,1679545849369
1679545849061,1679545849399
1679545849273,1679545849534
1679545849393,1679545849561
1679545849339,1679545849610
1679545849461,1679545849705
1679545849577,1679545849820
1679545849641,1679545849843
1679545849656,1679545849860
1679545849413,1679545849865
1679545849624,1679545849870
1679545849805,1679545850021
1679545849797,1679545850055
1679545849882,1679545850077
1679545849929,1679545850126
1679545850006,1679545850197
1679545850076,1679545850363
1679545850225,1679545850435
1679545850274,1679545850492
1679545850241,1679545850499
1679545850301,1679545850507
1679545850364,1679545850558
1679545850413,1679545850570
1679545850435,1679545850632
1679545850481,1679545850651
1679545850456,1679545850680
1679545850588,1679545850782
1679545850539,1679545850812
1679545850717,1679545850858
1679545850629,1679545850867
1679545850670,1679545850968
1679545850801,1679545850987
1679545850858,1679545851119
1679545850921,1679545851204
1679545851083,1679545851323
1679545851166,1679545851370
1679545851139,1679545851370
1679545851073,1679545851388
1679545851219,1679545851400
1679545851025,1679545851477
1679545851345,1679545851536
1679545851321,1679545851540
1679545851214,1679545851562
1679545851486,1679545851659
1679545851540,1679545851714
1679545851489,1679545851724
1679545851585,1679545851780
1679545851565,1679545851807
1679545851472,1679545851909
1679545851784,1679545851958
1679545851853,1679545852091
1679545851981,1679545852129
1679545852061,1679545852220
1679545851972,1679545852222
1679545852154,1679545852300
1679545852178,1679545852303
1679545852078,1679545852305
1679545852090,1679545852366
1679545852220,1679545852431
1679545852228,1679545852450
1679545852277,1679545852556
1679545852285,1679545852566
1679545852479,1679545852693
1679545852604,1679545852759
1679545852572,1679545852775
1679545852528,1679545852785
1679545852705,1679545852845
1679545852593,1679545852902
1679545852957,1679545853241
1679545853072,1679545853388
1679545853161,1679545853423
1679545853189,1679545853471
1679545853213,1679545853496
1679545853253,1679545853556
1679545853337,1679545853585
1679545853526,1679545853622
1679545853189,1679545853647
1679545853521,1679545853705
1679545853609,1679545853785
1679545853520,1679545853821
1679545853565,1679545853869
1679545853693,1679545853882
1679545853612,1679545853892
1679545853638,1679545853896
1679545853813,1679545853983
1679545853783,1679545854057
1679545853598,1679545854069
1679545853583,1679545854091
1679545853943,1679545854127
1679545853971,1679545854346
1679545854137,1679545854365
1679545854263,1679545854443
1679545854341,1679545854448
1679545854260,1679545854483
1679545854305,1679545854533
1679545854416,1679545854665
1679545854387,1679545854665
1679545854499,1679545854675
1679545854542,1679545854727
1679545854505,1679545854743
1679545854585,1679545854775
1679545854733,1679545854915
1679545854737,1679545854962
1679545854768,1679545854969
1679545854739,1679545854977
1679545854788,1679545855039
1679545854861,1679545855109
1679545854720,1679545855117
1679545855062,1679545855196
1679545855096,1679545855303
1679545855094,1679545855304
1679545855136,1679545855408
1679545855107,1679545855427
1679545855237,1679545855437
1679545855234,1679545855503
1679545855417,1679545855564
1679545855340,1679545855617
1679545855285,1679545855626
1679545855431,1679545855720
1679545855577,1679545855737
1679545855629,1679545855757
1679545855554,1679545855804
1679545855745,1679545855985
1679545855891,1679545856040
1679545855797,1679545856121
1679545855778,1679545856147
1679545856003,1679545856185
1679545856047,1679545856250
1679545855961,1679545856316
1679545856008,1679545856356
1679545856021,1679545856373
1679545856206,1679545856486
1679545856166,1679545856493
1679545856353,1679545856551
1679545856337,1679545856562
1679545856461,1679545856714
1679545856505,1679545856714
1679545856429,1679545856715
1679545856535,1679545856747
1679545856439,1679545856760
1679545856667,1679545856836
1679545856581,1679545856893
1679545856772,1679545856999
1679545856759,1679545857052
1679545856892,1679545857100
1679545856955,1679545857153
1679545856949,1679545857171
1679545857041,1679545857255
1679545856881,1679545857300
1679545857012,1679545857309
1679545857132,1679545857440
1679545857255,1679545857490
1679545857145,1679545857571
1679545857369,1679545857581
1679545857398,1679545857584
1679545857461,1679545857676
1679545857421,1679545857689
1679545857527,1679545857703
1679545857481,1679545857721
1679545857586,1679545857768
1679545857596,1679545857777
1679545857585,1679545857876
1679545857773,1679545857950
1679545857890,1679545858147
1679545857932,1679545858153
1679545857968,1679545858180
1679545857971,1679545858225
1679545858100,1679545858268
1679545858016,1679545858295
1679545858035,1679545858311
1679545858179,1679545858361
1679545858110,1679545858450
1679545858167,1679545858465
1679545858445,1679545858633
1679545858504,1679545858718
1679545858585,1679545858769
1679545858632,1679545858838
1679545858702,1679545858845
1679545858748,1679545858970
1679545858831,1679545859044
1679545858660,1679545859120
1679545858890,1679545859140
1679545859037,1679545859247
1679545859048,1679545859249
1679545859005,1679545859267
1679545859172,1679545859315
1679545859082,1679545859317
1679545859102,1679545859333
1679545859160,1679545859353
1679545859233,1679545859390
1679545859240,1679545859459
1679545859327,1679545859522
1679545859530,1679545859744
1679545859555,1679545859750
1679545859563,1679545859753
1679545859398,1679545859789
1679545859768,1679545859968
1679545859753,1679545860004
1679545859865,1679545860109
1679545859907,1679545860131
1679545859886,1679545860278
1679545860125,1679545860311
1679545860169,1679545860465
1679545860292,1679545860489
1679545860303,1679545860561
1679545860310,1679545860607
1679545860372,1679545860612
1679545860334,1679545860651
1679545860457,1679545860716
1679545860625,1679545860799
1679545860437,1679545860841
1679545860516,1679545860849
1679545860649,1679545860865
1679545860524,1679545860925
1679545860625,1679545860983
1679545860845,1679545861075
1679545860953,1679545861092
1679545860934,1679545861227
1679545861009,1679545861263
1679545861174,1679545861268
1679545861043,1679545861306
1679545861149,1679545861316
1679545861257,1679545861422
1679545861127,1679545861471
1679545861185,1679545861487
1679545861301,1679545861543
1679545861373,1679545861557
1679545861433,1679545861575
1679545861506,1679545861746
1679545861450,1679545861751
1679545861622,1679545861836
1679545861689,1679545861901
1679545861651,1679545861958
1679545861895,1679545861967
1679545861867,1679545862097
1679545861963,1679545862168
1679545862038,1679545862170
1679545861929,1679545862228
1679545862143,1679545862336
1679545862178,1679545862337
1679545862092,1679545862397
1679545862269,1679545862497
1679545862413,1679545862545
1679545862385,1679545862577
1679545862499,1679545862667
1679545862465,1679545862679
1679545862557,1679545862683
1679545862052,1679545862708
1679545862497,1679545862850
1679545862711,1679545862892
1679545862756,1679545862905
1679545862777,1679545862974
1679545862721,1679545862979
1679545862829,1679545863011
1679545862897,1679545863045
1679545862713,1679545863160
1679545863160,1679545863320
1679545863226,1679545863476
1679545863232,1679545863491
1679545863269,1679545863509
1679545863404,1679545863613
1679545863508,1679545863724
1679545863460,1679545863778
1679545863561,1679545863785
1679545863431,1679545863806
1679545863671,1679545863855
1679545863653,1679545863873
1679545863619,1679545863874
1679545863760,1679545863998
1679545863864,1679545864011
1679545863769,1679545864032
1679545863778,1679545864045
1679545863964,1679545864115
1679545863981,1679545864203
1679545864113,1679545864237
1679545863956,1679545864254
1679545863957,1679545864347
1679545864174,1679545864405
1679545864365,1679545864568
1679545864498,1679545864646
1679545864208,1679545864647
1679545864477,1679545864778
1679545864613,1679545864893
1679545864737,1679545864904
1679545864767,1679545864959
1679545864768,1679545864995
1679545864880,1679545865087
1679545864945,1679545865106
1679545864863,1679545865166
1679545864874,1679545865191
1679545865029,1679545865249
1679545864953,1679545865269
1679545865001,1679545865309
1679545865047,1679545865321
1679545865061,1679545865326
1679545865157,1679545865369
1679545865288,1679545865444
1679545865045,1679545865461
1679545865455,1679545865562
1679545865269,1679545865606
1679545865503,1679545865671
1679545865493,1679545865743
1679545865551,1679545865844
1679545865690,1679545865898
1679545865666,1679545865950
1679545865750,1679545865965
1679545865781,1679545865974
1679545865788,1679545866045
1679545865970,1679545866313
1679545866029,1679545866321
1679545866230,1679545866396
1679545866174,1679545866453
1679545866364,1679545866514
1679545866364,1679545866540
1679545866465,1679545866632
1679545866379,1679545866710
1679545866469,1679545866734
1679545866566,1679545866780
1679545866465,1679545866793
1679545866504,1679545866811
1679545866778,1679545866971
1679545866750,1679545866979
1679545866792,1679545867013
1679545866731,1679545867091
1679545866803,1679545867101
1679545866936,1679545867141
1679545866880,1679545867156
1679545866917,1679545867162
1679545866877,1679545867172
1679545866921,1679545867181
1679545867168,1679545867339
1679545867132,1679545867348
1679545867351,1679545867496
1679545867506,1679545867633
1679545867426,1679545867694
1679545867472,1679545867698
1679545867676,1679545867841
1679545867809,1679545867925
1679545867725,1679545867959
1679545867833,1679545868014
1679545867934,1679545868051
1679545867633,1679545868064
1679545867931,1679545868142
1679545868024,1679545868268
1679545868025,1679545868269
1679545868142,1679545868321
1679545868047,1679545868366
1679545868137,1679545868376
1679545868202,1679545868382
1679545868178,1679545868397
1679545868254,1679545868445
1679545868189,1679545868458
1679545868245,1679545868480
1679545868378,1679545868570
1679545868449,1679545868633
1679545868528,1679545868714
1679545868542,1679545868722
1679545868677,1679545868834
1679545868636,1679545868839
1679545868640,1679545868847
1679545868641,1679545868913
1679545868808,1679545869063
1679545868962,1679545869128
1679545869025,1679545869147
1679545868781,1679545869192
1679545868950,1679545869218
1679545869136,1679545869339
1679545869313,1679545869423
1679545869306,1679545869473
1679545869207,1679545869527
1679545869159,1679545869557
1679545869280,1679545869592
1679545869559,1679545869730
1679545869525,1679545869746
1679545869437,1679545869752
1679545869472,1679545869770
1679545869591,1679545869801
1679545869528,1679545869818
1679545869659,1679545869892
1679545869757,1679545869905
1679545869809,1679545870057
1679545869860,1679545870120
1679545869900,1679545870138
1679545870116,1679545870328
1679545869945,1679545870335
1679545870048,1679545870360
1679545870081,1679545870495
1679545870385,1679545870530
1679545870387,1679545870607
1679545870314,1679545870613
1679545870347,1679545870634
1679545870394,1679545870636
1679545870445,1679545870751
1679545870624,1679545870817
1679545870531,1679545870829
1679545870617,1679545870833
1679545870618,1679545870880
1679545870839,1679545871059
1679545870708,1679545871070
1679545870914,1679545871140
1679545870942,1679545871146
1679545870983,1679545871231
1679545870897,1679545871239
1679545870915,1679545871260
1679545871158,1679545871310
1679545871169,1679545871319
1679545871153,1679545871346
1679545871146,1679545871403
1679545871196,1679545871485
1679545871295,1679545871499
1679545871396,1679545871579
1679545871374,1679545871601
1679545871497,1679545871702
1679545871633,1679545871796
1679545871608,1679545871814
1679545871474,1679545871851
1679545871818,1679545871994
1679545871897,1679545872010
1679545871838,1679545872047
1679545871814,1679545872162
1679545871875,1679545872163
1679545871992,1679545872175
1679545871909,1679545872204
1679545872113,1679545872274
1679545872197,1679545872394
1679545872182,1679545872399
1679545872318,1679545872447
1679545871996,1679545872499
1679545872025,1679545872515
1679545872363,1679545872618
1679545872395,1679545872687
1679545872602,1679545872765
1679545872530,1679545872799
1679545872671,1679545872825
1679545872721,1679545872887
1679545872370,1679545872895
1679545872697,1679545872899
1679545872668,1679545872918
1679545872711,1679545872956
1679545872654,1679545873005
1679545872844,1679545873049
1679545873106,1679545873241
1679545873060,1679545873331
1679545873201,1679545873367
1679545873111,1679545873417
1679545873263,1679545873488
1679545873150,1679545873506
1679545873385,1679545873508
1679545873327,1679545873529
1679545873369,1679545873632
1679545873632,1679545873839
1679545873737,1679545873932
1679545873585,1679545873933
1679545873793,1679545874000
1679545873621,1679545874008
1679545873825,1679545874058
1679545873897,1679545874125
1679545873840,1679545874162
1679545874001,1679545874179
1679545873936,1679545874179
1679545873968,1679545874211
1679545874034,1679545874255
1679545874149,1679545874312
1679545874119,1679545874364
1679545874277,1679545874409
1679545874170,1679545874498
1679545874309,1679545874500
1679545874289,1679545874509
1679545874439,1679545874612
1679545874343,1679545874709
1679545874216,1679545874721
1679545874481,1679545874745
1679545874605,1679545874777
1679545874471,1679545874779
1679545874780,1679545874936
1679545874716,1679545874961
1679545874795,1679545874986
1679545874868,1679545875116
1679545875004,1679545875306
1679545875151,1679545875385
1679545875192,1679545875449
1679545875181,1679545875475
1679545875070,1679545875569
1679545875213,1679545875577
1679545875308,1679545875615
1679545875297,1679545875682
1679545875512,1679545875683
1679545875528,1679545875716
1679545875649,1679545875815
1679545875591,1679545875830
1679545875698,1679545875928
1679545875638,1679545875934
1679545875698,1679545876088
1679545875807,1679545876088
1679545875868,1679545876115
1679545875949,1679545876116
1679545876042,1679545876252
1679545875936,1679545876329
1679545875994,1679545876346
1679545876193,1679545876460
1679545876163,1679545876478
1679545876076,1679545876511
1679545876273,1679545876532
1679545876099,1679545876568
1679545876288,1679545876581
1679545876394,1679545876679
1679545876431,1679545876744
1679545876595,1679545876787
1679545876650,1679545876845
1679545876702,1679545876913
1679545876662,1679545876991
1679545876735,1679545877014
1679545877056,1679545877225
1679545876952,1679545877235
1679545877081,1679545877253
1679545876981,1679545877281
1679545877080,1679545877294
1679545877145,1679545877316
1679545877031,1679545877326
1679545877200,1679545877402
1679545877272,1679545877547
1679545877325,1679545877574
1679545877388,1679545877622
1679545877388,1679545877681
1679545877598,1679545877771
1679545877677,1679545877831
1679545877562,1679545877896
1679545877745,1679545877933
1679545877799,1679545878020
1679545877685,1679545878027
1679545877593,1679545878062
1679545878029,1679545878271
1679545878089,1679545878322
1679545877997,1679545878339
1679545878075,1679545878352
1679545878166,1679545878488
1679545878397,1679545878498
1679545878200,1679545878535
1679545878391,1679545878555
1679545878280,1679545878620
1679545878511,1679545878692
1679545878524,1679545878699
1679545878542,1679545878742
1679545878614,1679545878791
1679545878490,1679545878945
1679545878709,1679545878972
1679545878597,1679545878990
1679545878789,1679545879026
1679545878764,1679545879039
1679545878774,1679545879056
1679545878827,1679545879079
1679545878817,1679545879147
1679545879046,1679545879193
1679545878950,1679545879256
1679545879164,1679545879424
1679545879237,1679545879469
1679545879245,1679545879484
1679545879316,1679545879489
1679545879432,1679545879625
1679545879452,1679545879690
1679545879476,1679545879700
1679545879423,1679545879821
1679545879570,1679545879940
1679545879858,1679545880012
1679545879767,1679545880133
1679545879860,1679545880157
1679545879879,1679545880182
1679545879925,1679545880183
1679545879991,1679545880233
1679545880040,1679545880247
1679545880089,1679545880272
1679545880204,1679545880460
1679545880261,1679545880491
1679545880377,1679545880509
1679545880323,1679545880595
1679545880442,1679545880602
1679545880440,1679545880625
1679545880389,1679545880698
1679545880525,1679545880725
1679545880509,1679545880779
1679545880533,1679545880813
1679545880781,1679545880969
1679545880677,1679545880969
1679545880648,1679545880972
1679545880781,1679545881050
1679545880584,1679545881054
1679545880985,1679545881130
1679545880969,1679545881139
1679545881007,1679545881204
1679545881059,1679545881216
1679545881042,1679545881227
1679545881313,1679545881417
1679545881261,1679545881540
1679545881249,1679545881565
1679545881417,1679545881662
1679545881371,1679545881743
1679545881603,1679545881744
1679545881664,1679545881867
1679545881718,1679545881870
1679545881613,1679545881933
1679545881807,1679545881951
1679545881917,1679545882079
1679545881868,1679545882165
1679545882032,1679545882192
1679545881902,1679545882199
1679545881917,1679545882199
1679545882071,1679545882267
1679545882003,1679545882269
1679545881972,1679545882292
1679545881997,1679545882342
1679545882076,1679545882366
1679545882213,1679545882475
1679545882280,1679545882614
1679545882458,1679545882634
1679545882455,1679545882742
1679545882590,1679545882806
1679545882543,1679545882857
1679545882684,1679545882864
1679545882629,1679545882880
1679545882590,1679545882918
1679545882737,1679545882943
1679545882807,1679545883000
1679545882865,1679545883011
1679545882812,1679545883048
1679545883144,1679545883414
1679545883252,1679545883531
1679545883452,1679545883596
1679545883470,1679545883606
1679545883435,1679545883637
1679545883297,1679545883733
1679545883430,1679545883783
1679545883539,1679545883784
1679545883412,1679545883824
1679545883544,1679545883831
1679545883261,1679545883885
1679545883566,1679545883915
1679545883704,1679545883935
1679545883729,1679545883941
1679545883739,1679545884015
1679545883531,1679545884079
1679545884102,1679545884305
1679545884144,1679545884305
1679545884067,1679545884313
1679545884251,1679545884437
1679545884160,1679545884451
1679545884138,1679545884501
1679545884336,1679545884521
1679545884356,1679545884613
1679545884489,1679545884653
1679545884612,1679545884798
1679545884646,1679545884833
1679545884780,1679545884960
1679545884856,1679545885046
1679545884723,1679545885099
1679545884813,1679545885137
1679545884948,1679545885183
1679545884985,1679545885222
1679545884935,1679545885239
1679545885125,1679545885278
1679545885070,1679545885340
1679545885201,1679545885355
1679545885087,1679545885357
1679545885137,1679545885386
1679545885265,1679545885394
1679545885376,1679545885561
1679545885447,1679545885612
1679545885345,1679545885663
1679545885469,1679545885675
1679545885479,1679545885804
1679545885570,1679545885815
1679545885637,1679545885815
1679545886002,1679545886128
1679545885967,1679545886139
1679545886026,1679545886215
1679545885679,1679545886218
1679545886011,1679545886262
1679545886032,1679545886382
1679545886091,1679545886425
1679545886184,1679545886436
1679545886335,1679545886506
1679545886275,1679545886523
1679545886224,1679545886556
1679545886408,1679545886569
1679545886061,1679545886606
1679545886523,1679545886713
1679545886537,1679545886754
1679545886583,1679545886804
1679545886701,1679545886870
1679545886666,1679545886906
1679545886772,1679545886915
1679545886854,1679545887040
1679545886761,1679545887076
1679545886734,1679545887090
1679545886769,1679545887111
1679545886975,1679545887225
1679545886976,1679545887240
1679545886936,1679545887273
1679545887089,1679545887301
1679545886845,1679545887335
1679545887337,1679545887460
1679545887357,1679545887514
1679545887398,1679545887599
1679545887266,1679545887614
1679545887451,1679545887706
1679545887455,1679545887787
1679545887594,1679545887800
1679545887650,1679545887847
1679545887666,1679545887856
1679545887728,1679545887884
1679545887721,1679545887894
1679545887762,1679545887934
1679545887805,1679545887987
1679545887571,1679545888005
1679545887824,1679545888086
1679545888023,1679545888216
1679545888043,1679545888219
1679545888135,1679545888301
1679545888233,1679545888342
1679545888124,1679545888389
1679545888171,1679545888391
1679545888209,1679545888431
1679545888449,1679545888559
1679545888327,1679545888608
1679545888470,1679545888623
1679545888429,1679545888644
1679545888419,1679545888677
1679545888553,1679545888741
1679545888625,1679545888858
1679545888711,1679545888925
1679545888769,1679545888935
1679545888618,1679545888940
1679545888601,1679545888945
1679545888786,1679545888962
1679545888752,1679545888995
1679545888865,1679545889134
1679545888917,1679545889217
1679545889241,1679545889504
1679545889302,1679545889546
1679545889335,1679545889566
1679545889450,1679545889633
1679545889501,1679545889649
1679545889461,1679545889680
1679545889374,1679545889717
1679545889421,1679545889735
1679545889579,1679545889817
1679545889773,1679545889923
1679545889780,1679545889939
1679545889782,1679545889972
1679545889758,1679545890023
1679545889830,1679545890051
1679545889909,1679545890103
1679545889865,1679545890155
1679545889877,1679545890178
1679545890027,1679545890188
1679545889861,1679545890205
1679545889829,1679545890283
1679545889976,1679545890300
1679545890064,1679545890381
1679545890046,1679545890386
1679545890351,1679545890594
1679545890565,1679545890732
1679545890628,1679545890873
1679545890668,1679545890932
1679545890700,1679545890967
1679545890717,1679545890972
1679545890765,1679545890986
1679545890861,1679545890991
1679545890595,1679545891026
1679545890815,1679545891179
1679545890744,1679545891217
1679545891006,1679545891249
1679545891074,1679545891254
1679545891050,1679545891276
1679545891025,1679545891356
1679545891163,1679545891356
1679545891056,1679545891427
1679545891248,1679545891442
1679545891290,1679545891552
1679545891391,1679545891574
1679545891479,1679545891683
1679545891538,1679545891718
1679545891667,1679545891833
1679545891737,1679545891930
1679545891645,1679545891964
1679545891829,1679545891983
1679545891909,1679545892064
1679545891804,1679545892073
1679545891866,1679545892075
1679545892073,1679545892356
1679545892169,1679545892383
1679545892162,1679545892385
1679545892068,1679545892428
1679545892114,1679545892471
1679545892298,1679545892483
1679545892371,1679545892503
1679545892298,1679545892591
1679545892353,1679545892615
1679545892493,1679545892692
1679545892391,1679545892717
1679545892435,1679545892729
1679545892580,1679545892818
1679545892598,1679545892841
1679545892577,1679545892909
1679545892465,1679545892963
1679545892891,1679545893109
1679545892844,1679545893123
1679545892962,1679545893227
1679545893109,1679545893269
1679545892961,1679545893274
1679545893097,1679545893368
1679545893258,1679545893471
1679545892997,1679545893492
1679545893227,1679545893495
1679545893556,1679545893720
1679545893652,1679545893895
1679545893720,1679545893940
1679545893783,1679545893956
1679545893643,1679545893965
1679545893916,1679545894033
1679545893803,1679545894038
1679545893912,1679545894077
1679545893829,1679545894137
1679545893890,1679545894177
1679545894016,1679545894296
1679545894035,1679545894347
1679545894070,1679545894359
1679545894286,1679545894391
1679545894147,1679545894416
1679545894258,1679545894471
1679545894340,1679545894538
1679545894313,1679545894545
1679545894436,1679545894654
1679545894482,1679545894670
1679545894418,1679545894711
1679545894412,1679545894838
1679545894597,1679545894899
1679545894671,1679545894985
1679545894805,1679545895040
1679545895053,1679545895211
1679545895055,1679545895235
1679545894921,1679545895240
1679545895128,1679545895311
1679545895136,1679545895321
1679545895011,1679545895329
1679545894920,1679545895340
1679545895110,1679545895355
1679545894989,1679545895412
1679545895129,1679545895419
1679545895345,1679545895707
1679545895379,1679545895714
1679545895580,1679545895767
1679545895470,1679545895815
1679545895716,1679545895919
1679545895780,1679545895924
1679545895716,1679545895927
1679545895468,1679545895946
1679545895542,1679545895988
1679545895784,1679545896060
1679545895846,1679545896083
1679545895930,1679545896188
1679545895976,1679545896258
1679545895929,1679545896273
1679545896048,1679545896328
1679545896260,1679545896428
1679545896343,1679545896490
1679545896182,1679545896495
1679545896260,1679545896504
1679545896077,1679545896540
1679545896189,1679545896566
1679545896381,1679545896592
1679545896382,1679545896609
1679545896465,1679545896651
1679545896557,1679545896742
1679545896710,1679545896831
1679545896816,1679545896987
1679545896833,1679545897053
1679545896937,1679545897138
1679545896926,1679545897224
1679545897174,1679545897344
1679545897163,1679545897366
1679545897189,1679545897412
1679545897249,1679545897432
1679545897139,1679545897442
1679545897148,1679545897447
1679545897367,1679545897584
1679545897293,1679545897587
1679545897453,1679545897698
1679545897434,1679545897726
1679545897580,1679545897853
1679545897703,1679545897896
1679545897809,1679545898009
1679545897687,1679545898024
1679545897784,1679545898035
1679545897825,1679545898082
1679545898041,1679545898234
1679545898083,1679545898327
1679545898223,1679545898338
1679545898132,1679545898376
1679545898222,1679545898518
1679545898254,1679545898518
1679545898105,1679545898539
1679545898284,1679545898544
1679545898460,1679545898603
1679545898296,1679545898645
1679545898251,1679545898653
1679545898553,1679545898764
1679545898615,1679545898880
1679545898764,1679545898916
1679545898559,1679545898918
1679545898668,1679545899043
1679545898890,1679545899085
1679545899006,1679545899209
1679545898999,1679545899255
1679545899198,1679545899365
1679545899065,1679545899411
1679545899185,1679545899485
1679545899221,1679545899491
1679545899246,1679545899533
1679545899384,1679545899561
1679545899381,1679545899582
1679545899274,1679545899599
1679545899412,1679545899656
1679545899445,1679545899682
1679545899265,1679545899713
1679545899428,1679545899733
1679545899497,1679545899765
1679545899778,1679545899879
1679545899685,1679545899903
1679545899750,1679545899980
1679545899853,1679545900043
1679545899811,1679545900048
1679545899861,1679545900161
1679545900155,1679545900386
1679545900297,1679545900467
1679545900317,1679545900483
1679545900303,1679545900505
1679545900245,1679545900531
1679545900217,1679545900560
1679545900259,1679545900562
1679545900381,1679545900698
1679545900539,1679545900715
1679545900589,1679545900846
1679545900682,1679545900921
1679545900831,1679545900948
1679545900688,1679545900983
1679545900832,1679545901052
1679545900888,1679545901060
1679545900801,1679545901108
1679545901013,1679545901160
1679545900965,1679545901206
1679545900895,1679545901211
1679545900952,1679545901273
1679545900975,1679545901315
1679545901257,1679545901417
1679545901109,1679545901473
1679545901272,1679545901519
1679545901328,1679545901638
1679545901534,1679545901654
1679545901607,1679545901767
1679545901641,1679545901836
1679545901674,1679545901939
1679545901764,1679545901946
1679545901781,1679545901985
1679545901810,1679545902008
1679545901720,1679545902025
1679545901820,1679545902087
1679545901938,1679545902255
1679545902056,1679545902298
1679545902195,1679545902336
1679545902267,1679545902419
1679545902224,1679545902467
1679545902277,1679545902507
1679545902333,1679545902559
1679545902317,1679545902565
1679545902385,1679545902647
1679545902302,1679545902659
1679545902499,1679545902740
1679545902586,1679545902768
1679545902492,1679545902814
1679545902618,1679545902850
1679545902621,1679545902851
1679545902704,1679545902898
1679545902768,1679545902968
1679545902801,1679545903063
1679545902874,1679545903128
1679545902810,1679545903199
1679545903052,1679545903214
1679545902985,1679545903219
1679545903050,1679545903228
1679545903153,1679545903318
1679545903229,1679545903513
1679545903245,1679545903523
1679545903436,1679545903645
1679545903442,1679545903693
1679545903523,1679545903735
1679545903757,1679545903908
1679545903605,1679545903913
1679545903364,1679545903938
1679545903731,1679545903952
1679545903765,1679545903954
1679545903859,1679545903975
1679545903719,1679545904047
1679545903802,1679545904116
1679545903797,1679545904119
1679545903958,1679545904192
1679545904050,1679545904265
1679545904211,1679545904359
1679545904145,1679545904363
1679545904013,1679545904386
1679545904101,1679545904388
1679545904171,1679545904466
1679545904219,1679545904520
1679545904505,1679545904616
1679545904424,1679545904744
1679545904507,1679545904764
1679545904549,1679545904764
1679545904617,1679545904800
1679545904770,1679545904969
1679545904805,1679545904991
1679545904828,1679545905050
1679545904937,1679545905104
1679545904962,1679545905193
1679545905042,1679545905197
1679545904968,1679545905326
1679545905092,1679545905360
1679545905113,1679545905418
1679545905105,1679545905436
1679545905263,1679545905460
1679545905175,1679545905480
1679545905439,1679545905647
1679545905439,1679545905726
1679545905544,1679545905755
1679545905345,1679545905781
1679545905528,1679545905795
1679545905531,1679545905870
1679545905695,1679545905873
1679545905504,1679545905884
1679545905765,1679545905974
1679545905846,1679545906083
1679545905936,1679545906097
1679545905981,1679545906237
1679545906022,1679545906261
1679545906085,1679545906292
1679545905939,1679545906339
1679545906254,1679545906487
1679545906153,1679545906502
1679545906107,1679545906550
1679545906261,1679545906561
1679545906286,1679545906582
1679545906359,1679545906598
1679545906363,1679545906612
1679545906479,1679545906895
1679545906659,1679545906917
1679545906700,1679545906977
1679545906797,1679545907106
1679545906871,1679545907108
1679545906655,1679545907116
1679545906949,1679545907121
1679545907011,1679545907227
1679545907005,1679545907322
1679545907084,1679545907323
1679545907201,1679545907462
1679545907108,1679545907481
1679545907367,1679545907613
1679545907439,1679545907672
1679545907359,1679545907687
1679545907461,1679545907707
1679545907541,1679545907751
1679545907442,1679545907800
1679545907601,1679545907871
1679545907753,1679545907903
1679545907855,1679545908061
1679545907913,1679545908119
1679545907854,1679545908126
1679545907976,1679545908173
1679545907988,1679545908206
1679545908284,1679545908410
1679545908282,1679545908480
1679545908307,1679545908507
1679545908356,1679545908536
1679545908232,1679545908605
1679545908574,1679545908705
1679545908473,1679545908725
1679545908388,1679545908756
1679545908521,1679545908854
1679545908780,1679545908924
1679545908628,1679545908934
1679545908722,1679545908943
1679545908743,1679545908988
1679545908633,1679545909000
1679545908746,1679545909023
1679545908554,1679545909068
1679545908922,1679545909187
1679545909092,1679545909317
1679545908962,1679545909319
1679545909165,1679545909339
1679545909181,1679545909354
1679545909211,1679545909366
1679545909194,1679545909490
1679545909193,1679545909501
1679545909330,1679545909513
1679545909336,1679545909570
1679545909469,1679545909655
1679545909585,1679545909820
1679545909484,1679545909836
1679545909675,1679545909882
1679545909679,1679545909890
1679545909737,1679545909896
1679545909762,1679545909955
1679545909671,1679545910047
1679545909688,1679545910084
1679545909705,1679545910124
1679545910010,1679545910159
1679545910111,1679545910248
1679545909912,1679545910320
1679545910022,1679545910330
1679545910116,1679545910421
1679545910173,1679545910451
1679545910233,1679545910475
1679545910357,1679545910529
1679545910344,1679545910535
1679545910319,1679545910575
1679545910458,1679545910637
1679545910521,1679545910714
1679545910512,1679545910790
1679545910423,1679545910791
1679545910637,1679545910852
1679545910648,1679545910864
1679545910540,1679545910911
1679545910717,1679545910962
1679545910634,1679545911029
1679545910689,1679545911089
1679545910927,1679545911102
1679545910893,1679545911187
1679545911066,1679545911284
1679545911082,1679545911338
1679545911211,1679545911402
1679545911130,1679545911446
1679545911337,1679545911498
1679545911318,1679545911510
1679545911250,1679545911597
1679545911456,1679545911685
1679545911451,1679545911690
1679545911637,1679545911819
1679545911682,1679545911855
1679545911773,1679545911925
1679545911766,1679545911954
1679545911769,1679545911976
1679545911681,1679545912059
1679545912000,1679545912142
1679545912029,1679545912246
1679545912089,1679545912270
1679545912038,1679545912276
1679545912073,1679545912295
1679545912067,1679545912330
1679545912288,1679545912418
1679545912456,1679545912613
1679545912449,1679545912617
1679545912422,1679545912636
1679545912499,1679545912677
1679545912551,1679545912684
1679545912708,1679545912872
1679545912577,1679545912925
1679545912609,1679545912971
1679545912786,1679545913019
1679545912817,1679545913036
1679545912913,1679545913075
1679545912688,1679545913103
1679545912803,1679545913183
1679545912984,1679545913193
1679545912974,1679545913205
1679545913060,1679545913251
1679545912919,1679545913267
1679545913013,1679545913302
1679545913147,1679545913340
1679545913188,1679545913375
1679545913244,1679545913502
1679545913464,1679545913667
1679545913445,1679545913742
1679545913713,1679545913868
1679545913621,1679545913909
1679545913780,1679545913954
1679545913770,1679545913970
1679545913879,1679545914038
1679545913588,1679545914056
1679545913852,1679545914067
1679545913802,1679545914079
1679545913875,1679545914126
1679545913976,1679545914231
1679545914038,1679545914261
1679545913976,1679545914271
1679545914069,1679545914277
1679545914155,1679545914331
1679545914229,1679545914500
1679545914500,1679545914656
1679545914528,1679545914659
1679545914340,1679545914663
1679545914504,1679545914689
1679545914561,1679545914838
1679545914591,1679545914848
1679545914670,1679545914887
1679545914741,1679545914936
1679545914689,1679545914942
1679545914807,1679545915017
1679545914677,1679545915023
1679545914980,1679545915195
1679545915013,1679545915233
1679545915027,1679545915337
1679545915141,1679545915384
1679545915233,1679545915412
1679545915360,1679545915685
1679545915581,1679545915773
1679545915611,1679545915786
1679545915577,1679545915857
1679545915757,1679545915917
1679545915723,1679545915918
1679545915725,1679545915919
1679545915690,1679545915981
1679545915764,1679545916004
1679545915633,1679545916050
1679545915729,1679545916053
1679545915870,1679545916101
1679545915973,1679545916126
1679545915981,1679545916209
1679545915984,1679545916229
1679545916179,1679545916386
1679545916103,1679545916415
1679545916176,1679545916440
1679545916260,1679545916451
1679545916389,1679545916604
1679545916459,1679545916653
1679545916360,1679545916679
1679545916319,1679545916687
1679545916610,1679545916816
1679545916485,1679545916819
1679545916701,1679545916894
1679545916548,1679545916911
1679545916696,1679545916945
1679545916879,1679545916983
1679545916756,1679545917017
1679545916767,1679545917017
1679545916875,1679545917068
1679545916750,1679545917127
1679545916935,1679545917257
1679545917142,1679545917291
1679545917141,1679545917343
1679545917189,1679545917398
1679545917004,1679545917465
1679545917325,1679545917505
1679545917353,1679545917549
1679545917649,1679545917764
1679545917622,1679545917777
1679545917655,1679545917801
1679545917714,1679545918071
1679545917802,1679545918077
1679545917847,1679545918175
1679545917948,1679545918193
1679545917937,1679545918195
1679545917988,1679545918245
1679545918057,1679545918269
1679545918077,1679545918332
1679545918131,1679545918338
1679545918075,1679545918342
1679545918250,1679545918440
1679545918025,1679545918450
1679545918236,1679545918605
1679545918417,1679545918607
1679545918400,1679545918632
1679545918494,1679545918698
1679545918588,1679545918751
1679545918520,1679545918792
1679545918472,1679545918892
1679545918765,1679545918964
1679545918790,1679545918989
1679545918786,1679545919011
1679545918728,1679545919022
1679545918975,1679545919170
1679545918916,1679545919287
1679545919073,1679545919376
1679545919126,1679545919384
1679545919221,1679545919420
1679545919248,1679545919439
1679545919267,1679545919599
1679545919383,1679545919609
1679545919407,1679545919630
1679545919309,1679545919658
1679545919425,1679545919706
1679545919568,1679545919741
1679545919488,1679545919785
1679545919569,1679545919812
1679545919557,1679545919839
1679545919781,1679545919942
1679545919583,1679545919985
1679545919810,1679545920059
1679545919886,1679545920060
1679545919931,1679545920077
1679545920017,1679545920262
1679545920015,1679545920262
1679545920091,1679545920357
1679545920143,1679545920401
1679545920287,1679545920429
1679545920305,1679545920525
1679545920273,1679545920528
1679545920247,1679545920540
1679545920316,1679545920553
1679545920482,1679545920625
1679545920397,1679545920636
1679545920455,1679545920661
1679545920598,1679545920966
1679545920757,1679545920977
1679545920874,1679545921058
1679545920794,1679545921067
1679545920809,1679545921100
1679545920877,1679545921135
1679545921007,1679545921232
1679545920961,1679545921233
1679545921104,1679545921345
1679545921158,1679545921394
1679545921200,1679545921410
1679545921131,1679545921440
1679545921274,1679545921468
1679545921253,1679545921488
1679545921156,1679545921490
1679545921385,1679545921547
1679545921419,1679545921583
1679545921287,1679545921634
1679545921460,1679545921683
1679545921487,1679545921689
1679545921454,1679545921716
1679545921780,1679545921997
1679545921779,1679545922005
1679545921839,1679545922023
1679545921642,1679545922049
1679545921861,1679545922137
1679545921916,1679545922254
1679545921960,1679545922350
1679545922000,1679545922354
1679545922245,1679545922480
1679545922341,1679545922541
1679545922341,1679545922567
1679545922322,1679545922615
1679545922393,1679545922617
1679545922485,1679545922779
1679545922625,1679545922813
1679545922472,1679545922861
1679545922627,1679545922949
1679545922756,1679545922967
1679545922868,1679545923052
1679545922915,1679545923127
1679545922941,1679545923133
1679545922981,1679545923151
1679545923005,1679545923222
1679545923053,1679545923228
1679545923063,1679545923244
1679545923117,1679545923336
1679545923039,1679545923388
1679545923256,1679545923455
1679545923320,1679545923490
1679545923356,1679545923506
1679545923368,1679545923528
1679545923093,1679545923552
1679545923524,1679545923667
1679545923559,1679545923718
1679545923607,1679545923772
1679545923700,1679545923891
1679545923745,1679545923962
1679545923677,1679545924003
1679545923806,1679545924037
1679545923893,1679545924064
1679545923986,1679545924174
1679545923935,1679545924280
1679545924056,1679545924325
1679545924155,1679545924333
1679545924067,1679545924385
1679545924074,1679545924438
1679545924344,1679545924542
1679545924262,1679545924549
1679545924479,1679545924612
1679545924395,1679545924682
1679545924479,1679545924831
1679545924729,1679545924873
1679545924829,1679545924947
1679545925071,1679545925210
1679545924864,1679545925230
1679545925057,1679545925312
1679545925133,1679545925324
1679545925162,1679545925389
1679545925117,1679545925414
1679545925178,1679545925421
1679545925083,1679545925435
1679545925056,1679545925443
1679545925333,1679545925453
1679545925112,1679545925457
1679545925307,1679545925602
1679545925461,1679545925653
1679545925408,1679545925657
1679545925471,1679545925827
1679545925486,1679545925841
1679545925619,1679545925917
1679545925531,1679545925932
1679545925654,1679545925947
1679545925801,1679545926032
1679545925852,1679545926071
1679545925905,1679545926110
1679545925480,1679545926125
1679545926017,1679545926197
1679545926011,1679545926238
1679545925997,1679545926249
1679545926109,1679545926343
1679545926097,1679545926395
1679545926251,1679545926447
1679545926268,1679545926476
1679545926345,1679545926613
1679545926397,1679545926621
1679545926390,1679545926637
1679545926506,1679545926665
1679545926467,1679545926694
1679545926655,1679545926790
1679545926573,1679545926881
1679545926847,1679545927076
1679545926763,1679545927149
1679545926934,1679545927186
1679545927069,1679545927266
1679545926951,1679545927279
1679545927125,1679545927306
1679545927020,1679545927321
1679545927155,1679545927321
1679545927051,1679545927325
1679545927075,1679545927367
1679545927209,1679545927421
1679545927276,1679545927561
1679545927260,1679545927567
1679545927351,1679545927587
1679545927093,1679545927622
1679545927375,1679545927634
1679545927435,1679545927638
1679545927420,1679545927688
1679545927333,1679545927760
1679545927254,1679545927763
1679545927472,1679545927773
1679545927672,1679545927844
1679545927581,1679545928029
1679545927733,1679545928065
1679545927707,1679545928071
1679545928053,1679545928227
1679545928076,1679545928287
1679545928268,1679545928452
1679545928353,1679545928473
1679545928399,1679545928569
1679545928397,1679545928643
1679545928303,1679545928647
1679545928447,1679545928698
1679545928359,1679545928699
1679545928639,1679545928751
1679545928555,1679545928759
1679545928680,1679545928810
1679545928733,1679545928922
1679545928702,1679545928940
1679545928745,1679545928997
1679545928713,1679545929021
1679545928726,1679545929055
1679545928921,1679545929067
1679545928597,1679545929113
1679545928960,1679545929148
1679545928962,1679545929159
1679545928916,1679545929189
1679545928674,1679545929202
1679545929137,1679545929298
1679545929353,1679545929464
1679545929305,1679545929530
1679545929277,1679545929568
1679545929369,1679545929579
1679545929381,1679545929581
1679545929416,1679545929617
1679545929516,1679545929685
1679545929501,1679545929746
1679545929664,1679545929872
1679545929761,1679545929989
1679545929856,1679545930030
1679545929840,1679545930099
1679545929894,1679545930126
1679545930015,1679545930215
1679545930049,1679545930249
1679545930095,1679545930316
1679545930154,1679545930384
1679545930128,1679545930396
1679545930125,1679545930434
1679545930393,1679545930577
1679545930327,1679545930625
1679545930461,1679545930698
1679545930421,1679545930714
1679545930461,1679545930765
1679545930567,1679545930800
1679545930209,1679545930820
1679545930611,1679545930879
1679545930733,1679545930895
1679545930636,1679545930959
1679545930548,1679545930961
1679545930721,1679545930963
1679545930800,1679545931014
1679545930920,1679545931072
1679545930953,1679545931143
1679545930909,1679545931200
1679545931105,1679545931419
1679545931183,1679545931429
1679545931094,1679545931442
1679545931496,1679545931626
1679545931288,1679545931631
1679545931341,1679545931662
1679545931489,1679545931686
1679545931560,1679545931763
1679545931684,1679545931831
1679545931632,1679545931838
1679545931651,1679545931842
1679545931520,1679545931918
1679545931852,1679545932000
1679545931856,1679545932071
1679545931842,1679545932125
1679545931793,1679545932129
1679545932063,1679545932203
1679545931987,1679545932215
1679545932059,1679545932264
1679545932024,1679545932280
1679545932145,1679545932315
1679545932159,1679545932437
1679545932390,1679545932600
1679545932412,1679545932603
1679545932477,1679545932607
1679545932253,1679545932612
1679545932290,1679545932623
1679545932349,1679545932624
1679545932564,1679545932810
1679545932666,1679545932927
1679545932717,1679545932956
1679545932780,1679545932960
1679545932768,1679545932995
1679545932729,1679545933016
1679545932821,1679545933024
1679545932837,1679545933067
1679545932978,1679545933229
1679545933099,1679545933290
1679545933128,1679545933299
1679545933072,1679545933353
1679545933158,1679545933371
1679545933011,1679545933451
1679545933285,1679545933499
1679545933241,1679545933611
1679545933551,1679545933671
1679545933475,1679545933697
1679545933590,1679545933833
1679545933645,1679545933863
1679545933728,1679545933873
1679545933785,1679545933901
1679545933861,1679545933974
1679545933780,1679545933981
1679545933660,1679545933981
1679545933611,1679545934007
1679545933521,1679545934051
1679545933992,1679545934184
1679545933861,1679545934204
1679545934153,1679545934277
1679545934060,1679545934363
1679545934022,1679545934395
1679545934245,1679545934434
1679545934107,1679545934500
1679545934280,1679545934518
1679545934169,1679545934628
1679545934375,1679545934700
1679545934618,1679545934760
1679545934386,1679545934790
1679545934589,1679545934817
1679545934632,1679545934885
1679545934841,1679545935046
1679545934743,1679545935054
1679545934820,1679545935097
1679545934858,1679545935131
1679545934947,1679545935133
1679545934973,1679545935137
1679545934832,1679545935287
1679545934963,1679545935342
1679545935172,1679545935443
1679545935264,1679545935490
1679545935322,1679545935596
1679545935423,1679545935688
1679545935579,1679545935753
1679545935433,1679545935833
1679545935613,1679545935879
1679545935709,1679545935923
1679545935642,1679545935941
1679545935753,1679545936000
1679545935687,1679545936001
1679545935746,1679545936036
1679545935747,1679545936063
1679545935599,1679545936076
1679545935874,1679545936089
1679545936001,1679545936193
1679545935955,1679545936217
1679545935841,1679545936243
1679545936108,1679545936272
1679545935937,1679545936275
1679545936105,1679545936300
1679545936230,1679545936423
1679545936298,1679545936591
1679545936404,1679545936655
1679545936506,1679545936696
1679545936404,1679545936768
1679545936754,1679545936955
1679545936612,1679545936961
1679545936688,1679545937030
1679545936862,1679545937055
1679545936923,1679545937086
1679545936921,1679545937095
1679545936879,1679545937160
1679545937181,1679545937387
1679545937185,1679545937414
1679545937077,1679545937433
1679545937103,1679545937484
1679545937273,1679545937535
1679545937169,1679545937564
1679545937289,1679545937577
1679545937277,1679545937589
1679545937404,1679545937646
1679545937393,1679545937667
1679545937354,1679545937696
1679545937309,1679545937701
1679545937533,1679545937740
1679545937596,1679545937822
1679545937701,1679545938013
1679545937833,1679545938057
1679545937810,1679545938111
1679545937992,1679545938251
1679545938177,1679545938286
1679545938027,1679545938287
1679545937993,1679545938314
1679545938149,1679545938404
1679545938208,1679545938419
1679545938163,1679545938515
1679545938301,1679545938576
1679545938438,1679545938606
1679545938486,1679545938694
1679545938509,1679545938765
1679545938680,1679545938857
1679545938534,1679545938859
1679545938631,1679545938865
1679545938736,1679545938905
1679545938680,1679545938918
1679545938513,1679545938928
1679545938614,1679545938968
1679545938875,1679545939019
1679545938901,1679545939211
1679545939072,1679545939289
1679545939133,1679545939317
1679545938950,1679545939322
1679545939017,1679545939362
1679545939125,1679545939406
1679545939042,1679545939456
1679545939240,1679545939545
1679545939229,1679545939605
1679545939441,1679545939622
1679545939144,1679545939673
1679545939319,1679545939676
1679545939587,1679545939840
1679545939741,1679545939868
1679545939684,1679545939906
1679545939687,1679545939913
1679545939733,1679545939915
1679545939727,1679545939965
1679545939841,1679545940008
1679545940003,1679545940148
1679545940010,1679545940152
1679545940085,1679545940326
1679545940023,1679545940345
1679545940074,1679545940358
1679545940013,1679545940368
1679545940161,1679545940413
1679545940128,1679545940442
1679545940331,1679545940528
1679545940503,1679545940691
1679545940537,1679545940756
1679545940508,1679545940793
1679545940749,1679545940874
1679545940654,1679545940975
1679545940689,1679545940976
1679545940839,1679545940986
1679545940537,1679545940990
1679545940569,1679545940996
1679545940793,1679545941114
1679545941010,1679545941143
1679545940980,1679545941157
1679545940919,1679545941168
1679545940864,1679545941186
1679545941167,1679545941314
1679545941092,1679545941320
1679545941124,1679545941329
1679545940940,1679545941379
1679545941213,1679545941429
1679545941305,1679545941506
1679545941247,1679545941606
1679545941449,1679545941648
1679545941446,1679545941703
1679545941498,1679545941732
1679545941163,1679545941744
1679545941752,1679545941961
1679545941769,1679545941996
1679545941845,1679545942100
1679545941682,1679545942127
1679545941903,1679545942146
1679545941815,1679545942190
1679545942179,1679545942349
1679545942162,1679545942407
1679545942260,1679545942411
1679545942112,1679545942458
1679545942285,1679545942473
1679545942281,1679545942540
1679545942426,1679545942591
1679545942444,1679545942639
1679545942265,1679545942673
1679545942381,1679545942685
1679545942524,1679545942691
1679545942549,1679545942728
1679545942689,1679545942900
1679545942731,1679545942957
1679545942848,1679545942975
1679545942899,1679545943103
1679545942840,1679545943115
1679545942827,1679545943160
1679545942654,1679545943209
1679545942910,1679545943247
1679545942979,1679545943273
1679545943089,1679545943369
1679545943042,1679545943393
1679545943156,1679545943401
1679545943272,1679545943416
1679545943302,1679545943460
1679545943187,1679545943514
1679545943442,1679545943669
1679545943531,1679545943689
1679545943460,1679545943692
1679545943487,1679545943729
1679545943573,1679545943807
1679545943717,1679545943942
1679545943821,1679545943991
1679545943851,1679545944043
1679545943880,1679545944044
1679545943942,1679545944165
1679545943985,1679545944213
1679545944014,1679545944226
1679545943936,1679545944235
1679545944053,1679545944364
1679545944247,1679545944384
1679545944185,1679545944395
1679545944162,1679545944422
1679545944208,1679545944714
1679545944564,1679545944717
1679545944458,1679545944719
1679545944609,1679545944747
1679545944290,1679545944797
1679545944614,1679545944841
1679545944688,1679545944876
1679545944745,1679545944920
1679545944773,1679545944986
1679545944875,1679545945036
1679545944778,1679545945056
1679545944786,1679545945099
1679545944913,1679545945124
1679545944909,1679545945158
1679545944987,1679545945291
1679545945095,1679545945326
1679545945097,1679545945351
1679545945182,1679545945404
1679545945270,1679545945445
1679545945145,1679545945470
1679545945277,1679545945691
1679545945327,1679545945734
1679545945606,1679545945842
1679545945788,1679545946005
1679545945855,1679545946028
1679545945900,1679545946059
1679545945660,1679545946067
1679545945805,1679545946090
1679545945894,1679545946193
1679545946074,1679545946195
1679545946157,1679545946355
1679545945993,1679545946419
1679545946250,1679545946440
1679545946157,1679545946447
1679545946120,1679545946474
1679545946313,1679545946474
1679545946195,1679545946589
1679545946447,1679545946673
1679545946465,1679545946732
1679545946572,1679545946848
1679545946560,1679545946860
1679545946529,1679545946870
1679545946740,1679545946938
1679545946509,1679545946949
1679545946816,1679545946978
1679545946898,1679545947144
1679545946916,1679545947152
1679545946993,1679545947168
1679545946997,1679545947205
1679545946979,1679545947237
1679545947103,1679545947290
1679545947033,1679545947393
1679545947121,1679545947435
1679545947221,1679545947504
1679545947342,1679545947545
1679545947452,1679545947664
1679545947424,1679545947685
1679545947421,1679545947704
1679545947622,1679545947788
1679545947597,1679545947861
1679545947718,1679545947867
1679545947708,1679545947969
1679545947779,1679545947985
1679545947810,1679545948061
1679545947788,1679545948089
1679545948007,1679545948152
1679545947966,1679545948239
1679545948012,1679545948290
1679545948007,1679545948306
1679545948037,1679545948336
1679545948058,1679545948342
1679545948218,1679545948356
1679545948115,1679545948365
1679545948208,1679545948437
1679545948185,1679545948455
1679545948363,1679545948601
1679545948470,1679545948693
1679545948514,1679545948726
1679545948553,1679545948805
1679545948557,1679545948860
1679545948589,1679545948900
1679545948800,1679545948960
1679545948471,1679545948963
1679545948753,1679545948989
1679545948840,1679545949091
1679545948893,1679545949104
1679545948895,1679545949123
1679545949037,1679545949202
1679545948977,1679545949206
1679545949059,1679545949218
1679545948964,1679545949242
1679545949030,1679545949339
1679545949241,1679545949392
1679545949404,1679545949561
1679545949304,1679545949596
1679545949197,1679545949644
1679545949433,1679545949655
1679545949424,1679545949687
1679545949525,1679545949745
1679545949416,1679545949784
1679545949621,1679545949841
1679545949568,1679545949867
1679545949601,1679545949883
1679545949821,1679545950003
1679545949850,1679545950029
1679545949909,1679545950088
1679545949965,1679545950111
1679545949926,1679545950174
1679545949930,1679545950195
1679545950009,1679545950195
1679545950074,1679545950285
1679545950133,1679545950395
1679545950341,1679545950550
1679545950372,1679545950601
1679545950276,1679545950602
1679545950568,1679545950737
1679545950562,1679545950787
1679545950528,1679545950795
1679545950565,1679545950804
1679545950537,1679545950863
1679545950523,1679545950869
1679545950665,1679545950876
1679545950441,1679545950930
1679545950809,1679545951076
1679545950735,1679545951080
1679545950964,1679545951153
1679545950993,1679545951180
1679545951056,1679545951265
1679545951142,1679545951370
1679545951014,1679545951392
1679545951083,1679545951486
1679545951074,1679545951533
1679545951390,1679545951563
1679545951406,1679545951594
1679545951431,1679545951638
1679545951162,1679545951763
1679545951655,1679545951775
1679545951735,1679545951879
1679545951769,1679545951951
1679545951673,1679545951984
1679545951740,1679545952012
1679545951813,1679545952135
1679545952001,1679545952159
1679545951964,1679545952232
1679545952026,1679545952260
1679545952071,1679545952301
1679545952136,1679545952389
1679545952196,1679545952389
1679545952147,1679545952397
1679545952092,1679545952409
1679545952197,1679545952444
1679545952253,1679545952503
1679545952188,1679545952527
1679545952561,1679545952777
1679545952470,1679545952785
1679545952687,1679545952821
1679545952624,1679545952887
1679545952744,1679545952893
1679545952777,1679545952984
1679545952689,1679545953003
1679545952847,1679545953075
1679545952968,1679545953139
1679545952929,1679545953189
1679545952886,1679545953216
1679545953047,1679545953280
1679545953092,1679545953315
1679545953036,1679545953320
1679545953232,1679545953388
1679545953264,1679545953397
1679545953219,1679545953416
1679545953344,1679545953555
1679545953492,1679545953687
1679545953606,1679545953789
1679545953543,1679545953857
1679545953584,1679545953895
1679545953745,1679545953911
1679545953743,1679545953918
1679545953635,1679545953998
1679545953828,1679545954029
1679545953918,1679545954052
1679545953841,1679545954135
1679545953981,1679545954153
1679545954017,1679545954161
1679545953873,1679545954167
1679545954118,1679545954273
1679545954011,1679545954277
1679545954113,1679545954283
1679545954017,1679545954334
1679545954160,1679545954374
1679545954122,1679545954557
1679545954363,1679545954594
1679545954368,1679545954643
1679545954518,1679545954700
1679545954613,1679545954843
1679545954616,1679545954923
1679545954730,1679545954975
1679545954712,1679545954999
1679545954872,1679545955105
1679545954948,1679545955111
1679545955003,1679545955179
1679545954940,1679545955188
1679545954883,1679545955190
1679545954960,1679545955233
1679545954992,1679545955243
1679545955081,1679545955248
1679545955069,1679545955255
1679545955162,1679545955399
1679545955054,1679545955416
1679545955189,1679545955472
1679545955173,1679545955482
1679545955185,1679545955607
1679545955344,1679545955687
1679545955584,1679545955766
1679545955584,1679545955795
1679545955681,1679545955916
1679545955765,1679545955992
1679545955823,1679545956039
1679545955793,1679545956067
1679545955934,1679545956069
1679545955897,1679545956073
1679545955865,1679545956090
1679545955980,1679545956264
1679545956243,1679545956394
1679545956103,1679545956420
1679545956094,1679545956445
1679545956132,1679545956464
1679545956183,1679545956555
1679545956521,1679545956634
1679545956395,1679545956667
1679545956381,1679545956675
1679545956260,1679545956679
1679545956410,1679545956788
1679545956681,1679545956863
1679545956601,1679545956867
1679545956836,1679545956978
1679545956574,1679545956987
1679545956666,1679545956991
1679545956846,1679545957008
1679545956829,1679545957073
1679545956648,1679545957158
1679545957016,1679545957207
1679545957088,1679545957305
1679545957112,1679545957306
1679545957154,1679545957366
1679545957076,1679545957388
1679545957303,1679545957425
1679545957209,1679545957504
1679545957397,1679545957569
1679545957369,1679545957596
1679545957383,1679545957630
1679545957554,1679545957709
1679545957448,1679545957761
1679545957617,1679545957868
1679545957469,1679545957926
1679545957914,1679545958059
1679545957946,1679545958109
1679545957812,1679545958128
1679545957901,1679545958139
1679545957796,1679545958147
1679545957957,1679545958151
1679545958021,1679545958223
1679545957997,1679545958231
1679545958131,1679545958299
1679545958065,1679545958343
1679545958252,1679545958436
1679545958291,1679545958492
1679545958343,1679545958527
1679545958303,1679545958550
1679545958337,1679545958656
1679545958465,1679545958656
1679545958502,1679545958730
1679545958533,1679545958802
1679545958696,1679545958817
1679545958623,1679545958863
1679545958491,1679545958888
1679545958687,1679545958999
1679545958818,1679545959047
1679545958836,1679545959116
1679545958850,1679545959120
1679545958881,1679545959148
1679545958979,1679545959151
1679545958957,1679545959190
1679545959001,1679545959224
1679545959153,1679545959441
1679545959434,1679545959595
1679545959430,1679545959662
1679545959480,1679545959690
1679545959436,1679545959751
1679545959608,1679545959797
1679545959751,1679545959857
1679545959693,1679545959876
1679545959616,1679545959897
1679545959773,1679545959935
1679545959789,1679545960038
1679545959792,1679545960080
1679545959872,1679545960086
1679545959972,1679545960131
1679545959750,1679545960196
1679545960012,1679545960203
1679545960090,1679545960233
1679545959912,1679545960247
1679545960040,1679545960279
1679545960139,1679545960364
1679545960141,1679545960368
1679545960232,1679545960427
1679545960233,1679545960461
1679545960143,1679545960520
1679545960461,1679545960669
1679545960605,1679545960784
1679545960601,1679545960811
1679545960572,1679545960915
1679545960697,1679545960931
1679545960743,1679545960975
1679545960794,1679545960989
1679545960752,1679545961127
1679545960939,1679545961151
1679545961039,1679545961160
1679545960988,1679545961242
1679545960889,1679545961353
1679545961171,1679545961411
1679545961075,1679545961434
1679545961315,1679545961510
1679545961297,1679545961551
1679545961410,1679545961577
1679545961566,1679545961749
1679545961453,1679545961756
1679545961596,1679545961767
1679545961640,1679545961896
1679545961629,1679545961903
1679545961612,1679545961926
1679545961710,1679545961961
1679545961651,1679545961988
1679545961859,1679545961999
1679545961761,1679545962017
1679545961791,1679545962021
1679545961753,1679545962049
1679545961855,1679545962105
1679545961965,1679545962206
1679545962144,1679545962387
1679545962146,1679545962387
1679545962190,1679545962415
1679545962352,1679545962617
1679545962487,1679545962680
1679545962533,1679545962702
1679545962533,1679545962706
1679545962389,1679545962711
1679545962729,1679545962849
1679545962672,1679545962856
1679545962693,1679545962875
1679545962620,1679545962883
1679545962720,1679545962955
1679545962699,1679545963023
1679545962813,1679545963071
1679545962897,1679545963111
1679545963030,1679545963153
1679545963093,1679545963316
1679545963116,1679545963383
1679545963184,1679545963434
1679545963345,1679545963492
1679545963359,1679545963553
1679545963465,1679545963571
1679545963450,1679545963590
1679545963321,1679545963647
1679545963401,1679545963695
1679545963512,1679545963738
1679545963550,1679545963750
1679545963557,1679545963776
1679545963548,1679545963861
1679545963605,1679545963925
1679545963901,1679545964060
1679545963949,1679545964107
1679545963946,1679545964115
1679545964007,1679545964117
1679545964150,1679545964309
1679545964060,1679545964327
1679545964064,1679545964358
1679545964152,1679545964360
1679545964203,1679545964400
1679545964243,1679545964472
1679545964310,1679545964613
1679545964329,1679545964673
1679545964540,1679545964682
1679545964612,1679545964711
1679545964589,1679545964776
1679545964711,1679545964952
1679545964799,1679545964993
1679545964635,1679545965022
1679545964861,1679545965036
1679545964892,1679545965098
1679545964840,1679545965108
1679545964868,1679545965114
1679545965019,1679545965268
1679545965031,1679545965289
1679545965017,1679545965313
1679545965048,1679545965363
1679545965249,1679545965443
1679545965305,1679545965479
1679545965317,1679545965504
1679545965141,1679545965517
1679545965225,1679545965562
1679545965248,1679545965568
1679545965223,1679545965569
1679545965376,1679545965633
1679545965469,1679545965636
1679545965539,1679545965697
1679545965489,1679545965748
1679545965757,1679545965979
1679545965785,1679545966009
1679545965772,1679545966077
1679545965851,1679545966123
1679545965795,1679545966134
1679545966001,1679545966306
1679545966075,1679545966403
1679545966178,1679545966431
1679545966340,1679545966493
1679545966294,1679545966514
1679545966364,1679545966594
1679545966441,1679545966647
1679545966623,1679545966765
1679545966488,1679545966793
1679545966543,1679545966795
1679545966636,1679545966810
1679545966680,1679545966900
1679545966649,1679545966910
1679545966745,1679545966947
1679545966723,1679545967027
1679545966762,1679545967069
1679545966903,1679545967108
1679545966900,1679545967165
1679545966948,1679545967215
1679545966964,1679545967259
1679545966998,1679545967261
1679545967023,1679545967322
1679545967169,1679545967369
1679545967316,1679545967533
1679545967245,1679545967545
1679545967209,1679545967624
1679545967284,1679545967652
1679545967440,1679545967658
1679545967389,1679545967694
1679545967574,1679545967755
1679545967566,1679545967773
1679545967486,1679545967854
1679545967547,1679545967917
1679545967792,1679545967986
1679545967819,1679545967996
1679545967890,1679545968060
1679545968006,1679545968133
1679545967937,1679545968149
1679545968022,1679545968273
1679545968226,1679545968384
1679545968105,1679545968390
1679545968239,1679545968519
1679545968096,1679545968522
1679545968354,1679545968522
1679545968319,1679545968559
1679545968262,1679545968563
1679545968420,1679545968631
1679545968493,1679545968704
1679545968483,1679545968759
1679545968546,1679545968839
1679545968739,1679545968896
1679545968739,1679545968927
1679545968686,1679545968937
1679545968745,1679545968968
1679545968594,1679545969013
1679545968892,1679545969078
1679545968737,1679545969094
1679545968859,1679545969139
1679545969019,1679545969325
1679545969000,1679545969359
1679545969215,1679545969400
1679545969115,1679545969550
1679545969368,1679545969600
1679545969455,1679545969601
1679545969507,1679545969683
1679545969486,1679545969685
1679545969473,1679545969728
1679545969538,1679545969745
1679545969580,1679545969833
1679545969658,1679545969866
1679545969707,1679545969873
1679545969776,1679545969906
1679545969775,1679545969998
1679545969862,1679545970039
1679545969965,1679545970167
1679545969878,1679545970194
1679545969989,1679545970218
1679545970083,1679545970245
1679545970178,1679545970351
1679545970182,1679545970419
1679545970321,1679545970489
1679545970190,1679545970529
1679545970409,1679545970552
1679545970397,1679545970588
1679545970432,1679545970621
1679545970443,1679545970748
1679545970651,1679545970859
1679545970636,1679545970884
1679545970672,1679545970909
1679545970803,1679545970955
1679545970851,1679545970991
1679545970757,1679545971028
1679545970893,1679545971037
1679545970864,1679545971136
1679545970769,1679545971174
1679545970945,1679545971181
1679545970850,1679545971182
1679545971105,1679545971271
1679545971316,1679545971427
1679545971195,1679545971496
1679545971580,1679545971709
1679545971417,1679545971711
1679545971464,1679545971735
1679545971536,1679545971736
1679545971504,1679545971752
1679545971328,1679545971768
1679545971371,1679545971827
1679545971573,1679545971828
1679545971625,1679545971859
1679545971705,1679545971988
1679545971798,1679545972005
1679545971968,1679545972140
1679545971966,1679545972200
1679545971958,1679545972227
1679545972073,1679545972241
1679545971832,1679545972272
1679545972127,1679545972303
1679545972148,1679545972373
1679545972115,1679545972430
1679545972416,1679545972523
1679545972358,1679545972529
1679545972207,1679545972596
1679545972416,1679545972694
1679545972357,1679545972715
1679545972560,1679545972716
1679545972656,1679545972819
1679545972539,1679545972826
1679545972690,1679545972846
1679545972744,1679545972936
1679545972619,1679545973031
1679545972981,1679545973104
1679545972848,1679545973108
1679545972985,1679545973139
1679545972757,1679545973174
1679545973071,1679545973227
1679545973085,1679545973290
1679545972933,1679545973291
1679545973137,1679545973342
1679545973142,1679545973395
1679545973317,1679545973598
1679545973187,1679545973665
1679545973485,1679545973817
1679545973637,1679545973873
1679545973665,1679545973884
1679545973685,1679545973913
1679545973661,1679545973919
1679545973706,1679545973977
1679545973766,1679545974058
1679545973796,1679545974061
1679545973813,1679545974079
1679545973879,1679545974107
1679545973667,1679545974193
1679545973959,1679545974196
1679545973948,1679545974299
1679545974056,1679545974331
1679545974107,1679545974400
1679545974193,1679545974435
1679545974317,1679545974452
1679545974339,1679545974475
1679545974087,1679545974522
1679545974331,1679545974588
1679545974423,1679545974627
1679545974432,1679545974723
1679545974543,1679545974779
1679545974299,1679545974804
1679545974651,1679545974852
1679545974587,1679545974891
1679545974435,1679545974950
1679545974921,1679545975139
1679545974908,1679545975162
1679545974988,1679545975205
1679545975049,1679545975364
1679545975081,1679545975373
1679545975105,1679545975428
1679545975256,1679545975549
1679545975380,1679545975625
1679545975511,1679545975677
1679545975337,1679545975791
1679545975510,1679545975801
1679545975557,1679545975804
1679545975516,1679545975898
1679545975715,1679545975935
1679545975641,1679545975957
1679545975780,1679545975976
1679545975726,1679545975978
1679545975712,1679545975983
1679545975665,1679545976005
1679545975823,1679545976015
1679545975809,1679545976031
1679545975705,1679545976046
1679545975821,1679545976105
1679545975993,1679545976196
1679545975970,1679545976229
1679545976158,1679545976464
1679545976101,1679545976515
1679545976273,1679545976522
1679545976244,1679545976587
1679545976352,1679545976630
1679545976452,1679545976640
1679545976401,1679545976659
1679545976596,1679545976724
1679545976678,1679545976787
1679545976703,1679545976876
1679545976713,1679545976954
1679545976751,1679545976996
1679545976805,1679545977006
1679545976994,1679545977136
1679545976937,1679545977246
1679545976947,1679545977258
1679545977036,1679545977306
1679545976835,1679545977307
1679545977062,1679545977393
1679545977046,1679545977423
1679545977325,1679545977446
1679545977318,1679545977617
1679545977329,1679545977650
1679545977540,1679545977691
1679545977509,1679545977710
1679545977567,1679545977730
1679545977296,1679545977761
1679545977568,1679545977773
1679545977393,1679545977795
1679545977675,1679545977848
1679545977629,1679545977864
1679545977760,1679545977928
1679545977829,1679545978066
1679545977907,1679545978132
1679545977872,1679545978196
1679545978003,1679545978210
1679545978024,1679545978296
1679545978257,1679545978425
1679545978104,1679545978437
1679545978132,1679545978491
1679545978267,1679545978508
1679545978357,1679545978535
1679545978348,1679545978547
1679545978367,1679545978555
1679545978377,1679545978710
1679545978509,1679545978780
1679545978648,1679545978787
1679545978613,1679545978825
1679545978668,1679545978846
1679545978685,1679545978907
1679545978715,1679545978918
1679545978665,1679545978922
1679545978727,1679545978963
1679545978856,1679545979134
1679545978889,1679545979184
1679545978991,1679545979191
1679545979075,1679545979333
1679545979091,1679545979349
1679545979060,1679545979387
1679545979197,1679545979427
1679545979513,1679545979652
1679545979503,1679545979668
1679545979549,1679545979736
1679545979558,1679545979737
1679545979428,1679545979781
1679545979673,1679545979866
1679545979686,1679545979884
1679545979748,1679545979899
1679545979749,1679545979957
1679545979776,1679545979976
1679545979825,1679545979988
1679545979889,1679545980136
1679545979981,1679545980241
1679545979950,1679545980317
1679545980045,1679545980360
1679545979992,1679545980424
1679545980194,1679545980453
1679545980330,1679545980484
1679545980133,1679545980523
1679545980252,1679545980527
1679545980324,1679545980638
1679545980369,1679545980644
1679545980467,1679545980706
1679545980490,1679545980711
1679545980574,1679545980813
1679545980577,1679545980834
1679545980596,1679545980871
1679545980601,1679545980877
1679545980668,1679545980927
1679545980749,1679545980985
1679545980825,1679545981086
1679545980896,1679545981099
1679545980712,1679545981102
1679545980773,1679545981214
1679545980939,1679545981240
1679545981081,1679545981260
1679545981079,1679545981283
1679545981333,1679545981514
1679545981398,1679545981571
1679545981335,1679545981577
1679545981085,1679545981607
1679545981265,1679545981617
1679545981394,1679545981641
1679545981401,1679545981644
1679545981429,1679545981674
1679545981579,1679545981747
1679545981583,1679545981833
1679545981786,1679545981964
1679545981749,1679545981972
1679545981801,1679545982011
1679545981916,1679545982110
1679545981898,1679545982128
1679545981895,1679545982136
1679545982061,1679545982189
1679545981835,1679545982211
1679545982068,1679545982245
1679545982021,1679545982264
1679545982129,1679545982321
1679545982127,1679545982405
1679545982221,1679545982444
1679545982304,1679545982547
1679545982388,1679545982570
1679545982414,1679545982626
1679545982550,1679545982786
1679545982665,1679545982803
1679545982814,1679545982968
1679545982908,1679545983027
1679545982725,1679545983029
1679545982931,1679545983117
1679545982963,1679545983189
1679545983090,1679545983293
1679545983046,1679545983311
1679545983213,1679545983371
1679545983278,1679545983428
1679545983336,1679545983464
1679545983401,1679545983566
1679545983285,1679545983568
1679545982915,1679545983609
1679545983360,1679545983618
1679545983434,1679545983718
1679545983417,1679545983740
1679545983638,1679545983868
1679545983587,1679545983897
1679545983639,1679545983900
1679545983763,1679545983971
1679545983842,1679545984001
1679545983836,1679545984037
1679545983890,1679545984123
1679545983822,1679545984148
1679545983955,1679545984161
1679545984037,1679545984178
1679545983896,1679545984214
1679545984262,1679545984478
1679545984272,1679545984528
1679545984302,1679545984531
1679545984171,1679545984538
1679545984279,1679545984564
1679545984395,1679545984645
1679545984336,1679545984673
1679545984436,1679545984680
1679545984359,1679545984760
1679545984575,1679545984796
1679545984586,1679545984798
1679545984492,1679545984925
1679545984765,1679545984961
1679545984744,1679545985079
1679545984986,1679545985157
1679545984930,1679545985168
1679545984951,1679545985225
1679545985166,1679545985268
1679545984927,1679545985380
1679545985033,1679545985404
1679545985197,1679545985453
1679545985215,1679545985469
1679545985362,1679545985494
1679545985408,1679545985604
1679545985429,1679545985641
1679545985567,1679545985743
1679545985463,1679545985763
1679545985371,1679545985776
1679545985586,1679545985816
1679545985509,1679545985817
1679545985637,1679545985883
1679545985812,1679545986017
1679545985815,1679545986085
1679545985849,1679545986173
1679545985943,1679545986176
1679545985981,1679545986196
1679545985957,1679545986201
1679545986117,1679545986282
1679545985907,1679545986299
1679545986126,1679545986327
1679545986380,1679545986571
1679545986410,1679545986588
1679545986345,1679545986606
1679545986392,1679545986750
1679545986635,1679545986763
1679545986639,1679545986859
1679545986741,1679545986895
1679545986533,1679545986923
1679545986746,1679545986946
1679545986848,1679545987086
1679545986971,1679545987152
1679545986965,1679545987190
1679545986873,1679545987210
1679545987087,1679545987256
1679545986971,1679545987277
1679545987038,1679545987314
1679545987097,1679545987333
1679545987129,1679545987347
1679545987141,1679545987348
1679545987008,1679545987355
1679545987055,1679545987438
1679545987277,1679545987512
1679545987398,1679545987566
1679545987308,1679545987608
1679545987415,1679545987663
1679545987558,1679545987729
1679545987647,1679545987801
1679545987632,1679545987834
1679545987641,1679545987877
1679545987540,1679545987914
1679545987733,1679545987920
1679545987828,1679545988004
1679545987893,1679545988118
1679545987835,1679545988168
1679545988005,1679545988171
1679545988067,1679545988280
1679545988107,1679545988291
1679545988194,1679545988326
1679545988138,1679545988346
1679545988213,1679545988418
1679545988148,1679545988422
1679545988201,1679545988528
1679545988441,1679545988589
1679545988398,1679545988643
1679545988520,1679545988661
1679545988438,1679545988774
1679545988640,1679545988865
1679545988577,1679545988871
1679545988705,1679545988873
1679545988683,1679545988891
1679545988774,1679545988999
1679545988792,1679545989048
1679545988906,1679545989058
1679545988809,1679545989080
1679545989033,1679545989157
1679545988987,1679545989163
1679545989044,1679545989188
1679545988925,1679545989233
1679545989135,1679545989319
1679545989199,1679545989436
1679545989253,1679545989480
1679545989303,1679545989489
1679545989192,1679545989523
1679545989269,1679545989611
1679545989599,1679545989844
1679545989805,1679545990039
1679545990069,1679545990173
1679545989791,1679545990208
1679545990013,1679545990213
1679545989983,1679545990232
1679545990048,1679545990253
1679545990016,1679545990294
1679545990081,1679545990382
1679545990165,1679545990439
1679545990137,1679545990447
1679545990212,1679545990505
1679545990121,1679545990525
1679545990285,1679545990535
1679545990305,1679545990580
1679545990248,1679545990594
1679545990396,1679545990606
1679545990232,1679545990609
1679545990277,1679545990728
1679545990428,1679545990739
1679545990500,1679545990755
1679545990637,1679545990800
1679545990481,1679545990805
1679545990581,1679545990836
1679545990673,1679545990877
1679545990661,1679545990913
1679545990981,1679545991097
1679545991079,1679545991276
1679545991071,1679545991317
1679545991302,1679545991485
1679545991254,1679545991504
1679545991379,1679545991630
1679545991504,1679545991745
1679545991441,1679545991760
1679545991509,1679545991792
1679545991568,1679545991811
1679545991525,1679545991814
1679545991653,1679545991862
1679545991765,1679545991879
1679545991610,1679545991894
1679545991797,1679545991969
1679545991725,1679545991975
1679545991759,1679545992038
1679545991809,1679545992113
1679545991805,1679545992162
1679545991989,1679545992244
1679545992045,1679545992257
1679545992048,1679545992275
1679545991913,1679545992288
1679545991737,1679545992289
1679545991961,1679545992375
1679545992384,1679545992524
1679545992396,1679545992779
1679545992541,1679545992798
1679545992549,1679545992806
1679545992564,1679545992851
1679545992437,1679545992864
1679545992808,1679545992983
1679545992862,1679545993025
1679545992873,1679545993109
1679545992892,1679545993113
1679545992893,1679545993139
1679545993015,1679545993219
1679545993028,1679545993241
1679545993105,1679545993245
1679545992942,1679545993345
1679545993094,1679545993385
1679545993179,1679545993417
1679545993252,1679545993488
1679545993326,1679545993494
1679545993328,1679545993525
1679545993332,1679545993539
1679545993281,1679545993586
1679545993303,1679545993658
1679545993569,1679545993700
1679545993408,1679545993729
1679545993597,1679545993833
1679545993605,1679545994007
1679545993814,1679545994023
1679545993857,1679545994024
1679545993992,1679545994185
1679545993768,1679545994188
1679545994006,1679545994319
1679545994199,1679545994333
1679545994195,1679545994339
1679545994217,1679545994436
1679545994299,1679545994517
1679545994429,1679545994569
1679545994376,1679545994585
1679545994427,1679545994603
1679545994507,1679545994712
1679545994418,1679545994715
1679545994589,1679545994717
1679545994517,1679545994769
1679545994659,1679545994934
1679545994645,1679545994934
1679545994890,1679545995063
1679545994936,1679545995067
1679545994884,1679545995154
1679545994778,1679545995160
1679545995057,1679545995388
1679545995193,1679545995413
1679545995065,1679545995428
1679545995095,1679545995507
1679545995118,1679545995558
1679545995374,1679545995618
1679545995448,1679545995679
1679545995510,1679545995681
1679545995317,1679545995724
1679545995577,1679545995852
1679545995679,1679545995943
1679545995714,1679545995966
1679545995751,1679545995980
1679545995773,1679545995996
1679545995872,1679545996011
1679545995957,1679545996135
1679545995979,1679545996170
1679545995910,1679545996237
1679545996046,1679545996256
1679545995998,1679545996318
1679545996041,1679545996348
1679545996240,1679545996364
1679545996072,1679545996387
1679545996187,1679545996459
1679545996329,1679545996471
1679545996258,1679545996506
1679545996476,1679545996720
1679545996553,1679545996737
1679545996563,1679545996766
1679545996651,1679545996772
1679545996677,1679545996883
1679545996751,1679545997014
1679545996846,1679545997016
1679545996639,1679545997178
1679545996981,1679545997221
1679545997119,1679545997244
1679545997055,1679545997263
1679545997200,1679545997399
1679545997207,1679545997409
1679545997277,1679545997425
1679545997327,1679545997441
1679545997316,1679545997454
1679545997385,1679545997610
1679545997309,1679545997611
1679545997172,1679545997636
1679545997420,1679545997681
1679545997289,1679545997711
1679545997518,1679545997729
1679545997584,1679545997830
1679545997792,1679545997927
1679545997627,1679545998019
1679545997838,1679545998029
1679545997710,1679545998084
1679545997938,1679545998159
1679545997953,1679545998295
1679545998163,1679545998313
1679545998215,1679545998360
1679545998215,1679545998364
1679545998320,1679545998499
1679545998060,1679545998533
1679545998442,1679545998535
1679545998430,1679545998670
1679545998616,1679545998707
1679545998737,1679545998951
1679545998756,1679545998959
1679545998925,1679545998996
1679545998743,1679545999001
1679545998946,1679545999157
1679545998970,1679545999209
1679545998947,1679545999231
1679545998906,1679545999259
1679545999076,1679545999337
1679545999069,1679545999352
1679545999097,1679545999365
1679545999109,1679545999377
1679545999281,1679545999469
1679545999263,1679545999510
1679545999350,1679545999513
1679545999297,1679545999599
1679545999340,1679545999607
1679545999368,1679545999707
1679545999419,1679545999746
1679545999258,1679545999761
1679545999661,1679545999882
1679545999709,1679545999947
1679545999451,1679545999960
1679545999669,1679546000003
1679545999776,1679546000009
1679545999958,1679546000218
1679546000006,1679546000294
1679546000155,1679546000344
1679546000269,1679546000443
1679546000131,1679546000464
1679546000291,1679546000518
1679546000197,1679546000590
1679546000379,1679546000623
1679546000440,1679546000659
1679546000439,1679546000727
1679546000557,1679546000795
1679546000556,1679546000858
1679546000736,1679546000881
1679546000624,1679546000922
1679546000618,1679546000969
1679546000719,1679546000978
1679546000860,1679546001041
1679546000699,1679546001043
1679546000786,1679546001143
1679546000879,1679546001143
1679546000908,1679546001258
1679546001048,1679546001265
1679546001361,1679546001533
1679546001369,1679546001580
1679546001411,1679546001612
1679546001450,1679546001697
1679546001561,1679546001730
1679546001570,1679546001814
1679546001627,1679546001890
1679546001627,1679546001907
1679546001820,1679546001931
1679546001725,1679546001984
1679546001792,1679546001997
1679546001845,1679546002008
1679546001803,1679546002040
1679546001874,1679546002080
1679546001912,1679546002127
1679546001943,1679546002221
1679546001912,1679546002263
1679546002170,1679546002315
1679546002186,1679546002332
1679546002232,1679546002431
1679546002147,1679546002485
1679546002267,1679546002584
1679546002460,1679546002647
1679546002557,1679546002793
1679546002552,1679546002802
1679546002668,1679546002916
1679546002708,1679546002919
1679546002432,1679546002928
1679546002624,1679546002974
1679546002842,1679546003078
1679546003016,1679546003152
1679546002981,1679546003188
1679546003077,1679546003274
1679546003077,1679546003366
1679546003271,1679546003400
1679546003083,1679546003424
1679546003260,1679546003436
1679546003233,1679546003497
1679546003248,1679546003534
1679546003313,1679546003634
1679546003369,1679546003650
1679546003578,1679546003733
1679546003591,1679546003750
1679546003381,1679546003798
1679546003596,1679546003853
1679546003698,1679546003941
1679546003817,1679546003987
1679546003731,1679546004022
1679546003699,1679546004074
1679546004032,1679546004206
1679546003877,1679546004237
1679546003976,1679546004247
1679546004058,1679546004303
1679546004168,1679546004307
1679546004047,1679546004327
1679546004255,1679546004444
1679546004238,1679546004458
1679546004253,1679546004468
1679546004415,1679546004644
1679546004337,1679546004670
1679546004511,1679546004692
1679546004766,1679546004941
1679546004766,1679546005001
1679546004812,1679546005044
1679546004885,1679546005072
1679546004766,1679546005096
1679546005138,1679546005242
1679546005025,1679546005256
1679546005017,1679546005257
1679546005037,1679546005279
1679546005014,1679546005405
1679546005242,1679546005409
1679546005281,1679546005417
1679546005088,1679546005428
1679546004956,1679546005478
1679546005235,1679546005513
1679546005356,1679546005523
1679546005337,1679546005606
1679546005439,1679546005616
1679546005349,1679546005663
1679546005495,1679546005716
1679546005459,1679546005805
1679546005420,1679546005818
1679546005676,1679546005899
1679546005554,1679546005901
1679546005726,1679546005985
1679546005858,1679546006069
1679546005900,1679546006104
1679546005894,1679546006221
1679546006141,1679546006258
1679546006148,1679546006415
1679546006168,1679546006417
1679546006252,1679546006439
1679546006160,1679546006460
1679546006297,1679546006507
1679546006222,1679546006550
1679546006352,1679546006607
1679546006342,1679546006639
1679546006511,1679546006661
1679546006511,1679546006740
1679546006486,1679546006823
1679546006679,1679546006839
1679546006713,1679546006905
1679546006556,1679546006947
1679546006516,1679546006953
1679546006779,1679546007057
1679546006828,1679546007064
1679546006949,1679546007130
1679546006885,1679546007176
1679546006971,1679546007201
1679546007022,1679546007237
1679546007105,1679546007290
1679546007149,1679546007358
1679546007239,1679546007425
1679546007334,1679546007491
1679546007334,1679546007512
1679546007425,1679546007597
1679546007408,1679546007643
1679546007481,1679546007731
1679546007554,1679546007758
1679546007483,1679546007767
1679546007635,1679546007836
1679546007685,1679546007887
1679546007788,1679546007900
1679546007844,1679546008103
1679546008007,1679546008121
1679546007666,1679546008125
1679546007934,1679546008215
1679546007976,1679546008222
1679546008077,1679546008295
1679546008185,1679546008385
1679546008106,1679546008431
1679546008237,1679546008455
1679546008192,1679546008519
1679546008281,1679546008520
1679546008255,1679546008524
1679546008210,1679546008531
1679546008387,1679546008598
1679546008313,1679546008633
1679546008470,1679546008644
1679546008340,1679546008650
1679546008603,1679546008764
1679546008357,1679546008764
1679546008688,1679546008856
1679546008616,1679546008941
1679546008826,1679546008954
1679546008749,1679546009118
1679546008983,1679546009140
1679546009055,1679546009294
1679546009159,1679546009313
1679546009063,1679546009389
1679546009188,1679546009424
1679546009297,1679546009453
1679546009305,1679546009531
1679546009330,1679546009579
1679546009413,1679546009613
1679546009434,1679546009666
1679546009402,1679546009676
1679546009436,1679546009676
1679546009609,1679546009856
1679546009607,1679546009857
1679546009713,1679546009952
1679546009506,1679546009952
1679546009809,1679546009996
1679546009702,1679546010002
1679546009811,1679546010053
1679546009911,1679546010075
1679546009865,1679546010101
1679546009917,1679546010270
1679546010118,1679546010310
1679546010292,1679546010470
1679546010208,1679546010527
1679546010001,1679546010564
1679546010296,1679546010763
1679546010566,1679546010769
1679546010552,1679546010791
1679546010619,1679546010800
1679546010551,1679546010870
1679546010744,1679546010875
1679546010749,1679546010916
1679546010636,1679546010930
1679546010754,1679546010983
1679546010778,1679546011036
1679546010861,1679546011096
1679546010949,1679546011280
1679546010988,1679546011297
1679546010873,1679546011336
1679546011083,1679546011344
1679546010961,1679546011358
1679546011119,1679546011430
1679546011089,1679546011436
1679546011205,1679546011483
1679546011305,1679546011591
1679546011064,1679546011624
1679546011544,1679546011769
1679546011677,1679546011823
1679546011372,1679546011836
1679546011699,1679546011873
1679546011781,1679546011983
1679546011763,1679546012064
1679546011797,1679546012079
1679546011766,1679546012136
1679546011797,1679546012144
1679546011975,1679546012162
1679546012125,1679546012293
1679546012151,1679546012338
1679546012068,1679546012356
1679546012090,1679546012358
1679546012240,1679546012542
1679546012250,1679546012551
1679546012313,1679546012559
1679546012493,1679546012686
1679546012587,1679546012787
1679546012537,1679546012829
1679546012668,1679546012910
1679546012776,1679546013001
1679546012844,1679546013057
1679546012579,1679546013089
1679546012767,1679546013098
1679546013016,1679546013173
1679546013056,1679546013236
1679546013056,1679546013242
1679546013179,1679546013365
1679546013134,1679546013385
1679546013132,1679546013388
1679546013034,1679546013448
1679546013228,1679546013482
1679546013244,1679546013484
1679546013285,1679546013527
1679546013378,1679546013587
1679546013355,1679546013599
1679546013457,1679546013603
1679546013332,1679546013653
1679546013563,1679546013848
1679546013731,1679546013910
1679546013811,1679546013973
1679546013828,1679546013989
1679546013833,1679546014001
1679546013913,1679546014097
1679546013860,1679546014106
1679546014065,1679546014288
1679546014275,1679546014383
1679546014217,1679546014387
1679546014306,1679546014495
1679546014199,1679546014545
1679546014348,1679546014557
1679546014268,1679546014586
1679546014538,1679546014663
1679546014453,1679546014678
1679546014436,1679546014708
1679546014445,1679546014721
1679546014591,1679546014815
1679546014649,1679546014816
1679546014913,1679546015028
1679546014780,1679546015121
1679546014686,1679546015127
1679546014949,1679546015136
1679546014796,1679546015140
1679546014934,1679546015330
1679546015078,1679546015409
1679546015154,1679546015430
1679546015385,1679546015539
1679546015320,1679546015557
1679546015253,1679546015575
1679546015367,1679546015722
1679546015513,1679546015757
1679546015453,1679546015759
1679546015583,1679546015777
1679546015386,1679546015828
1679546015609,1679546015863
1679546015520,1679546015867
1679546015634,1679546015879
1679546015572,1679546015966
1679546015687,1679546016097
1679546015705,1679546016127
1679546015817,1679546016163
1679546015864,1679546016171
1679546016014,1679546016174
1679546015888,1679546016235
1679546016010,1679546016299
1679546016304,1679546016407
1679546016266,1679546016445
1679546016233,1679546016477
1679546016344,1679546016549
1679546016381,1679546016613
1679546016574,1679546016745
1679546016604,1679546016773
1679546016687,1679546016851
1679546016760,1679546016959
1679546016755,1679546016979
1679546016812,1679546016989
1679546016688,1679546017031
1679546016772,1679546017100
1679546017021,1679546017139
1679546016936,1679546017173
1679546016896,1679546017178
1679546017062,1679546017299
1679546017131,1679546017326
1679546017278,1679546017478
1679546017281,1679546017516
1679546017235,1679546017544
1679546017369,1679546017563
1679546017320,1679546017577
1679546017365,1679546017595
1679546017273,1679546017598
1679546017377,1679546017671
1679546017471,1679546017712
1679546017634,1679546017828
1679546017695,1679546017903
1679546017545,1679546017965
1679546017831,1679546017977
1679546017908,1679546018129
1679546017924,1679546018133
1679546017929,1679546018142
1679546017669,1679546018146
1679546018061,1679546018260
1679546018022,1679546018300
1679546017988,1679546018302
1679546018025,1679546018317
1679546017977,1679546018364
1679546018153,1679546018375
1679546018389,1679546018528
1679546018262,1679546018561
1679546018203,1679546018579
1679546018412,1679546018650
1679546018414,1679546018837
1679546018495,1679546018847
1679546018650,1679546018909
1679546018689,1679546018950
1679546018736,1679546019013
1679546018577,1679546019040
1679546018776,1679546019078
1679546018837,1679546019089
1679546019034,1679546019155
1679546018972,1679546019163
1679546019029,1679546019244
1679546019001,1679546019260
1679546019177,1679546019344
1679546019073,1679546019392
1679546019148,1679546019444
1679546019097,1679546019444
1679546019181,1679546019524
1679546019309,1679546019530
1679546019288,1679546019535
1679546019251,1679546019549
1679546019301,1679546019627
1679546019419,1679546019641
1679546019377,1679546019663
1679546019336,1679546019665
1679546019540,1679546019674
1679546019519,1679546019937
1679546019732,1679546019958
1679546019927,1679546020093
1679546019812,1679546020104
1679546019972,1679546020117
1679546019922,1679546020172
1679546020073,1679546020265
1679546020204,1679546020416
1679546020293,1679546020474
1679546020252,1679546020486
1679546020317,1679546020534
1679546020324,1679546020557
1679546020234,1679546020560
1679546020609,1679546020796
1679546020440,1679546020837
1679546020437,1679546020872
1679546020619,1679546020876
1679546020709,1679546020884
1679546020613,1679546020930
1679546020677,1679546020969
1679546020778,1679546021035
1679546020708,1679546021037
1679546020792,1679546021061
1679546020708,1679546021066
1679546020801,1679546021193
1679546021071,1679546021275
1679546021076,1679546021297
1679546021082,1679546021319
1679546021218,1679546021460
1679546021403,1679546021568
1679546021448,1679546021631
1679546021504,1679546021683
1679546021517,1679546021743
1679546021568,1679546021759
1679546021608,1679546021793
1679546021633,1679546021829
1679546021668,1679546021920
1679546021770,1679546021991
1679546021568,1679546022006
1679546021403,1679546022027
1679546021721,1679546022056
1679546021938,1679546022128
1679546021960,1679546022163
1679546022009,1679546022253
1679546022049,1679546022364
1679546022060,1679546022368
1679546022240,1679546022423
1679546022276,1679546022491
1679546022219,1679546022528
1679546022325,1679546022528
1679546022444,1679546022615
1679546022553,1679546022755
1679546022532,1679546022761
1679546022663,1679546022810
1679546022468,1679546022811
1679546022646,1679546022882
1679546022669,1679546022914
1679546022604,1679546022933
1679546022805,1679546022974
1679546022941,1679546023059
1679546022947,1679546023121
1679546022955,1679546023146
1679546022958,1679546023193
1679546023157,1679546023384
1679546023108,1679546023441
1679546023156,1679546023449
1679546023185,1679546023475
1679546023285,1679546023515
1679546023389,1679546023603
1679546023320,1679546023634
1679546023350,1679546023635
1679546023546,1679546023709
1679546023569,1679546023732
1679546023519,1679546023796
1679546023625,1679546023797
1679546023768,1679546023927
1679546023631,1679546023976
1679546023688,1679546024026
1679546023823,1679546024028
1679546023788,1679546024047
1679546024023,1679546024134
1679546023941,1679546024134
1679546023988,1679546024254
1679546024046,1679546024330
1679546024246,1679546024397
1679546024410,1679546024558
1679546024365,1679546024656
1679546024584,1679546024751
1679546024531,1679546024785
1679546024550,1679546024920
1679546024709,1679546024950
1679546024733,1679546024991
1679546024871,1679546025032
1679546024777,1679546025053
1679546024670,1679546025066
1679546024778,1679546025081
1679546024875,1679546025134
1679546024865,1679546025199
1679546024933,1679546025233
1679546025042,1679546025252
1679546024998,1679546025332
1679546024985,1679546025355
1679546025201,1679546025428
1679546025188,1679546025446
1679546025308,1679546025459
1679546025148,1679546025464
1679546025325,1679546025469
1679546025340,1679546025680
1679546025369,1679546025699
1679546025668,1679546025883
1679546025624,1679546025913
1679546025650,1679546025928
1679546025814,1679546026023
1679546025845,1679546026066
1679546025745,1679546026093
1679546025931,1679546026140
1679546025893,1679546026171
1679546025883,1679546026186
1679546026063,1679546026278
1679546026176,1679546026281
1679546026222,1679546026453
1679546026345,1679546026487
1679546026318,1679546026517
1679546026300,1679546026562
1679546026381,1679546026591
1679546026164,1679546026603
1679546026426,1679546026662
1679546026326,1679546026697
1679546026510,1679546026780
1679546026577,1679546026849
1679546026664,1679546026942
1679546026728,1679546026995
1679546026707,1679546027001
1679546026827,1679546027074
1679546026959,1679546027079
1679546026890,1679546027094
1679546026873,1679546027121
1679546027041,1679546027199
1679546026833,1679546027207
1679546026910,1679546027207
1679546027064,1679546027240
1679546027150,1679546027365
1679546027326,1679546027452
1679546027212,1679546027472
1679546027325,1679546027637
1679546027576,1679546027748
1679546027601,1679546027809
1679546027543,1679546027845
1679546027694,1679546027996
1679546027808,1679546028009
1679546027881,1679546028059
1679546027796,1679546028117
1679546027932,1679546028143
1679546027788,1679546028158
1679546027932,1679546028200
1679546028103,1679546028246
1679546028134,1679546028382
1679546028240,1679546028388
1679546028028,1679546028390
1679546028401,1679546028587
1679546028445,1679546028619
1679546028496,1679546028651
1679546028331,1679546028694
1679546028394,1679546028753
1679546028501,1679546028770
1679546028299,1679546028772
1679546028485,1679546028781
1679546028357,1679546028792
1679546028492,1679546028817
1679546028748,1679546028917
1679546028792,1679546029009
1679546028948,1679546029159
1679546028891,1679546029173
1679546028973,1679546029205
1679546028926,1679546029266
1679546028905,1679546029281
1679546029134,1679546029306
1679546029225,1679546029403
1679546029240,1679546029454
1679546029350,1679546029616
1679546029458,1679546029660
1679546029549,1679546029717
1679546029543,1679546029757
1679546029546,1679546029778
1679546029620,1679546029784
1679546029542,1679546029794
1679546029664,1679546029807
1679546029805,1679546029991
1679546029760,1679546030021
1679546029853,1679546030024
1679546029868,1679546030110
1679546029914,1679546030168
1679546029777,1679546030198
1679546030040,1679546030216
1679546030026,1679546030246
1679546030040,1679546030321
1679546030237,1679546030375
1679546030380,1679546030735
1679546030459,1679546030744
1679546030561,1679546030754
1679546030649,1679546030793
1679546030619,1679546030810
1679546030683,1679546030906
1679546030590,1679546030922
1679546030793,1679546031049
1679546030782,1679546031111
1679546030853,1679546031121
1679546030961,1679546031122
1679546030755,1679546031140
1679546030902,1679546031150
1679546030641,1679546031236
1679546031068,1679546031315
1679546031090,1679546031366
1679546031091,1679546031409
1679546031328,1679546031518
1679546031340,1679546031519
1679546031216,1679546031532
1679546031326,1679546031599
1679546031368,1679546031718
1679546031246,1679546031726
1679546031492,1679546031776
1679546031659,1679546031778
1679546031645,1679546031845
1679546031599,1679546031865
1679546031583,1679546031926
1679546031863,1679546032102
1679546031964,1679546032133
1679546031938,1679546032190
1679546032177,1679546032350
1679546032183,1679546032412
1679546032220,1679546032425
1679546032251,1679546032460
1679546032157,1679546032554
1679546032304,1679546032568
1679546032432,1679546032624
1679546032383,1679546032628
1679546032513,1679546032737
1679546032582,1679546032772
1679546032597,1679546032830
1679546032464,1679546032832
1679546032628,1679546032834
1679546032860,1679546033003
1679546032841,1679546033083
1679546032981,1679546033258
1679546033037,1679546033264
1679546033075,1679546033275
1679546033094,1679546033350
1679546033037,1679546033388
1679546033164,1679546033439
1679546033205,1679546033468
1679546033377,1679546033582
1679546033409,1679546033584
1679546033468,1679546033684
1679546033489,1679546033705
1679546033537,1679546033722
1679546033451,1679546033775
1679546033589,1679546033827
1679546033720,1679546033905
1679546033708,1679546033912
1679546033444,1679546033979
1679546033759,1679546034015
1679546033933,1679546034096
1679546033841,1679546034144
1679546033929,1679546034222
1679546033747,1679546034254
1679546034178,1679546034361
1679546034273,1679546034383
1679546034145,1679546034425
1679546034425,1679546034599
1679546034399,1679546034637
1679546034712,1679546034873
1679546034528,1679546034874
1679546034602,1679546034895
1679546034393,1679546034906
1679546034720,1679546034919
1679546034616,1679546034937
1679546034775,1679546034986
1679546034816,1679546035037
1679546034538,1679546035081
1679546034833,1679546035084
1679546034966,1679546035182
1679546035101,1679546035297
1679546035136,1679546035416
1679546035265,1679546035562
1679546035264,1679546035568
1679546035217,1679546035597
1679546035432,1679546035615
1679546035425,1679546035621
1679546035360,1679546035676
1679546035556,1679546035701
1679546035601,1679546035765
1679546035425,1679546035774
1679546035629,1679546035848
1679546035661,1679546035916
1679546035690,1679546035968
1679546035672,1679546035999
1679546035796,1679546036093
1679546035771,1679546036144
1679546035941,1679546036187
1679546036027,1679546036224
1679546036193,1679546036348
1679546036120,1679546036454
1679546036325,1679546036478
1679546035996,1679546036487
1679546036125,1679546036490
1679546036329,1679546036529
1679546036308,1679546036592
1679546036453,1679546036660
1679546036475,1679546036721
1679546036377,1679546036724
1679546036377,1679546036775
1679546036686,1679546036843
1679546036739,1679546036955
1679546036775,1679546036960
1679546036941,1679546037094
1679546036870,1679546037096
1679546036850,1679546037209
1679546037108,1679546037268
1679546037007,1679546037275
1679546037026,1679546037315
1679546037184,1679546037383
1679546037249,1679546037393
1679546037245,1679546037418
1679546037179,1679546037506
1679546037216,1679546037559
1679546037247,1679546037578
1679546037290,1679546037595
1679546037340,1679546037600
1679546037473,1679546037652
1679546037485,1679546037717
1679546037603,1679546037763
1679546037449,1679546037769
1679546037568,1679546037841
1679546037666,1679546037893
1679546037855,1679546038116
1679546038001,1679546038150
1679546038021,1679546038210
1679546038004,1679546038219
1679546038012,1679546038284
1679546038049,1679546038289
1679546037975,1679546038338
1679546038201,1679546038431
1679546038273,1679546038478
1679546038319,1679546038519
1679546038052,1679546038529
1679546038353,1679546038587
1679546038287,1679546038620
1679546038295,1679546038643
1679546038466,1679546038691
1679546038514,1679546038740
1679546038605,1679546038757
1679546038577,1679546038817
1679546038723,1679546038868
1679546038687,1679546038979
1679546038843,1679546039074
1679546038859,1679546039234
1679546038925,1679546039245
1679546039140,1679546039305
1679546039032,1679546039306
1679546039162,1679546039337
1679546038855,1679546039416
1679546039348,1679546039485
1679546039268,1679546039492
1679546039357,1679546039546
1679546039281,1679546039550
1679546039373,1679546039586
1679546039365,1679546039598
1679546039358,1679546039641
1679546039424,1679546039653
1679546039527,1679546039673
1679546039546,1679546039793
1679546039633,1679546039832
1679546039703,1679546039879
1679546039868,1679546040095
1679546039904,1679546040133
1679546039910,1679546040206
1679546040020,1679546040274
1679546040029,1679546040291
1679546040035,1679546040302
1679546040129,1679546040363
1679546040153,1679546040470
1679546040432,1679546040567
1679546040443,1679546040649
1679546040414,1679546040667
1679546040328,1679546040668
1679546040477,1679546040691
1679546040443,1679546040784
1679546040403,1679546040798
1679546040497,1679546040870
1679546040658,1679546040940
1679546040663,1679546040945
1679546040836,1679546041009
1679546040836,1679546041059
1679546040899,1679546041070
1679546040751,1679546041079
1679546040853,1679546041117
1679546040829,1679546041137
1679546040931,1679546041192
1679546041121,1679546041271
1679546041086,1679546041318
1679546040982,1679546041384
1679546041180,1679546041391
1679546041430,1679546041693
1679546041497,1679546041722
1679546041566,1679546041727
1679546041745,1679546041962
1679546041834,1679546041987
1679546041939,1679546042131
1679546041920,1679546042181
1679546041844,1679546042181
1679546041912,1679546042237
1679546041960,1679546042262
1679546042088,1679546042320
1679546042087,1679546042335
1679546042143,1679546042360
1679546042025,1679546042378
1679546042119,1679546042400
1679546042178,1679546042403
1679546042160,1679546042413
1679546042107,1679546042453
1679546042346,1679546042515
1679546042495,1679546042667
1679546042437,1679546042670
1679546042445,1679546042689
1679546042361,1679546042746
1679546042564,1679546042829
1679546042615,1679546042887
1679546042830,1679546042981
1679546042815,1679546042988
1679546042907,1679546043096
1679546043126,1679546043307
1679546043147,1679546043322
1679546043237,1679546043360
1679546043200,1679546043410
1679546043229,1679546043463
1679546043256,1679546043471
1679546043350,1679546043589
1679546043504,1679546043621
1679546043413,1679546043661
1679546043417,1679546043682
1679546043644,1679546043773
1679546043598,1679546043806
1679546043577,1679546043808
1679546043387,1679546043887
1679546043644,1679546043967
1679546043657,1679546044078
1679546043895,1679546044171
1679546043958,1679546044176
1679546044060,1679546044235
1679546043903,1679546044259
1679546043901,1679546044267
1679546044060,1679546044309
1679546044165,1679546044355
1679546044031,1679546044355
1679546044107,1679546044371
1679546044384,1679546044556
1679546044321,1679546044565
1679546044521,1679546044652
1679546044498,1679546044702
1679546044245,1679546044719
1679546044570,1679546044748
1679546044731,1679546044892
1679546044829,1679546044946
1679546044610,1679546044963
1679546044811,1679546044992
1679546044846,1679546045124
1679546044906,1679546045129
1679546045083,1679546045343
1679546045151,1679546045352
1679546045185,1679546045472
1679546045272,1679546045480
1679546045266,1679546045504
1679546045299,1679546045529
1679546045299,1679546045557
1679546045409,1679546045629
1679546045397,1679546045661
1679546045453,1679546045703
1679546045568,1679546045867
1679546045603,1679546045875
1679546045691,1679546045880
1679546045596,1679546045932
1679546045687,1679546046025
1679546045727,1679546046058
1679546045924,1679546046107
1679546046024,1679546046205
1679546045816,1679546046224
1679546046054,1679546046248
1679546045965,1679546046276
1679546046121,1679546046315
1679546046206,1679546046442
1679546046294,1679546046477
1679546046055,1679546046479
1679546046216,1679546046524
1679546046332,1679546046565
1679546046346,1679546046666
1679546046437,1679546046756
1679546046554,1679546046757
1679546046565,1679546046799
1679546046532,1679546046808
1679546046564,1679546046832
1679546046623,1679546046966
1679546046729,1679546046968
1679546046931,1679546047097
1679546047013,1679546047191
1679546047103,1679546047247
1679546047126,1679546047268
1679546047056,1679546047332
1679546047109,1679546047440
1679546047287,1679546047467
1679546047250,1679546047533
1679546047330,1679546047534
1679546047243,1679546047545
1679546047492,1679546047607
1679546047454,1679546047799
1679546047629,1679546047825
1679546047589,1679546047868
1679546047628,1679546047886
1679546047699,1679546048006
1679546047800,1679546048028
1679546047953,1679546048107
1679546047744,1679546048110
1679546047916,1679546048144
1679546047978,1679546048162
1679546048070,1679546048223
1679546047989,1679546048275
1679546048068,1679546048331
1679546048157,1679546048433
1679546048188,1679546048489
1679546048016,1679546048527
1679546048337,1679546048547
1679546048453,1679546048665
1679546048420,1679546048693
1679546048366,1679546048713
1679546048619,1679546048882
1679546048616,1679546048922
1679546048591,1679546049002
1679546048873,1679546049082
1679546048801,1679546049129
1679546048992,1679546049173
1679546049019,1679546049186
1679546049044,1679546049265
1679546049179,1679546049386
1679546049174,1679546049404
1679546049220,1679546049411
1679546049306,1679546049468
1679546049323,1679546049509
1679546049004,1679546049510
1679546049249,1679546049512
1679546049256,1679546049515
1679546049373,1679546049558
1679546049553,1679546049768
1679546049635,1679546049794
1679546049585,1679546049817
1679546049482,1679546049818
1679546049540,1679546049818
1679546049755,1679546049947
1679546049708,1679546050028
1679546049792,1679546050033
1679546049839,1679546050067
1679546049904,1679546050235
1679546050093,1679546050299
1679546050082,1679546050310
1679546050093,1679546050342
1679546050187,1679546050466
1679546050376,1679546050543
1679546050293,1679546050543
1679546050317,1679546050545
1679546050457,1679546050690
1679546050526,1679546050731
1679546050703,1679546050840
1679546050720,1679546050929
1679546050707,1679546051088
1679546050739,1679546051172
1679546050821,1679546051180
1679546050961,1679546051225
1679546051175,1679546051286
1679546050887,1679546051316
1679546051084,1679546051352
1679546051163,1679546051421
1679546051173,1679546051467
1679546051282,1679546051578
1679546051326,1679546051651
1679546051386,1679546051682
1679546051327,1679546051735
1679546051636,1679546051760
1679546051620,1679546051794
1679546051641,1679546051875
1679546051370,1679546051884
1679546051762,1679546051892
1679546051545,1679546051906
1679546051715,1679546051937
1679546051778,1679546051986
1679546051492,1679546051996
1679546051881,1679546052100
1679546051923,1679546052137
1679546051998,1679546052223
1679546052143,1679546052285
1679546051876,1679546052447
1679546052203,1679546052493
1679546052324,1679546052499
1679546052275,1679546052520
1679546052509,1679546052728
1679546052601,1679546052732
1679546052603,1679546052864
1679546052748,1679546052913
1679546052687,1679546052915
1679546052630,1679546052944
1679546052767,1679546053025
1679546052797,1679546053082
1679546052878,1679546053102
1679546052926,1679546053129
1679546052851,1679546053134
1679546052936,1679546053220
1679546053097,1679546053252
1679546053044,1679546053256
1679546052847,1679546053284
1679546053091,1679546053303
1679546053164,1679546053384
1679546053283,1679546053456
1679546053319,1679546053476
1679546053279,1679546053543
1679546053501,1679546053723
1679546053396,1679546053741
1679546053579,1679546053766
1679546053614,1679546053844
1679546053531,1679546053851
1679546053685,1679546053871
1679546053578,1679546053871
1679546053765,1679546053951
1679546053932,1679546054094
1679546053787,1679546054146
1679546053972,1679546054159
1679546053949,1679546054198
1679546053932,1679546054227
1679546054091,1679546054313
1679546054021,1679546054320
1679546054047,1679546054362
1679546054336,1679546054540
1679546054403,1679546054565
1679546054271,1679546054580
1679546054409,1679546054647
1679546054562,1679546054794
1679546054496,1679546054799
1679546054636,1679546054954
1679546054776,1679546054979
1679546054817,1679546055034
1679546054906,1679546055119
1679546054910,1679546055218
1679546055048,1679546055259
1679546054855,1679546055295
1679546055177,1679546055314
1679546055090,1679546055345
1679546055072,1679546055429
1679546055176,1679546055462
1679546055189,1679546055475
1679546055273,1679546055510
1679546055277,1679546055530
1679546055544,1679546055629
1679546055528,1679546055734
1679546055530,1679546055840
1679546055514,1679546055849
1679546055504,1679546055892
1679546055639,1679546055910
1679546055817,1679546055986
1679546055758,1679546056012
1679546055856,1679546056056
1679546055833,1679546056081
1679546055847,1679546056121
1679546055952,1679546056348
1679546056215,1679546056415
1679546056148,1679546056432
1679546056312,1679546056559
1679546056356,1679546056569
1679546056487,1679546056610
1679546056565,1679546056789
1679546056552,1679546056905
1679546056248,1679546056911
1679546056647,1679546056970
1679546056812,1679546056976
1679546056660,1679546057018
1679546056741,1679546057028
1679546056813,1679546057071
1679546056900,1679546057106
1679546056828,1679546057129
1679546056913,1679546057132
1679546056884,1679546057155
1679546057152,1679546057300
1679546057072,1679546057392
1679546056982,1679546057458
1679546057264,1679546057467
1679546057298,1679546057498
1679546057372,1679546057525
1679546057316,1679546057554
1679546057432,1679546057618
1679546057121,1679546057692
1679546057447,1679546057699
1679546057399,1679546057774
1679546057664,1679546057896
1679546057684,1679546057919
1679546057842,1679546057993
1679546057771,1679546058088
1679546057857,1679546058099
1679546057945,1679546058164
1679546057923,1679546058280
1679546058109,1679546058285
1679546058105,1679546058294
1679546058181,1679546058416
1679546058250,1679546058429
1679546058168,1679546058440
1679546058287,1679546058446
1679546058302,1679546058491
1679546058417,1679546058701
1679546058525,1679546058716
1679546058486,1679546058747
1679546058607,1679546058783
1679546058569,1679546058798
1679546058665,1679546058851
1679546058797,1679546058891
1679546058769,1679546058917
1679546058581,1679546058939
1679546058827,1679546059064
1679546058948,1679546059110
1679546058893,1679546059162
1679546058913,1679546059295
1679546059077,1679546059330
1679546059080,1679546059336
1679546059320,1679546059534
1679546059054,1679546059539
1679546059400,1679546059551
1679546059609,1679546059712
1679546059512,1679546059772
1679546059678,1679546059854
1679546059676,1679546059857
1679546059592,1679546059880
1679546059743,1679546059887
1679546059725,1679546059956
1679546059717,1679546059960
1679546059515,1679546059992
1679546059811,1679546060047
1679546059963,1679546060098
1679546059887,1679546060135
1679546059869,1679546060200
1679546059946,1679546060209
1679546060112,1679546060366
1679546060127,1679546060366
1679546060089,1679546060381
1679546060401,1679546060495
1679546060206,1679546060527
1679546060308,1679546060559
1679546060561,1679546060836
1679546060702,1679546060937
1679546060799,1679546060977
1679546060836,1679546061037
1679546060917,1679546061039
1679546060808,1679546061063
1679546060896,1679546061173
1679546061025,1679546061254
1679546061101,1679546061311
1679546061181,1679546061316
1679546061073,1679546061327
1679546060815,1679546061328
1679546060961,1679546061350
1679546061041,1679546061359
1679546061173,1679546061401
1679546061264,1679546061402
1679546061468,1679546061660
1679546061379,1679546061689
1679546061512,1679546061728
1679546061593,1679546061773
1679546061626,1679546061806
1679546061781,1679546061969
1679546061827,1679546062028
1679546061896,1679546062076
1679546061978,1679546062200
1679546062057,1679546062263
1679546061935,1679546062276
1679546062234,1679546062441
1679546062173,1679546062451
1679546062207,1679546062470
1679546062381,1679546062539
1679546062085,1679546062544
1679546062453,1679546062592
1679546062396,1679546062777
1679546062495,1679546062794
1679546062636,1679546062865
1679546062747,1679546062897
1679546062648,1679546062916
1679546062765,1679546062947
1679546062670,1679546062988
1679546062902,1679546063041
1679546062655,1679546063052
1679546062781,1679546063137
1679546062924,1679546063182
1679546062936,1679546063277
1679546063086,1679546063299
1679546062938,1679546063316
1679546063013,1679546063339
1679546063080,1679546063348
1679546063187,1679546063466
1679546063188,1679546063558
1679546063228,1679546063588
1679546063377,1679546063643
1679546063503,1679546063681
1679546063779,1679546063883
1679546063618,1679546063898
1679546063681,1679546064038
1679546063885,1679546064058
1679546063808,1679546064105
1679546063825,1679546064124
1679546064031,1679546064192
1679546064064,1679546064266
1679546063902,1679546064315
1679546064121,1679546064372
1679546064057,1679546064402
1679546064150,1679546064493
1679546064284,1679546064501
1679546064259,1679546064550
1679546064269,1679546064577
1679546064304,1679546064597
1679546064345,1679546064598
1679546064458,1679546064602
1679546064248,1679546064737
1679546064632,1679546064837
1679546064645,1679546064914
1679546064689,1679546064943
1679546064680,1679546064984
1679546064753,1679546064989
1679546064769,1679546065015
1679546064967,1679546065099
1679546064891,1679546065100
1679546064953,1679546065254
1679546065165,1679546065368
1679546065102,1679546065378
1679546065168,1679546065384
1679546065292,1679546065464
1679546065413,1679546065600
1679546065367,1679546065644
1679546065529,1679546065691
1679546065514,1679546065727
1679546065516,1679546065836
1679546065788,1679546065995
1679546065827,1679546066019
1679546065940,1679546066081
1679546065796,1679546066096
1679546065813,1679546066132
1679546065901,1679546066135
1679546065905,1679546066157
1679546065949,1679546066186
1679546066041,1679546066323
1679546066160,1679546066378
1679546066215,1679546066427
1679546066268,1679546066443
1679546066159,1679546066462
1679546066260,1679546066481
1679546066356,1679546066517
1679546066351,1679546066564
1679546066295,1679546066632
1679546066405,1679546066636
1679546066566,1679546066748
1679546066498,1679546066823
1679546066591,1679546066851
1679546066723,1679546067057
1679546066923,1679546067089
1679546066861,1679546067112
1679546067020,1679546067342
1679546067210,1679546067372
1679546067259,1679546067448
1679546067392,1679546067491
1679546067405,1679546067575
1679546067380,1679546067576
1679546067502,1679546067709
1679546067392,1679546067718
1679546067429,1679546067754
1679546067626,1679546067765
1679546067580,1679546067774
1679546067494,1679546067808
1679546067333,1679546067825
1679546067540,1679546067870
1679546067643,1679546067965
1679546067749,1679546068013
1679546067655,1679546068117
1679546067870,1679546068117
1679546067841,1679546068117
1679546067904,1679546068141
1679546067904,1679546068160
1679546067949,1679546068314
1679546068350,1679546068586
1679546068366,1679546068636
1679546068520,1679546068669
1679546068498,1679546068675
1679546068456,1679546068789
1679546068628,1679546068823
1679546068728,1679546068839
1679546068729,1679546068921
1679546068701,1679546068933
1679546068765,1679546068995
1679546068773,1679546069024
1679546068783,1679546069084
1679546068893,1679546069114
1679546068923,1679546069126
1679546068965,1679546069155
1679546068868,1679546069170
1679546069027,1679546069240
1679546069076,1679546069286
1679546068964,1679546069300
1679546069057,1679546069325
1679546069213,1679546069386
1679546069262,1679546069570
1679546069429,1679546069587
1679546069438,1679546069637
1679546069389,1679546069664
1679546069481,1679546069810
1679546069702,1679546069880
1679546069821,1679546070008
1679546069755,1679546070087
1679546069850,1679546070112
1679546070008,1679546070211
1679546070064,1679546070237
1679546070105,1679546070254
1679546070043,1679546070295
1679546070146,1679546070312
1679546070033,1679546070325
1679546070141,1679546070469
1679546070326,1679546070594
1679546070312,1679546070603
1679546070205,1679546070664
1679546070486,1679546070683
1679546070450,1679546070699
1679546070331,1679546070710
1679546070661,1679546070872
1679546070603,1679546070910
1679546070699,1679546070911
1679546070808,1679546070973
1679546070747,1679546070990
1679546070777,1679546070994
1679546070909,1679546071115
1679546070978,1679546071134
1679546070908,1679546071172
1679546070968,1679546071177
1679546071133,1679546071329
1679546071125,1679546071416
1679546071145,1679546071441
1679546071105,1679546071471
1679546071115,1679546071487
1679546071277,1679546071488
1679546071294,1679546071508
1679546071321,1679546071636
1679546071427,1679546071641
1679546071429,1679546071645
1679546071563,1679546071781
1679546071576,1679546071805
1679546071639,1679546071854
1679546071638,1679546071858
1679546071617,1679546071907
1679546071829,1679546072018
1679546071850,1679546072076
1679546071849,1679546072140
1679546071972,1679546072175
1679546072073,1679546072207
1679546072081,1679546072282
1679546072074,1679546072341
1679546072203,1679546072387
1679546072081,1679546072408
1679546072194,1679546072408
1679546072377,1679546072552
1679546072528,1679546072640
1679546072436,1679546072648
1679546072450,1679546072663
1679546072552,1679546072694
1679546072515,1679546072751
1679546072538,1679546072827
1679546072473,1679546072837
1679546072637,1679546072941
1679546072775,1679546072981
1679546072804,1679546072993
1679546072900,1679546073065
1679546072864,1679546073123
1679546072869,1679546073180
1679546073076,1679546073235
1679546073170,1679546073289
1679546073163,1679546073410
1679546073246,1679546073410
1679546073260,1679546073455
1679546073230,1679546073458
1679546073135,1679546073507
1679546073155,1679546073528
1679546073447,1679546073643
1679546073472,1679546073733
1679546073542,1679546073739
1679546073557,1679546073740
1679546073364,1679546073852
1679546073521,1679546073884
1679546073770,1679546073902
1679546073679,1679546073929
1679546073693,1679546073985
1679546073730,1679546074016
1679546073835,1679546074057
1679546073816,1679546074142
1679546073998,1679546074235
1679546074186,1679546074353
1679546074225,1679546074367
1679546074089,1679546074367
1679546074231,1679546074457
1679546074208,1679546074536
1679546074089,1679546074635
1679546074290,1679546074652
1679546074412,1679546074681
1679546074555,1679546074697
1679546074570,1679546074779
1679546074552,1679546074796
1679546074566,1679546074850
1679546074791,1679546074965
1679546074777,1679546075003
1679546074690,1679546075005
1679546074844,1679546075022
1679546074854,1679546075097
1679546074922,1679546075183
1679546075016,1679546075201
1679546075075,1679546075274
1679546075215,1679546075457
1679546075238,1679546075469
1679546075287,1679546075474
1679546075307,1679546075513
1679546075549,1679546075720
1679546075507,1679546075744
1679546075500,1679546075829
1679546075449,1679546075879
1679546075774,1679546075949
1679546075877,1679546076019
1679546075949,1679546076100
1679546075945,1679546076148
1679546075858,1679546076297
1679546076008,1679546076298
1679546076079,1679546076299
1679546076101,1679546076339
1679546076171,1679546076360
1679546075982,1679546076362
1679546076138,1679546076383
1679546076245,1679546076411
1679546076313,1679546076457
1679546076218,1679546076595
1679546076340,1679546076688
1679546076554,1679546076757
1679546076354,1679546076775
1679546076616,1679546076792
1679546076728,1679546076871
1679546076617,1679546076881
1679546076693,1679546076956
1679546076821,1679546077013
1679546076968,1679546077125
1679546076901,1679546077190
1679546076858,1679546077211
1679546077084,1679546077242
1679546077088,1679546077344
1679546077121,1679546077345
1679546077206,1679546077396
1679546077185,1679546077398
1679546077192,1679546077421
1679546077293,1679546077641
1679546077561,1679546077679
1679546077388,1679546077724
1679546077554,1679546077785
1679546077685,1679546077888
1679546077801,1679546077915
1679546077765,1679546077930
1679546077495,1679546077948
1679546077831,1679546077978
1679546077820,1679546077982
1679546077853,1679546078093
1679546077895,1679546078163
1679546078069,1679546078262
1679546078084,1679546078289
1679546078061,1679546078301
1679546078216,1679546078400
1679546078277,1679546078485
1679546078298,1679546078508
1679546078368,1679546078517
1679546078275,1679546078600
1679546078409,1679546078614
1679546078465,1679546078659
1679546078533,1679546078786
1679546078464,1679546078805
1679546078656,1679546078822
1679546078869,1679546078996
1679546078853,1679546079052
1679546078704,1679546079070
1679546078742,1679546079117
1679546078971,1679546079140
1679546079016,1679546079271
1679546079000,1679546079290
1679546079105,1679546079341
1679546079226,1679546079422
1679546079283,1679546079451
1679546079037,1679546079469
1679546079248,1679546079594
1679546079394,1679546079640
1679546079466,1679546079723
1679546079552,1679546079772
1679546079589,1679546079784
1679546079527,1679546079833
1679546079521,1679546079836
1679546079577,1679546079838
1679546079649,1679546079854
1679546079581,1679546079875
1679546079779,1679546079981
1679546079836,1679546080023
1679546079689,1679546080112
1679546079883,1679546080131
1679546080049,1679546080221
1679546080126,1679546080353
1679546080192,1679546080356
1679546080017,1679546080360
1679546080095,1679546080387
1679546080171,1679546080398
1679546080214,1679546080400
1679546080293,1679546080582
1679546080451,1679546080658
1679546080523,1679546080702
1679546080480,1679546080708
1679546080538,1679546080872
1679546080618,1679546080888
1679546080522,1679546080929
1679546080673,1679546080934
1679546080697,1679546080936
1679546080661,1679546080966
1679546080686,1679546080997
1679546080667,1679546081025
1679546080944,1679546081165
1679546081051,1679546081297
1679546081151,1679546081324
1679546081352,1679546081464
1679546081369,1679546081553
1679546081259,1679546081567
1679546081315,1679546081598
1679546081278,1679546081601
1679546081460,1679546081723
1679546081637,1679546081806
1679546081545,1679546081813
1679546081568,1679546081830
1679546081689,1679546081899
1679546081671,1679546082018
1679546081652,1679546082082
1679546081652,1679546082091
1679546081772,1679546082120
1679546081914,1679546082141
1679546081971,1679546082166
1679546081950,1679546082167
1679546081900,1679546082173
1679546081825,1679546082244
1679546082033,1679546082254
1679546082061,1679546082293
1679546082145,1679546082362
1679546082261,1679546082421
1679546082265,1679546082501
1679546082372,1679546082583
1679546082276,1679546082599
1679546082363,1679546082602
1679546082396,1679546082646
1679546082442,1679546082827
1679546082651,1679546082839
1679546082737,1679546082915
1679546082669,1679546082940
1679546082800,1679546082972
1679546082935,1679546083141
1679546082928,1679546083149
1679546082965,1679546083163
1679546083005,1679546083180
1679546083173,1679546083401
1679546083231,1679546083402
1679546083058,1679546083467
1679546083338,1679546083471
1679546083349,1679546083532
1679546083296,1679546083627
1679546083232,1679546083664
1679546083465,1679546083696
1679546083469,1679546083703
1679546083549,1679546083719
1679546083571,1679546083745
1679546083533,1679546083768
1679546083493,1679546083883
1679546083678,1679546083952
1679546083640,1679546084004
1679546083793,1679546084039
1679546083802,1679546084043
1679546083841,1679546084059
1679546083932,1679546084129
1679546083791,1679546084135
1679546083933,1679546084302
1679546084084,1679546084354
1679546084191,1679546084459
1679546084228,1679546084493
1679546084287,1679546084494
1679546084225,1679546084505
1679546084244,1679546084551
1679546084515,1679546084724
1679546084379,1679546084739
1679546084573,1679546084745
1679546084535,1679546084801
1679546084692,1679546084858
1679546084615,1679546084861
1679546084656,1679546084934
1679546084934,1679546085089
1679546084997,1679546085136
1679546085035,1679546085160
1679546084892,1679546085239
1679546085010,1679546085261
1679546085281,1679546085407
1679546085055,1679546085409
1679546085143,1679546085477
1679546085335,1679546085483
1679546085276,1679546085494
1679546085204,1679546085506
1679546085314,1679546085680
1679546085348,1679546085688
1679546085597,1679546085770
1679546085515,1679546085780
1679546085651,1679546085826
1679546085580,1679546085883
1679546085611,1679546085917
1679546085660,1679546085968
1679546085802,1679546086111
1679546086082,1679546086192
1679546085943,1679546086240
1679546086171,1679546086319
1679546086089,1679546086410
1679546086243,1679546086431
1679546086235,1679546086499
1679546086333,1679546086500
1679546086301,1679546086545
1679546086234,1679546086555
1679546086316,1679546086608
1679546086560,1679546086669
1679546086488,1679546086759
1679546086594,1679546086792
1679546086560,1679546086819
1679546086573,1679546086855
1679546086580,1679546086890
1679546086705,1679546086919
1679546086665,1679546086919
1679546086845,1679546087000
1679546086848,1679546087049
1679546086969,1679546087083
1679546086969,1679546087149
1679546086837,1679546087150
1679546086877,1679546087221
1679546087080,1679546087248
1679546087056,1679546087325
1679546087171,1679546087467
1679546087187,1679546087536
1679546087394,1679546087564
1679546087338,1679546087578
1679546087493,1679546087623
1679546087415,1679546087661
1679546087567,1679546087740
1679546087609,1679546087844
1679546087657,1679546087987
1679546087814,1679546087988
1679546087770,1679546087993
1679546087737,1679546087996
1679546087714,1679546088051
1679546087884,1679546088137
1679546088013,1679546088178
1679546087931,1679546088191
1679546087975,1679546088216
1679546088114,1679546088324
1679546088244,1679546088399
1679546088285,1679546088411
1679546088218,1679546088420
1679546088213,1679546088513
1679546088353,1679546088537
1679546088325,1679546088578
1679546088394,1679546088616
1679546088442,1679546088616
1679546088682,1679546088882
1679546088674,1679546088890
1679546088715,1679546088904
1679546088796,1679546089039
1679546088880,1679546089118
1679546088912,1679546089147
1679546088874,1679546089166
1679546089011,1679546089196
1679546088953,1679546089239
1679546088900,1679546089270
1679546089052,1679546089356
1679546089127,1679546089406
1679546088977,1679546089439
1679546089298,1679546089484
1679546089383,1679546089545
1679546089412,1679546089600
1679546089309,1679546089643
1679546089445,1679546089668
1679546089449,1679546089674
1679546089590,1679546089804
1679546089482,1679546089828
1679546089619,1679546089860
1679546089745,1679546089968
1679546089728,1679546089988
1679546089819,1679546089991
1679546089654,1679546090077
1679546089949,1679546090139
1679546089817,1679546090189
1679546090069,1679546090279
1679546089803,1679546090281
1679546089943,1679546090323
1679546090183,1679546090442
1679546090168,1679546090472
1679546090188,1679546090478
1679546090272,1679546090581
1679546090306,1679546090594
1679546090483,1679546090648
1679546090424,1679546090684
1679546090400,1679546090731
1679546090550,1679546090805
1679546090458,1679546090883
1679546090729,1679546090919
1679546090806,1679546091003
1679546090768,1679546091062
1679546090669,1679546091102
1679546090957,1679546091111
1679546090910,1679546091121
1679546090973,1679546091188
1679546091025,1679546091197
1679546090788,1679546091235
1679546091185,1679546091321
1679546091129,1679546091338
1679546091096,1679546091421
1679546091275,1679546091440
1679546091233,1679546091532
1679546091349,1679546091619
1679546091499,1679546091624
1679546091573,1679546091766
1679546091649,1679546091829
1679546091528,1679546091878
1679546091600,1679546091925
1679546091711,1679546091958
1679546091613,1679546092016
1679546091758,1679546092021
1679546091677,1679546092025
1679546091770,1679546092076
1679546091836,1679546092093
1679546092044,1679546092268
1679546092053,1679546092292
1679546092240,1679546092426
1679546092244,1679546092457
1679546092335,1679546092519
1679546092362,1679546092548
1679546092353,1679546092677
1679546092547,1679546092766
1679546092447,1679546092786
1679546092593,1679546092860
1679546092765,1679546093005
1679546092731,1679546093013
1679546092764,1679546093050
1679546092876,1679546093050
1679546092765,1679546093117
1679546092944,1679546093145
1679546092797,1679546093156
1679546092914,1679546093237
1679546093019,1679546093294
1679546093042,1679546093312
1679546093131,1679546093354
1679546093221,1679546093450
1679546093199,1679546093452
1679546093344,1679546093534
1679546093242,1679546093546
1679546093340,1679546093606
1679546093397,1679546093658
1679546093468,1679546093697
1679546093496,1679546093758
1679546093620,1679546093772
1679546093577,1679546093815
1679546093580,1679546093882
1679546093380,1679546093883
1679546093740,1679546094012
1679546093856,1679546094042
1679546093862,1679546094134
1679546093995,1679546094162
1679546093987,1679546094196
1679546094098,1679546094242
1679546094161,1679546094400
1679546094273,1679546094419
1679546094241,1679546094439
1679546094211,1679546094480
1679546094520,1679546094637
1679546094551,1679546094834
1679546094698,1679546094851
1679546094603,1679546094853
1679546094637,1679546094884
1679546094637,1679546094924
1679546094844,1679546094991
1679546094854,1679546095022
1679546094739,1679546095022
1679546094911,1679546095155
1679546095038,1679546095269
1679546095149,1679546095333
1679546095026,1679546095340
1679546095113,1679546095393
1679546095197,1679546095482
1679546095261,1679546095528
1679546095402,1679546095548
1679546095271,1679546095586
1679546095407,1679546095651
1679546095401,1679546095688
1679546095470,1679546095742
1679546095546,1679546095787
1679546095618,1679546095878
1679546095745,1679546095948
1679546095767,1679546096003
1679546095803,1679546096011
1679546095787,1679546096063
1679546095818,1679546096114
1679546095841,1679546096159
1679546095994,1679546096197
1679546096040,1679546096315
1679546096029,1679546096329
1679546096071,1679546096419
1679546096376,1679546096485
1679546096336,1679546096512
1679546096456,1679546096592
1679546096286,1679546096607
1679546096389,1679546096643
1679546096307,1679546096649
1679546096449,1679546096749
1679546096671,1679546096872
1679546096529,1679546096915
1679546096792,1679546096925
1679546096839,1679546097021
1679546096981,1679546097136
1679546096889,1679546097146
1679546096905,1679546097162
1679546096919,1679546097199
1679546097075,1679546097268
1679546097069,1679546097305
1679546097076,1679546097331
1679546097161,1679546097366
1679546097023,1679546097431
1679546097243,1679546097463
1679546097296,1679546097537
1679546097383,1679546097562
1679546097469,1679546097661
1679546097384,1679546097747
1679546097573,1679546097788
1679546097517,1679546097832
1679546097777,1679546097932
1679546097777,1679546097932
1679546097786,1679546097975
1679546097764,1679546097989
1679546097824,1679546098088
1679546097943,1679546098146
1679546097959,1679546098155
1679546098027,1679546098223
1679546098078,1679546098277
1679546098096,1679546098422
1679546098244,1679546098450
1679546098240,1679546098461
1679546098325,1679546098542
1679546098352,1679546098544
1679546098248,1679546098552
1679546098284,1679546098622
1679546098473,1679546098688
1679546098528,1679546098710
1679546098504,1679546098821
1679546098783,1679546099003
1679546098712,1679546099012
1679546098836,1679546099018
1679546098876,1679546099078
1679546098827,1679546099166
1679546099124,1679546099280
1679546099085,1679546099312
1679546099174,1679546099334
1679546099157,1679546099433
1679546099254,1679546099436
1679546099231,1679546099436
1679546099292,1679546099484
1679546099245,1679546099572
1679546099405,1679546099784
1679546099616,1679546099792
1679546099619,1679546099808
1679546099529,1679546099881
1679546099460,1679546099892
1679546099681,1679546099913
1679546099693,1679546099964
1679546099886,1679546100066
1679546099816,1679546100067
1679546099867,1679546100087
1679546099984,1679546100153
1679546099948,1679546100197
1679546099973,1679546100198
1679546100171,1679546100326
1679546100158,1679546100368
1679546100262,1679546100406
1679546100221,1679546100466
1679546100297,1679546100478
1679546100337,1679546100507
1679546100391,1679546100660
1679546100373,1679546100671
1679546100473,1679546100673
1679546100785,1679546100909
1679546100623,1679546100930
1679546100841,1679546100963
1679546100705,1679546100966
1679546100919,1679546101033
1679546100735,1679546101057
1679546100861,1679546101057
1679546100861,1679546101064
1679546100881,1679546101255
1679546101108,1679546101280
1679546101200,1679546101374
1679546101209,1679546101462
1679546101298,1679546101535
1679546101338,1679546101572
1679546101282,1679546101580
1679546101386,1679546101582
1679546101366,1679546101638
1679546101625,1679546101747
1679546101618,1679546101809
1679546101604,1679546101876
1679546101514,1679546101897
1679546101705,1679546101902
1679546101561,1679546102039
1679546101925,1679546102069
1679546101953,1679546102093
1679546101876,1679546102105
1679546101929,1679546102157
1679546101777,1679546102169
1679546101929,1679546102187
1679546102158,1679546102429
1679546102302,1679546102497
1679546102240,1679546102504
1679546102442,1679546102537
1679546102441,1679546102555
1679546102356,1679546102595
1679546102352,1679546102613
1679546102549,1679546102657
1679546102469,1679546102785
1679546102633,1679546102804
1679546102678,1679546102824
1679546102643,1679546102904
1679546102731,1679546102984
1679546102665,1679546102986
1679546102734,1679546102986
1679546102823,1679546103081
1679546102917,1679546103165
1679546102887,1679546103176
1679546102941,1679546103237
1679546103183,1679546103344
1679546103115,1679546103399
1679546103276,1679546103492
1679546103268,1679546103494
1679546103313,1679546103572
1679546103461,1679546103675
1679546103597,1679546103739
1679546103564,1679546103753
1679546103732,1679546103863
1679546103621,1679546103879
1679546103475,1679546103923
1679546103758,1679546103971
1679546103721,1679546103999
1679546103609,1679546104033
1679546103759,1679546104033
1679546103696,1679546104047
1679546104044,1679546104166
1679546103825,1679546104187
1679546104083,1679546104296
1679546104121,1679546104325
1679546104244,1679546104525
1679546104322,1679546104544
1679546104358,1679546104556
1679546103981,1679546104614
1679546104324,1679546104616
1679546104513,1679546104617
1679546104380,1679546104661
1679546104472,1679546104669
1679546104501,1679546104715
1679546104536,1679546104823
1679546104543,1679546104924
1679546104505,1679546104933
1679546104753,1679546104935
1679546104811,1679546104981
1679546104841,1679546105117
1679546104989,1679546105253
1679546105083,1679546105314
1679546105065,1679546105369
1679546105266,1679546105448
1679546105216,1679546105469
1679546105219,1679546105499
1679546105239,1679546105541
1679546105358,1679546105553
1679546105409,1679546105589
1679546105409,1679546105654
1679546105685,1679546105861
1679546105579,1679546105867
1679546105640,1679546105883
1679546105619,1679546105883
1679546105570,1679546105897
1679546105624,1679546105907
1679546105705,1679546105944
1679546105685,1679546105948
1679546105715,1679546105962
1679546105917,1679546106152
1679546105951,1679546106229
1679546105878,1679546106240
1679546105973,1679546106267
1679546106015,1679546106298
1679546106251,1679546106379
1679546106329,1679546106552
1679546106353,1679546106560
1679546106457,1679546106603
1679546106278,1679546106614
1679546106343,1679546106655
1679546106469,1679546106703
1679546106623,1679546106750
1679546106436,1679546106811
1679546106741,1679546106864
1679546106744,1679546106912
1679546106810,1679546107063
1679546106956,1679546107102
1679546106871,1679546107144
1679546106959,1679546107147
1679546106976,1679546107238
1679546107076,1679546107391
1679546107073,1679546107399
1679546107308,1679546107419
1679546107309,1679546107440
1679546107292,1679546107493
1679546107295,1679546107543
1679546107413,1679546107702
1679546107483,1679546107772
1679546107492,1679546107776
1679546107308,1679546107810
1679546107673,1679546107857
1679546107627,1679546107872
1679546107519,1679546107900
1679546107657,1679546107938
1679546107936,1679546108076
1679546107793,1679546108089
1679546107926,1679546108155
1679546108008,1679546108220
1679546108038,1679546108293
1679546108160,1679546108313
1679546108093,1679546108370
1679546108175,1679546108449
1679546108240,1679546108480
1679546108330,1679546108511
1679546108398,1679546108545
1679546108354,1679546108582
1679546108433,1679546108626
1679546108332,1679546108651
1679546108539,1679546108736
1679546108591,1679546108856
1679546108751,1679546108931
1679546108751,1679546108964
1679546108668,1679546108978
1679546108849,1679546108993
1679546108887,1679546109144
1679546109061,1679546109211
1679546109032,1679546109226
1679546109084,1679546109250
1679546109151,1679546109384
1679546109213,1679546109450
1679546109317,1679546109461
1679546109305,1679546109490
1679546109301,1679546109596
1679546109353,1679546109691
1679546109410,1679546109707
1679546109237,1679546109719
1679546109400,1679546109789
1679546109764,1679546109924
1679546109609,1679546109968
1679546109861,1679546110113
1679546109820,1679546110123
1679546109962,1679546110136
1679546109919,1679546110170
1679546110085,1679546110224
1679546109944,1679546110251
1679546110151,1679546110279
1679546109981,1679546110300
1679546110224,1679546110449
1679546110257,1679546110467
1679546110204,1679546110477
1679546110309,1679546110516
1679546110244,1679546110528
1679546110285,1679546110581
1679546110413,1679546110655
1679546110389,1679546110849
1679546110662,1679546110881
1679546110764,1679546110909
1679546110707,1679546110959
1679546110744,1679546110970
1679546110813,1679546110970
1679546110787,1679546111003
1679546110865,1679546111131
1679546110702,1679546111133
1679546111008,1679546111286
1679546111140,1679546111310
1679546111133,1679546111417
1679546111242,1679546111432
1679546111267,1679546111519
1679546111381,1679546111565
1679546111522,1679546111716
1679546111433,1679546111815
1679546111564,1679546111836
1679546111723,1679546111854
1679546111707,1679546111872
1679546111799,1679546111971
1679546111880,1679546112056
1679546111877,1679546112105
1679546111781,1679546112180
1679546111885,1679546112196
1679546111816,1679546112229
1679546111991,1679546112281
1679546112032,1679546112297
1679546112017,1679546112298
1679546112109,1679546112372
1679546112284,1679546112415
1679546112093,1679546112455
1679546112012,1679546112456
1679546112277,1679546112466
1679546112238,1679546112513
1679546112401,1679546112682
1679546112491,1679546112699
1679546112276,1679546112858
1679546112773,1679546112916
1679546112692,1679546112941
1679546112868,1679546113027
1679546112783,1679546113057
1679546113017,1679546113299
1679546113072,1679546113355
1679546113092,1679546113373
1679546113119,1679546113382
1679546113093,1679546113391
1679546113177,1679546113431
1679546113208,1679546113458
1679546113261,1679546113499
1679546113324,1679546113607
1679546113336,1679546113679
1679546113449,1679546113684
1679546113553,1679546113690
1679546113352,1679546113698
1679546113525,1679546113851
1679546113615,1679546113893
1679546113647,1679546113898
1679546113774,1679546113939
1679546113807,1679546114000
1679546113846,1679546114020
1679546113753,1679546114069
1679546113700,1679546114088
1679546113849,1679546114102
1679546114051,1679546114260
1679546113985,1679546114299
1679546114276,1679546114428
1679546114354,1679546114542
1679546114305,1679546114559
1679546114251,1679546114604
1679546114430,1679546114619
1679546114577,1679546114736
1679546114571,1679546114804
1679546114657,1679546114804
1679546114565,1679546114896
1679546114689,1679546114902
1679546114701,1679546114937
1679546114816,1679546114967
1679546114857,1679546115060
1679546114714,1679546115064
1679546114983,1679546115208
1679546114981,1679546115219
1679546114988,1679546115235
1679546114976,1679546115257
1679546115061,1679546115281
1679546115109,1679546115372
1679546115170,1679546115390
1679546115159,1679546115476
1679546115332,1679546115485
1679546115360,1679546115535
1679546115160,1679546115535
1679546115459,1679546115676
1679546115589,1679546115769
1679546115681,1679546115815
1679546115544,1679546115818
1679546115545,1679546115824
1679546115609,1679546115841
1679546115745,1679546115972
1679546115673,1679546115981
1679546115642,1679546115984
1679546115968,1679546116221
1679546115996,1679546116286
1679546116109,1679546116346
1679546116068,1679546116355
1679546116034,1679546116360
1679546116136,1679546116401
1679546116273,1679546116495
1679546116331,1679546116504
1679546116322,1679546116523
1679546116374,1679546116565
1679546116344,1679546116683
1679546116430,1679546116720
1679546116408,1679546116766
1679546116593,1679546116797
1679546116716,1679546116831
1679546116617,1679546116841
1679546116543,1679546116899
1679546116525,1679546116925
1679546116768,1679546116938
1679546116762,1679546117001
1679546116801,1679546117083
1679546116965,1679546117181
1679546116915,1679546117223
1679546117065,1679546117296
1679546117119,1679546117351
1679546116982,1679546117365
1679546117064,1679546117367
1679546117139,1679546117450
1679546117265,1679546117468
1679546117291,1679546117781
1679546117584,1679546117786
1679546117497,1679546117806
1679546117799,1679546118001
1679546117816,1679546118011
1679546117839,1679546118041
1679546117660,1679546118070
1679546117895,1679546118131
1679546117903,1679546118205
1679546117969,1679546118207
1679546118068,1679546118254
1679546117990,1679546118307
1679546118107,1679546118328
1679546118178,1679546118377
1679546118023,1679546118388
1679546118188,1679546118465
1679546118172,1679546118493
1679546118340,1679546118504
1679546118345,1679546118554
1679546118137,1679546118566
1679546118369,1679546118593
1679546118448,1679546118623
1679546118304,1679546118809
1679546118690,1679546118906
1679546118648,1679546118958
1679546118639,1679546118963
1679546118925,1679546119238
1679546118784,1679546119251
1679546119090,1679546119302
1679546119076,1679546119303
1679546118999,1679546119333
1679546119164,1679546119342
1679546119459,1679546119570
1679546119457,1679546119673
1679546119489,1679546119680
1679546119489,1679546119719
1679546119498,1679546119727
1679546119428,1679546119747
1679546119601,1679546119760
1679546119692,1679546119802
1679546119557,1679546119816
1679546119620,1679546119832
1679546119688,1679546119852
1679546119651,1679546119941
1679546119673,1679546119972
1679546119797,1679546120085
1679546120067,1679546120310
1679546120012,1679546120315
1679546119997,1679546120322
1679546120147,1679546120377
1679546120364,1679546120554
1679546120428,1679546120684
1679546120513,1679546120708
1679546120383,1679546120716
1679546120351,1679546120745
1679546120488,1679546120790
1679546120569,1679546120867
1679546120723,1679546120874
1679546120725,1679546120923
1679546120785,1679546120987
1679546120763,1679546120996
1679546120827,1679546121023
1679546120865,1679546121215
1679546120917,1679546121230
1679546120928,1679546121230
1679546120887,1679546121264
1679546120944,1679546121266
1679546120949,1679546121420
1679546121265,1679546121458
1679546121448,1679546121628
1679546121534,1679546121724
1679546121397,1679546121744
1679546121381,1679546121759
1679546121450,1679546121835
1679546121599,1679546121856
1679546121667,1679546121912
1679546121715,1679546121946
1679546121896,1679546122026
1679546121538,1679546122038
1679546121561,1679546122048
1679546122060,1679546122224
1679546121945,1679546122338
1679546122205,1679546122427
1679546122296,1679546122439
1679546122292,1679546122505
1679546122257,1679546122571
1679546122425,1679546122586
1679546122426,1679546122654
1679546122419,1679546122691
1679546122525,1679546122714
1679546122489,1679546122734
1679546122468,1679546122816
1679546122564,1679546122845
1679546122571,1679546122885
1679546122666,1679546122953
1679546122740,1679546122964
1679546122691,1679546122981
1679546122842,1679546123035
1679546123045,1679546123290
1679546123167,1679546123350
1679546123173,1679546123491
1679546123295,1679546123659
1679546123334,1679546123692
1679546123549,1679546123725
1679546123441,1679546123827
1679546123605,1679546123847
1679546123669,1679546123861
1679546123670,1679546123879
1679546123640,1679546123926
1679546123693,1679546123952
1679546123870,1679546124015
1679546123823,1679546124025
1679546123729,1679546124031
1679546123733,1679546124037
1679546123882,1679546124129
1679546123980,1679546124165
1679546124065,1679546124352
1679546124178,1679546124445
1679546124332,1679546124525
1679546124209,1679546124577
1679546124365,1679546124582
1679546124383,1679546124585
1679546124402,1679546124691
1679546124371,1679546124796
1679546124490,1679546124845
1679546124570,1679546124847
1679546124613,1679546124859
1679546124737,1679546124913
1679546124640,1679546124922
1679546124829,1679546125108
1679546125042,1679546125219
1679546124999,1679546125276
1679546125059,1679546125348
1679546125076,1679546125356
1679546125146,1679546125415
1679546125191,1679546125426
1679546125201,1679546125431
1679546125125,1679546125435
1679546125390,1679546125522
1679546125409,1679546125576
1679546125157,1679546125597
1679546125361,1679546125634
1679546125397,1679546125636
1679546125418,1679546125690
1679546125444,1679546125804
1679546125537,1679546125870
1679546125813,1679546125972
1679546125661,1679546126015
1679546125641,1679546126076
1679546125930,1679546126105
1679546126100,1679546126290
1679546125927,1679546126316
1679546126140,1679546126356
1679546126055,1679546126414
1679546126216,1679546126467
1679546126421,1679546126576
1679546126339,1679546126637
1679546126409,1679546126726
1679546126297,1679546126760
1679546126533,1679546126792
1679546126389,1679546126800
1679546126719,1679546126899
1679546126666,1679546126919
1679546126779,1679546126945
1679546126793,1679546127080
1679546126776,1679546127102
1679546126694,1679546127134
1679546126868,1679546127193
1679546126978,1679546127231
1679546126937,1679546127232
1679546127249,1679546127401
1679546127076,1679546127421
1679546127255,1679546127439
1679546127434,1679546127611
1679546127409,1679546127613
1679546127319,1679546127649
1679546127435,1679546127687
1679546127468,1679546127701
1679546127532,1679546127849
1679546127704,1679546127910
1679546127617,1679546127978
1679546127814,1679546128014
1679546127714,1679546128023
1679546128031,1679546128148
1679546128018,1679546128173
1679546128147,1679546128327
1679546128122,1679546128351
1679546128140,1679546128362
1679546128216,1679546128419
1679546128147,1679546128459
1679546128303,1679546128469
1679546128288,1679546128518
1679546128242,1679546128536
1679546128425,1679546128646
1679546128339,1679546128658
1679546128508,1679546128718
1679546128580,1679546128735
1679546128492,1679546128778
1679546128633,1679546128827
1679546128629,1679546128860
1679546128725,1679546128993
1679546128757,1679546129007
1679546128920,1679546129122
1679546128666,1679546129174
1679546128940,1679546129217
1679546128953,1679546129241
1679546129074,1679546129283
1679546128910,1679546129293
1679546129124,1679546129299
1679546129093,1679546129361
1679546129434,1679546129625
1679546129509,1679546129683
1679546129311,1679546129685
1679546129284,1679546129746
1679546129536,1679546129749
1679546129542,1679546129816
1679546129759,1679546129941
1679546129677,1679546129986
1679546129797,1679546130024
1679546129867,1679546130040
1679546129902,1679546130076
1679546130012,1679546130244
1679546130103,1679546130270
1679546130047,1679546130328
1679546130205,1679546130364
1679546130214,1679546130365
1679546130151,1679546130385
1679546130140,1679546130398
1679546130111,1679546130411
1679546130370,1679546130571
1679546130471,1679546130707
1679546130593,1679546130779
1679546130648,1679546130803
1679546130323,1679546130852
1679546130672,1679546130898
1679546130580,1679546130901
1679546130722,1679546130961
1679546130516,1679546131017
1679546130933,1679546131067
1679546130731,1679546131126
1679546131019,1679546131166
1679546130813,1679546131227
1679546130968,1679546131257
1679546130925,1679546131332
1679546131213,1679546131372
1679546131290,1679546131449
1679546131449,1679546131591
1679546131263,1679546131603
1679546131454,1679546131666
1679546131433,1679546131673
1679546131584,1679546131759
1679546131525,1679546131760
1679546131475,1679546131812
1679546131601,1679546131816
1679546131604,1679546131850
1679546131632,1679546131899
1679546131498,1679546131916
1679546131676,1679546131927
1679546131847,1679546132084
1679546131992,1679546132159
1679546131908,1679546132193
1679546132106,1679546132299
1679546132280,1679546132454
1679546132224,1679546132454
1679546132293,1679546132467
1679546132301,1679546132571
1679546132280,1679546132624
1679546132220,1679546132656
1679546132430,1679546132656
1679546132337,1679546132662
1679546132414,1679546132697
1679546132582,1679546132782
1679546132566,1679546132840
1679546132631,1679546132852
1679546132753,1679546132866
1679546132830,1679546132946
1679546132834,1679546133084
1679546132976,1679546133165
1679546133067,1679546133229
1679546133082,1679546133284
1679546133140,1679546133322
1679546133095,1679546133382
1679546132982,1679546133435
1679546133198,1679546133492
1679546133152,1679546133495
1679546133185,1679546133523
1679546133423,1679546133672
1679546133620,1679546133833
1679546133660,1679546133835
1679546133630,1679546133858
1679546133785,1679546133931
1679546133674,1679546133934
1679546133859,1679546134047
1679546133456,1679546134102
1679546133804,1679546134110
1679546133945,1679546134112
1679546133849,1679546134127
1679546134077,1679546134228
1679546133829,1679546134233
1679546133986,1679546134330
1679546134304,1679546134510
1679546134337,1679546134594
1679546134473,1679546134738
1679546134504,1679546134746
1679546134553,1679546134765
1679546134530,1679546134777
1679546134599,1679546134792
1679546134366,1679546134798
1679546134644,1679546134822
1679546134601,1679546134919
1679546134663,1679546134986
1679546134641,1679546135020
1679546134808,1679546135037
1679546134878,1679546135056
1679546134951,1679546135124
1679546134918,1679546135183
1679546135088,1679546135260
1679546134951,1679546135323
1679546135142,1679546135362
1679546135133,1679546135386
1679546135245,1679546135433
1679546135142,1679546135453
1679546135313,1679546135546
1679546135650,1679546135796
1679546135511,1679546135812
1679546135605,1679546135875
1679546135781,1679546135964
1679546135686,1679546135973
1679546135778,1679546135980
1679546135953,1679546136166
1679546136057,1679546136224
1679546135956,1679546136291
1679546136114,1679546136393
1679546136228,1679546136436
1679546136152,1679546136459
1679546135960,1679546136462
1679546136220,1679546136512
1679546136345,1679546136523
1679546136206,1679546136565
1679546136417,1679546136591
1679546136243,1679546136597
1679546136241,1679546136608
1679546136369,1679546136608
1679546136509,1679546136838
1679546136704,1679546136910
1679546136380,1679546136985
1679546136621,1679546137001
1679546136801,1679546137019
1679546136858,1679546137085
1679546136856,1679546137110
1679546136874,1679546137116
1679546136916,1679546137152
1679546136934,1679546137153
1679546136981,1679546137211
1679546137033,1679546137265
1679546137071,1679546137267
1679546137096,1679546137314
1679546137372,1679546137523
1679546137258,1679546137610
1679546137475,1679546137627
1679546137568,1679546137714
1679546137519,1679546137806
1679546137641,1679546137850
1679546137722,1679546137979
1679546137785,1679546137999
1679546137865,1679546138007
1679546137931,1679546138115
1679546138022,1679546138169
1679546138022,1679546138189
1679546137954,1679546138237
1679546137809,1679546138244
1679546138020,1679546138258
1679546138093,1679546138312
1679546138263,1679546138486
1679546138231,1679546138501
1679546138215,1679546138504
1679546138350,1679546138593
1679546138247,1679546138606
1679546138272,1679546138684
1679546138619,1679546138735
1679546138457,1679546138770
1679546138603,1679546138771
1679546138548,1679546138833
1679546138422,1679546138842
1679546138747,1679546139028
1679546138905,1679546139083
1679546138880,1679546139161
1679546139008,1679546139204
1679546138740,1679546139205
1679546139037,1679546139221
1679546139141,1679546139291
1679546139009,1679546139318
1679546139189,1679546139381
1679546139164,1679546139587
1679546139396,1679546139695
1679546139511,1679546139748
1679546139605,1679546139852
1679546139395,1679546139856
1679546139562,1679546139878
1679546139738,1679546139885
1679546139627,1679546139911
1679546139675,1679546139939
1679546139732,1679546139949
1679546139740,1679546140010
1679546139820,1679546140048
1679546139788,1679546140070
1679546139830,1679546140079
1679546139861,1679546140143
1679546140020,1679546140186
1679546140059,1679546140235
1679546140103,1679546140366
1679546140072,1679546140376
1679546140119,1679546140395
1679546140240,1679546140402
1679546140177,1679546140419
1679546140171,1679546140513
1679546140316,1679546140530
1679546140439,1679546140626
1679546140585,1679546140836
1679546140736,1679546140916
1679546140732,1679546140955
1679546140844,1679546141063
1679546140981,1679546141169
1679546140974,1679546141235
1679546141113,1679546141260
1679546141209,1679546141385
1679546141202,1679546141416
1679546141209,1679546141440
1679546141337,1679546141475
1679546141043,1679546141492
1679546141178,1679546141493
1679546141312,1679546141640
1679546141323,1679546141664
1679546141397,1679546141704
1679546141375,1679546141724
1679546141447,1679546141744
1679546141421,1679546141767
1679546141469,1679546141852
1679546141649,1679546141852
1679546141652,1679546141976
1679546141812,1679546142002
1679546141868,1679546142047
1679546141884,1679546142064
1679546142069,1679546142249
1679546141808,1679546142348
1679546142207,1679546142441
1679546142160,1679546142457
1679546142265,1679546142498
1679546142263,1679546142528
1679546142359,1679546142587
1679546142241,1679546142595
1679546142301,1679546142604
1679546142499,1679546142650
1679546142496,1679546142751
1679546142483,1679546142765
1679546142590,1679546142820
1679546142610,1679546142855
1679546142713,1679546142946
1679546142707,1679546143011
1679546142812,1679546143033
1679546142829,1679546143058
1679546142790,1679546143129
1679546143009,1679546143202
1679546143009,1679546143252
1679546143009,1679546143272
1679546143081,1679546143297
1679546143168,1679546143349
1679546143181,1679546143441
1679546143303,1679546143442
1679546143219,1679546143466
1679546143220,1679546143491
1679546143179,1679546143509
1679546143309,1679546143558
1679546143079,1679546143570
1679546143508,1679546143739
1679546143603,1679546143785
1679546143668,1679546143908
1679546143751,1679546144000
1679546143823,1679546144004
1679546143823,1679546144033
1679546143744,1679546144129
1679546143863,1679546144149
1679546144081,1679546144282
1679546144044,1679546144338
1679546144122,1679546144338
1679546144211,1679546144409
1679546144222,1679546144413
1679546144239,1679546144429
1679546144226,1679546144458
1679546144332,1679546144560
1679546144410,1679546144602
1679546144476,1679546144608
1679546144457,1679546144663
1679546144620,1679546144737
1679546144514,1679546144745
1679546144595,1679546144745
1679546144756,1679546144951
1679546144678,1679546144989
1679546144997,1679546145175
1679546144968,1679546145189
1679546144870,1679546145236
1679546145108,1679546145310
1679546144982,1679546145325
1679546145218,1679546145353
1679546145249,1679546145449
1679546145101,1679546145455
1679546145285,1679546145467
1679546145109,1679546145495
1679546145349,1679546145534
1679546145461,1679546145611
1679546145484,1679546145733
1679546145457,1679546145736
1679546145539,1679546145742
1679546145461,1679546145765
1679546145502,1679546145769
1679546145540,1679546145814
1679546145684,1679546145896
1679546145685,1679546145939
1679546145811,1679546145950
1679546145918,1679546146225
1679546146023,1679546146279
1679546146099,1679546146342
1679546145966,1679546146406
1679546146203,1679546146407
1679546146152,1679546146415
1679546146101,1679546146460
1679546146259,1679546146467
1679546146588,1679546146716
1679546146622,1679546146772
1679546146587,1679546146800
1679546146678,1679546146879
1679546146725,1679546146915
1679546146686,1679546146950
1679546146765,1679546146981
1679546146892,1679546147021
1679546146955,1679546147067
1679546146917,1679546147094
1679546146948,1679546147214
1679546147033,1679546147223
1679546146872,1679546147261
1679546146903,1679546147293
1679546147033,1679546147293
1679546147116,1679546147336
1679546147076,1679546147350
1679546147173,1679546147371
1679546147261,1679546147527
1679546147367,1679546147529
1679546147311,1679546147554
1679546147296,1679546147564
1679546147620,1679546147830
1679546147671,1679546147948
1679546147738,1679546147951
1679546147858,1679546148031
1679546147719,1679546148108
1679546147967,1679546148128
1679546147959,1679546148173
1679546148072,1679546148210
1679546147963,1679546148259
1679546148175,1679546148305
1679546148145,1679546148343
1679546148136,1679546148351
1679546148113,1679546148369
1679546148175,1679546148400
1679546148245,1679546148411
1679546148370,1679546148549
1679546148306,1679546148605
1679546148306,1679546148656
1679546148367,1679546148683
1679546148549,1679546148698
1679546148386,1679546148699
1679546148521,1679546148718
1679546148674,1679546148782
1679546148574,1679546148832
1679546148830,1679546149038
1679546149072,1679546149170
1679546148814,1679546149195
1679546149064,1679546149304
1679546149142,1679546149325
1679546149072,1679546149409
1679546149194,1679546149479
1679546149277,1679546149488
1679546149353,1679546149650
1679546149424,1679546149660
1679546149410,1679546149706
1679546149414,1679546149737
1679546149525,1679546149812
1679546149485,1679546149815
1679546149529,1679546149860
1679546149597,1679546149953
1679546149728,1679546150014
1679546149876,1679546150080
1679546149792,1679546150105
1679546149910,1679546150109
1679546149738,1679546150116
1679546149799,1679546150163
1679546150001,1679546150226
1679546150000,1679546150331
1679546150182,1679546150342
1679546150116,1679546150355
1679546150132,1679546150365
1679546150089,1679546150376
1679546150188,1679546150388
1679546149925,1679546150408
1679546150109,1679546150437
1679546150432,1679546150565
1679546150385,1679546150707
1679546150466,1679546150835
1679546150584,1679546150839
1679546150554,1679546150878
1679546150585,1679546150914
1679546150966,1679546151084
1679546150710,1679546151129
1679546150860,1679546151237
1679546151156,1679546151323
1679546151152,1679546151372
1679546151125,1679546151401
1679546151263,1679546151412
1679546151224,1679546151446
1679546151128,1679546151464
1679546151429,1679546151613
1679546151308,1679546151659
1679546151483,1679546151669
1679546151497,1679546151757
1679546151581,1679546151783
1679546151599,1679546151823
1679546151530,1679546151827
1679546151483,1679546151846
1679546151609,1679546151849
1679546151702,1679546151907
1679546151704,1679546151938
1679546151909,1679546152045
1679546151876,1679546152166
1679546152068,1679546152239
1679546152134,1679546152269
1679546152136,1679546152279
1679546152248,1679546152412
1679546152256,1679546152451
1679546152291,1679546152491
1679546152201,1679546152569
1679546152383,1679546152686
1679546152485,1679546152698
1679546152417,1679546152699
1679546152333,1679546152708
1679546152565,1679546152737
1679546152620,1679546152834
1679546152628,1679546152871
1679546152745,1679546152932
1679546152883,1679546153052
1679546152774,1679546153075
1679546152919,1679546153081
1679546152941,1679546153148
1679546153056,1679546153288
1679546153067,1679546153299
1679546153232,1679546153401
1679546153212,1679546153434
1679546153385,1679546153536
1679546153264,1679546153545
1679546153438,1679546153634
1679546153453,1679546153672
1679546153504,1679546153680
1679546153429,1679546153770
1679546153549,1679546153808
1679546153630,1679546153892
1679546153783,1679546153909
1679546153637,1679546153943
1679546153773,1679546154114
1679546153872,1679546154128
1679546153916,1679546154137
1679546153937,1679546154149
1679546154044,1679546154244
1679546154015,1679546154252
1679546154097,1679546154279
1679546154083,1679546154282
1679546154175,1679546154408
1679546154235,1679546154437
1679546154251,1679546154465
1679546154233,1679546154468
1679546154325,1679546154565
1679546154425,1679546154645
1679546154528,1679546154826
1679546154670,1679546154862
1679546154733,1679546154867
1679546154643,1679546154940
1679546154755,1679546154977
1679546154830,1679546155028
1679546154996,1679546155176
1679546155004,1679546155212
1679546155071,1679546155229
1679546155116,1679546155297
1679546155169,1679546155394
1679546155171,1679546155416
1679546155293,1679546155510
1679546155293,1679546155533
1679546155242,1679546155540
1679546155069,1679546155557
1679546155346,1679546155613
1679546155425,1679546155658
1679546155413,1679546155692
1679546155519,1679546155701
1679546155491,1679546155730
1679546155540,1679546155755
1679546155669,1679546155937
1679546155683,1679546156010
1679546155801,1679546156028
1679546155908,1679546156131
1679546155829,1679546156134
1679546155887,1679546156137
1679546155883,1679546156279
1679546156157,1679546156296
1679546156095,1679546156327
1679546156052,1679546156414
1679546156288,1679546156474
1679546156229,1679546156573
1679546156551,1679546156753
1679546156469,1679546156821
1679546156621,1679546156855
1679546156567,1679546156875
1679546156709,1679546156890
1679546156661,1679546156897
1679546156745,1679546156921
1679546156770,1679546157059
1679546156977,1679546157165
1679546157079,1679546157198
1679546156990,1679546157246
1679546157033,1679546157247
1679546157015,1679546157276
1679546157069,1679546157323
1679546157099,1679546157342
1679546157177,1679546157368
1679546157136,1679546157427
1679546157132,1679546157431
1679546157252,1679546157549
1679546157221,1679546157555
1679546157437,1679546157598
1679546157521,1679546157682
1679546157237,1679546157693
1679546157609,1679546157751
1679546157754,1679546157860
1679546157821,1679546157939
1679546157744,1679546157962
1679546157889,1679546158048
1679546157909,1679546158183
1679546158219,1679546158400
1679546158187,1679546158404
1679546158042,1679546158422
1679546158347,1679546158540
1679546158342,1679546158550
1679546158277,1679546158557
1679546158313,1679546158558
1679546158315,1679546158571
1679546158382,1679546158572
1679546158023,1679546158685
1679546158513,1679546158729
1679546158542,1679546158788
1679546158735,1679546158898
1679546158772,1679546159025
1679546158853,1679546159035
1679546158852,1679546159112
1679546158891,1679546159119
1679546158876,1679546159204
1679546158973,1679546159210
1679546159100,1679546159216
1679546159007,1679546159225
1679546159016,1679546159296
1679546159194,1679546159513
1679546159361,1679546159583
1679546159361,1679546159587
1679546159174,1679546159656
1679546159392,1679546159662
1679546159525,1679546159762
1679546159470,1679546159791
1679546159588,1679546159817
1679546159701,1679546159841
1679546159580,1679546159891
1679546159488,1679546159909
1679546159786,1679546159951
1679546159762,1679546160005
1679546159840,1679546160006
1679546159857,1679546160041
1679546159924,1679546160180
1679546160045,1679546160268
1679546160148,1679546160368
1679546160219,1679546160473
1679546160345,1679546160494
1679546160294,1679546160507
1679546160362,1679546160518
1679546160431,1679546160544
1679546160445,1679546160610
1679546160212,1679546160613
1679546160317,1679546160682
1679546160497,1679546160742
1679546160574,1679546160758
1679546160704,1679546160964
1679546160861,1679546161005
1679546160694,1679546161053
1679546160840,1679546161123
1679546160985,1679546161126
1679546160987,1679546161156
1679546160872,1679546161190
1679546160975,1679546161190
1679546161017,1679546161389
1679546161278,1679546161490
1679546161381,1679546161522
1679546161277,1679546161633
1679546161431,1679546161638
1679546161373,1679546161684
1679546161520,1679546161732
1679546161262,1679546161745
1679546161601,1679546161764
1679546161533,1679546161868
1679546161817,1679546161985
1679546161816,1679546162000
1679546161718,1679546162028
1679546161754,1679546162058
1679546162007,1679546162149
1679546161768,1679546162260
1679546161917,1679546162263
1679546162085,1679546162270
1679546161982,1679546162280
1679546162289,1679546162402
1679546162215,1679546162498
1679546162370,1679546162565
1679546162169,1679546162611
1679546162331,1679546162627
1679546162357,1679546162670
1679546162530,1679546162696
1679546162524,1679546162711
1679546162533,1679546162743
1679546162446,1679546162745
1679546162390,1679546162790
1679546162570,1679546162886
1679546162780,1679546162960
1679546162659,1679546163008
1679546162767,1679546163165
1679546162917,1679546163187
1679546163097,1679546163232
1679546162914,1679546163308
1679546163092,1679546163396
1679546163246,1679546163409
1679546163293,1679546163521
1679546163323,1679546163582
1679546163517,1679546163647
1679546163472,1679546163659
1679546163586,1679546163772
1679546163573,1679546163774
1679546163597,1679546163822
1679546163605,1679546163947
1679546163776,1679546163955
1679546163728,1679546163976
1679546163670,1679546163993
1679546163945,1679546164205
1679546163945,1679546164208
1679546164079,1679546164249
1679546163945,1679546164274
1679546164070,1679546164295
1679546164125,1679546164349
1679546164134,1679546164356
1679546164165,1679546164408
1679546164327,1679546164540
1679546164370,1679546164693
1679546164429,1679546164696
1679546164489,1679546164736
1679546164535,1679546164784
1679546164600,1679546164799
1679546164348,1679546164809
1679546164732,1679546164878
1679546164710,1679546164879
1679546164549,1679546164942
1679546164818,1679546164977
1679546164952,1679546165192
1679546164903,1679546165230
1679546164988,1679546165248
1679546164960,1679546165270
1679546165158,1679546165287
1679546165107,1679546165373
1679546165227,1679546165390
1679546165051,1679546165416
1679546165210,1679546165423
1679546165223,1679546165502
1679546165348,1679546165556
1679546165456,1679546165653
1679546165545,1679546165738
1679546165493,1679546165802
1679546165732,1679546165906
1679546165684,1679546165923
1679546165623,1679546165935
1679546165624,1679546165956
1679546165746,1679546165968
1679546165874,1679546166044
1679546165904,1679546166062
1679546166013,1679546166251
1679546166181,1679546166281
1679546165748,1679546166343
1679546166144,1679546166352
1679546166375,1679546166560
1679546166428,1679546166684
1679546166485,1679546166688
1679546166384,1679546166704
1679546166581,1679546166704
1679546166363,1679546166721
1679546166481,1679546166733
1679546166373,1679546166800
1679546166526,1679546166812
1679546166603,1679546166879
1679546166725,1679546166954
1679546166819,1679546167002
1679546166701,1679546167008
1679546166804,1679546167063
1679546166812,1679546167116
1679546166927,1679546167148
1679546166675,1679546167162
1679546166952,1679546167199
1679546166988,1679546167222
1679546167018,1679546167294
1679546167061,1679546167308
1679546167273,1679546167550
1679546167429,1679546167598
1679546167485,1679546167624
1679546167445,1679546167751
1679546167760,1679546167955
1679546167690,1679546168019
1679546167751,1679546168048
1679546167871,1679546168065
1679546167901,1679546168121
1679546167945,1679546168170
1679546167926,1679546168171
1679546167993,1679546168181
1679546168083,1679546168215
1679546168043,1679546168252
1679546167845,1679546168298
1679546168179,1679546168379
1679546168093,1679546168387
1679546168132,1679546168406
1679546168255,1679546168484
1679546168439,1679546168570
1679546168351,1679546168571
1679546168323,1679546168598
1679546168519,1679546168686
1679546168518,1679546168724
1679546168492,1679546168788
1679546168589,1679546168792
1679546168667,1679546168867
1679546168681,1679546168999
1679546168870,1679546169051
1679546168624,1679546169074
1679546168965,1679546169145
1679546168861,1679546169182
1679546168983,1679546169225
1679546169028,1679546169305
1679546169070,1679546169337
1679546169112,1679546169360
1679546169258,1679546169531
1679546169368,1679546169610
1679546169412,1679546169613
1679546169380,1679546169623
1679546169423,1679546169713
1679546169296,1679546169731
1679546169623,1679546169801
1679546169714,1679546169866
1679546169643,1679546169879
1679546169648,1679546169896
1679546169873,1679546170052
1679546169779,1679546170062
1679546169880,1679546170074
1679546169893,1679546170074
1679546169942,1679546170135
1679546169963,1679546170275
1679546170153,1679546170290
1679546170144,1679546170312
1679546170247,1679546170398
1679546170210,1679546170405
1679546170398,1679546170566
1679546170579,1679546170728
1679546170561,1679546170768
1679546170626,1679546170778
1679546170624,1679546170783
1679546170681,1679546170796
1679546170533,1679546170828
1679546170804,1679546171037
1679546170889,1679546171052
1679546170863,1679546171072
1679546170838,1679546171092
1679546170895,1679546171133
1679546171017,1679546171152
1679546170953,1679546171245
1679546171085,1679546171310
1679546171167,1679546171402
1679546171208,1679546171408
1679546171260,1679546171409
1679546171149,1679546171506
1679546171263,1679546171508
1679546171349,1679546171566
1679546171329,1679546171567
1679546171573,1679546171717
1679546171483,1679546171798
1679546171537,1679546171799
1679546171659,1679546171809
1679546171439,1679546171851
1679546171823,1679546172041
1679546171783,1679546172080
1679546171910,1679546172088
1679546171922,1679546172098
1679546171843,1679546172114
1679546171988,1679546172206
1679546172060,1679546172358
1679546172357,1679546172469
1679546172292,1679546172501
1679546172151,1679546172524
1679546172372,1679546172533
1679546172229,1679546172540
1679546172333,1679546172615
1679546172452,1679546172652
1679546172489,1679546172699
1679546172534,1679546172812
1679546172611,1679546172819
1679546172687,1679546172858
1679546172612,1679546172902
1679546172548,1679546172966
1679546172741,1679546173023
1679546172927,1679546173108
1679546172906,1679546173110
1679546172874,1679546173129
1679546172985,1679546173221
1679546173090,1679546173241
1679546172820,1679546173264
1679546173151,1679546173288
1679546173173,1679546173403
1679546173329,1679546173498
1679546173320,1679546173505
1679546173311,1679546173563
1679546173423,1679546173591
1679546173326,1679546173602
1679546173517,1679546173680
1679546173439,1679546173728
1679546173530,1679546173747
1679546173611,1679546173826
1679546173668,1679546173892
1679546173745,1679546173951
1679546173799,1679546174109
1679546173888,1679546174149
1679546173900,1679546174156
1679546174013,1679546174245
1679546174105,1679546174308
1679546174157,1679546174406
1679546174095,1679546174421
1679546174177,1679546174463
1679546174285,1679546174463
1679546174486,1679546174632
1679546174494,1679546174706
1679546174573,1679546174755
1679546174464,1679546174774
1679546174554,1679546174793
1679546174657,1679546174821
1679546174497,1679546174839
1679546174705,1679546174955
1679546174633,1679546175014
1679546174814,1679546175031
1679546174843,1679546175036
1679546174885,1679546175075
1679546174948,1679546175181
1679546174881,1679546175210
1679546175137,1679546175282
1679546175209,1679546175313
1679546175062,1679546175333
1679546175173,1679546175401
1679546175188,1679546175538
1679546175351,1679546175582
1679546175432,1679546175658
1679546175569,1679546175784
1679546175545,1679546175785
1679546175632,1679546175827
1679546175759,1679546175980
1679546175792,1679546175988
1679546175662,1679546176006
1679546175853,1679546176074
1679546175742,1679546176106
1679546175880,1679546176118
1679546175949,1679546176143
1679546175822,1679546176183
1679546176071,1679546176190
1679546175937,1679546176209
1679546176013,1679546176228
1679546176239,1679546176384
1679546176226,1679546176407
1679546176286,1679546176453
1679546176359,1679546176508
1679546176153,1679546176567
1679546176300,1679546176627
1679546176456,1679546176655
1679546176536,1679546176725
1679546176486,1679546176762
1679546176662,1679546176799
1679546176722,1679546176894
1679546176821,1679546176961
1679546176759,1679546176970
1679546177020,1679546177189
1679546177049,1679546177261
1679546177086,1679546177307
1679546176833,1679546177381
1679546177149,1679546177399
1679546177212,1679546177401
1679546177205,1679546177504
1679546177218,1679546177552
1679546177290,1679546177593
1679546177249,1679546177635
1679546177232,1679546177644
1679546177435,1679546177681
1679546177425,1679546177688
1679546177701,1679546177866
1679546177665,1679546177887
1679546177622,1679546177991
1679546177808,1679546178023
1679546177716,1679546178059
1679546177793,1679546178067
1679546177964,1679546178147
1679546178150,1679546178371
1679546178131,1679546178387
1679546178218,1679546178407
1679546178261,1679546178559
1679546178311,1679546178568
1679546178282,1679546178631
1679546178421,1679546178654
1679546178425,1679546178661
1679546178337,1679546178662
1679546178479,1679546178673
1679546178301,1679546178732
1679546178604,1679546178775
1679546178705,1679546178806
1679546178796,1679546178996
1679546178751,1679546179040
1679546178776,1679546179058
1679546178907,1679546179156
1679546178987,1679546179165
1679546178868,1679546179182
1679546179108,1679546179245
1679546179048,1679546179264
1679546179144,1679546179317
1679546179152,1679546179420
1679546179305,1679546179532
1679546179328,1679546179594
1679546179233,1679546179658
1679546179500,1679546179662
1679546179496,1679546179681
1679546179559,1679546179776
1679546179478,1679546179780
1679546179450,1679546179820
1679546179639,1679546179948
1679546179590,1679546179963
1679546179753,1679546180072
1679546179908,1679546180086
1679546179783,1679546180125
1679546179829,1679546180245
1679546179920,1679546180269
1679546180099,1679546180282
1679546180164,1679546180364
1679546180141,1679546180464
1679546180322,1679546180473
1679546180277,1679546180511
1679546180203,1679546180591
1679546180499,1679546180609
1679546180523,1679546180703
1679546180353,1679546180782
1679546180468,1679546180816
1679546180539,1679546180930
1679546180720,1679546181015
1679546180746,1679546181017
1679546180760,1679546181046
1679546180851,1679546181059
1679546180831,1679546181067
1679546180993,1679546181123
1679546180937,1679546181211
1679546181082,1679546181284
1679546180935,1679546181288
1679546181121,1679546181315
1679546181210,1679546181382
1679546181186,1679546181464
1679546181200,1679546181472
1679546181229,1679546181579
1679546181558,1679546181772
1679546181659,1679546181784
1679546181512,1679546181801
1679546181729,1679546181877
1679546181760,1679546181894
1679546181815,1679546181999
1679546181903,1679546182141
1679546181989,1679546182170
1679546182042,1679546182202
1679546182073,1679546182295
1679546182059,1679546182295
1679546181623,1679546182315
1679546182192,1679546182329
1679546182013,1679546182349
1679546182106,1679546182367
1679546182083,1679546182397
1679546182201,1679546182428
1679546182334,1679546182504
1679546182330,1679546182558
1679546182408,1679546182645
1679546182357,1679546182706
1679546182505,1679546182751
1679546182421,1679546182756
1679546182663,1679546182855
1679546182742,1679546182914
1679546182680,1679546182997
1679546182834,1679546183025
1679546182877,1679546183052
1679546182973,1679546183216
1679546183236,1679546183374
1679546183190,1679546183375
1679546183177,1679546183519
1679546183298,1679546183671
1679546183424,1679546183691
1679546183525,1679546183722
1679546183582,1679546183784
1679546183650,1679546183815
1679546183491,1679546183959
1679546183669,1679546183966
1679546183801,1679546183969
1679546183849,1679546184050
1679546183649,1679546184083
1679546183917,1679546184085
1679546183975,1679546184192
1679546183965,1679546184213
1679546183836,1679546184217
1679546184053,1679546184252
1679546183910,1679546184266
1679546184110,1679546184288
1679546184025,1679546184413
1679546184137,1679546184414
1679546184131,1679546184489
1679546184293,1679546184513
1679546184436,1679546184633
1679546184290,1679546184637
1679546184403,1679546184692
1679546184646,1679546184841
1679546184478,1679546184911
1679546184656,1679546184914
1679546184808,1679546185009
1679546184794,1679546185106
1679546184925,1679546185144
1679546184916,1679546185145
1679546185003,1679546185197
1679546185004,1679546185215
1679546185107,1679546185336
1679546185232,1679546185437
1679546185157,1679546185448
1679546185515,1679546185724
1679546185456,1679546185734
1679546185425,1679546185736
1679546185603,1679546185767
1679546185702,1679546185903
1679546185651,1679546185941
1679546185864,1679546185954
1679546185777,1679546186010
1679546185736,1679546186036
1679546185532,1679546186044
1679546185704,1679546186048
1679546185764,1679546186066
1679546185898,1679546186162
1679546185805,1679546186174
1679546186077,1679546186292
1679546186087,1679546186293
1679546186091,1679546186328
1679546186140,1679546186352
1679546186238,1679546186472
1679546186317,1679546186541
1679546186334,1679546186576
1679546186324,1679546186609
1679546186486,1679546186698
1679546186499,1679546186816
1679546186546,1679546186880
1679546186741,1679546186940
1679546186696,1679546186945
1679546186780,1679546186981
1679546186826,1679546187008
1679546186839,1679546187020
1679546186682,1679546187033
1679546186925,1679546187167
1679546186969,1679546187172
1679546187029,1679546187276
1679546187066,1679546187301
1679546187202,1679546187314
1679546187032,1679546187334
1679546187222,1679546187475
1679546187317,1679546187480
1679546187373,1679546187552
1679546187090,1679546187593
1679546187626,1679546187790
1679546187566,1679546187841
1679546187709,1679546187880
1679546187562,1679546187900
1679546187598,1679546187906
1679546187744,1679546187913
1679546187804,1679546188071
1679546187886,1679546188103
1679546187976,1679546188167
1679546187834,1679546188253
1679546188019,1679546188263
1679546188088,1679546188279
1679546188075,1679546188300
1679546187958,1679546188308
1679546188230,1679546188371
1679546188258,1679546188394
1679546188264,1679546188500
1679546188270,1679546188539
1679546188224,1679546188544
1679546188348,1679546188613
1679546188581,1679546188747
1679546188578,1679546188836
1679546188687,1679546188851
1679546188857,1679546188992
1679546188709,1679546189018
1679546188780,1679546189088
1679546188922,1679546189128
1679546188879,1679546189152
1679546189047,1679546189208
1679546188953,1679546189220
1679546188793,1679546189238
1679546189147,1679546189347
1679546189219,1679546189464
1679546189303,1679546189475
1679546189341,1679546189562
1679546189341,1679546189579
1679546189317,1679546189633
1679546189389,1679546189674
1679546189517,1679546189734
1679546189645,1679546189790
1679546189455,1679546189801
1679546189515,1679546189810
1679546189714,1679546189829
1679546189484,1679546189852
1679546189793,1679546189895
1679546189835,1679546189983
1679546189800,1679546190064
1679546189905,1679546190097
1679546190037,1679546190190
1679546189905,1679546190225
1679546190069,1679546190289
1679546190129,1679546190311
1679546190137,1679546190351
1679546190320,1679546190448
1679546190413,1679546190586
1679546190352,1679546190637
1679546190409,1679546190675
1679546190504,1679546190698
1679546190573,1679546190825
1679546190610,1679546190897
1679546190695,1679546190897
1679546190672,1679546190937
1679546190765,1679546190938
1679546190728,1679546191033
1679546190923,1679546191072
1679546190876,1679546191090
1679546190787,1679546191167
1679546190928,1679546191197
1679546190737,1679546191219
1679546191117,1679546191247
1679546190448,1679546191247
1679546190971,1679546191258
1679546191265,1679546191405
1679546191383,1679546191567
1679546191405,1679546191569
1679546191363,1679546191622
1679546191477,1679546191794
1679546191516,1679546191801
1679546191581,1679546191810
1679546191535,1679546191831
1679546191735,1679546191906
1679546191800,1679546192024
1679546191729,1679546192083
1679546191887,1679546192163
1679546191795,1679546192189
1679546192120,1679546192269
1679546192067,1679546192304
1679546192199,1679546192363
1679546192224,1679546192484
1679546192275,1679546192493
1679546192289,1679546192530
1679546192405,1679546192581
1679546192369,1679546192633
1679546192337,1679546192638
1679546192361,1679546192640
1679546192432,1679546192681
1679546192566,1679546192720
1679546192513,1679546192782
1679546192757,1679546192960
1679546192724,1679546192968
1679546192729,1679546193010
1679546192909,1679546193094
1679546192817,1679546193098
1679546192930,1679546193168
1679546192940,1679546193185
1679546193181,1679546193358
1679546193325,1679546193480
1679546193480,1679546193633
1679546193532,1679546193680
1679546193549,1679546193680
1679546193531,1679546193685
1679546193554,1679546193796
1679546193623,1679546193855
1679546193691,1679546193864
1679546193804,1679546194044
1679546193768,1679546194050
1679546193939,1679546194078
1679546194020,1679546194136
1679546193861,1679546194149
1679546193873,1679546194184
1679546193697,1679546194189
1679546194031,1679546194235
1679546194070,1679546194253
1679546193995,1679546194261
1679546193953,1679546194271
1679546194212,1679546194414
1679546194104,1679546194436
1679546194220,1679546194576
1679546194228,1679546194601
1679546194458,1679546194672
1679546194293,1679546194674
1679546194442,1679546194749
1679546194545,1679546194764
1679546194440,1679546194793
1679546194697,1679546194873
1679546194622,1679546194919
1679546194667,1679546195160
1679546194808,1679546195216
1679546195097,1679546195238
1679546195002,1679546195259
1679546195027,1679546195262
1679546195124,1679546195344
1679546195152,1679546195367
1679546195364,1679546195522
1679546195413,1679546195591
1679546195500,1679546195614
1679546195403,1679546195735
1679546195536,1679546195775
1679546195564,1679546195814
1679546195653,1679546195948
1679546195689,1679546195954
1679546195746,1679546195957
1679546195569,1679546195965
1679546195821,1679546196018
1679546195747,1679546196060
1679546195855,1679546196137
1679546195968,1679546196202
1679546196120,1679546196316
1679546196100,1679546196340
1679546196097,1679546196346
1679546196148,1679546196432
1679546196343,1679546196525
1679546196355,1679546196590
1679546196502,1679546196698
1679546196484,1679546196709
1679546196540,1679546196721
1679546196554,1679546196746
1679546196618,1679546196813
1679546196655,1679546196825
1679546196625,1679546196916
1679546196843,1679546196963
1679546196777,1679546197014
1679546196740,1679546197020
1679546197081,1679546197220
1679546196996,1679546197254
1679546197129,1679546197339
1679546197082,1679546197364
1679546197137,1679546197376
1679546197255,1679546197431
1679546197227,1679546197454
1679546197424,1679546197610
1679546197431,1679546197696
1679546197377,1679546197707
1679546197457,1679546197723
1679546197551,1679546197738
1679546197446,1679546197765
1679546197509,1679546197855
1679546197666,1679546197872
1679546197771,1679546198005
1679546197843,1679546198081
1679546197658,1679546198100
1679546197908,1679546198148
1679546197878,1679546198194
1679546197979,1679546198219
1679546197647,1679546198250
1679546198076,1679546198466
1679546198304,1679546198495
1679546198409,1679546198600
1679546198307,1679546198623
1679546198533,1679546198656
1679546198611,1679546198742
1679546198617,1679546198745
1679546198592,1679546198809
1679546198669,1679546198890
1679546198688,1679546198893
1679546198660,1679546198907
1679546198956,1679546199054
1679546198919,1679546199105
1679546198797,1679546199148
1679546199081,1679546199265
1679546199052,1679546199276
1679546199014,1679546199289
1679546199059,1679546199376
1679546199145,1679546199381
1679546199272,1679546199448
1679546199267,1679546199514
1679546199292,1679546199660
1679546199519,1679546199661
1679546199492,1679546199696
1679546199565,1679546199723
1679546199600,1679546199726
1679546199586,1679546199763
1679546199596,1679546199838
1679546199747,1679546199898
1679546199559,1679546199918
1679546199660,1679546199979
1679546199889,1679546200184
1679546199991,1679546200195
1679546200038,1679546200197
1679546199908,1679546200299
1679546200134,1679546200361
1679546200138,1679546200396
1679546200214,1679546200480
1679546200180,1679546200536
1679546200295,1679546200562
1679546200563,1679546200784
1679546200554,1679546200799
1679546200535,1679546200804
1679546200511,1679546200845
1679546200636,1679546200898
1679546200713,1679546200904
1679546200773,1679546200946
1679546200491,1679546200947
1679546200762,1679546201003
1679546200870,1679546201069
1679546200912,1679546201119
1679546200951,1679546201142
1679546200867,1679546201214
1679546200937,1679546201219
1679546201105,1679546201275
1679546201135,1679546201319
1679546201135,1679546201406
1679546201234,1679546201414
1679546201236,1679546201461
1679546201404,1679546201578
1679546201414,1679546201628
1679546201443,1679546201709
1679546201553,1679546201768
1679546201789,1679546201963
1679546201749,1679546201971
1679546201759,1679546201990
1679546201808,1679546202027
1679546201946,1679546202054
1679546201781,1679546202069
1679546201891,1679546202078
1679546202020,1679546202239
1679546202007,1679546202303
1679546202145,1679546202355
1679546202276,1679546202390
1679546202097,1679546202436
1679546202222,1679546202448
1679546202307,1679546202580
1679546202429,1679546202608
1679546202462,1679546202658
1679546202503,1679546202682
1679546202533,1679546202802
1679546202418,1679546202824
1679546202545,1679546202828
1679546202696,1679546202885
1679546202857,1679546203051
1679546202899,1679546203083
1679546202907,1679546203090
1679546202926,1679546203106
1679546202767,1679546203170
1679546203160,1679546203272
1679546203109,1679546203288
1679546203074,1679546203372
1679546203236,1679546203400
1679546203159,1679546203428
1679546203086,1679546203491
1679546203288,1679546203551
1679546203357,1679546203610
1679546203407,1679546203611
1679546203409,1679546203627
1679546203445,1679546203642
1679546203548,1679546203773
1679546203629,1679546203899
1679546203714,1679546203942
1679546203738,1679546203948
1679546203489,1679546203978
1679546203767,1679546203992
1679546203808,1679546204154
1679546203936,1679546204206
1679546204104,1679546204255
1679546204145,1679546204279
1679546204053,1679546204293
1679546204012,1679546204301
1679546204092,1679546204335
1679546204166,1679546204378
1679546204336,1679546204508
1679546204322,1679546204582
1679546204461,1679546204640
1679546204752,1679546204920
1679546204797,1679546204950
1679546204761,1679546204965
1679546204792,1679546204984
1679546204924,1679546205129
1679546204946,1679546205156
1679546204993,1679546205164
1679546205005,1679546205177
1679546204906,1679546205192
1679546205049,1679546205222
1679546205081,1679546205312
1679546205270,1679546205441
1679546205219,1679546205444
1679546205168,1679546205467
1679546205167,1679546205510
1679546205285,1679546205520
1679546205264,1679546205548
1679546205337,1679546205682
1679546205617,1679546205809
1679546205668,1679546205862
1679546205588,1679546205961
1679546205818,1679546205999
1679546205895,1679546206006
1679546205665,1679546206021
1679546205875,1679546206065
1679546205889,1679546206169
1679546205818,1679546206214
1679546206132,1679546206292
1679546205972,1679546206318
1679546206061,1679546206362
1679546206232,1679546206424
1679546206348,1679546206568
1679546206236,1679546206596
1679546206376,1679546206611
1679546206461,1679546206665
1679546206335,1679546206678
1679546206503,1679546206748
1679546206534,1679546206849
1679546206623,1679546206900
1679546206569,1679546206919
1679546206658,1679546206924
1679546206766,1679546207032
1679546206810,1679546207088
1679546206936,1679546207206
1679546207062,1679546207216
1679546207024,1679546207222
1679546206973,1679546207229
1679546207113,1679546207280
1679546207150,1679546207355
1679546207252,1679546207426
1679546207377,1679546207522
1679546207135,1679546207528
1679546207352,1679546207659
1679546207536,1679546207871
1679546207745,1679546207887
1679546207590,1679546207888
1679546207647,1679546207899
1679546207541,1679546207902
1679546207778,1679546207981
1679546207809,1679546208040
1679546207673,1679546208094
1679546207936,1679546208143
1679546207934,1679546208181
1679546207960,1679546208198
1679546208111,1679546208313
1679546208065,1679546208349
1679546208036,1679546208398
1679546208155,1679546208400
1679546208195,1679546208424
1679546208020,1679546208551
1679546208411,1679546208619
1679546208588,1679546208800
1679546208586,1679546208817
1679546208777,1679546208959
1679546208662,1679546208965
1679546208749,1679546208965
1679546208735,1679546208966
1679546208919,1679546209072
1679546209043,1679546209167
1679546208995,1679546209197
1679546208975,1679546209219
1679546208884,1679546209228
1679546209042,1679546209260
1679546209060,1679546209269
1679546209044,1679546209334
1679546209246,1679546209369
1679546208903,1679546209372
1679546209175,1679546209463
1679546209147,1679546209490
1679546209242,1679546209511
1679546209274,1679546209529
1679546209433,1679546209659
1679546209326,1679546209710
1679546209563,1679546209799
1679546209595,1679546209855
1679546209624,1679546209896
1679546209737,1679546209969
1679546209673,1679546210022
1679546209677,1679546210032
1679546209812,1679546210128
1679546209985,1679546210208
1679546210041,1679546210321
1679546210060,1679546210325
1679546210257,1679546210414
1679546209994,1679546210440
1679546210098,1679546210461
1679546210448,1679546210596
1679546210353,1679546210618
1679546210317,1679546210651
1679546210430,1679546210661
1679546210268,1679546210697
1679546210529,1679546210721
1679546210543,1679546210836
1679546210653,1679546210838
1679546210700,1679546210914
1679546210637,1679546210941
1679546210781,1679546210981
1679546210917,1679546211024
1679546210766,1679546211059
1679546210902,1679546211085
1679546210786,1679546211088
1679546211017,1679546211189
1679546210941,1679546211193
1679546211134,1679546211336
1679546211075,1679546211337
1679546211201,1679546211384
1679546211015,1679546211421
1679546211249,1679546211426
1679546211285,1679546211461
1679546211463,1679546211649
1679546211273,1679546211663
1679546211317,1679546211691
1679546211561,1679546211844
1679546211546,1679546211905
1679546211576,1679546211905
1679546211833,1679546212023
1679546212015,1679546212160
1679546211896,1679546212191
1679546211871,1679546212271
1679546212089,1679546212285
1679546212125,1679546212374
1679546212255,1679546212432
1679546212285,1679546212486
1679546212307,1679546212493
1679546212134,1679546212516
1679546212209,1679546212540
1679546212504,1679546212662
1679546212452,1679546212672
1679546212617,1679546212728
1679546212444,1679546212735
1679546212561,1679546212930
1679546212675,1679546212932
1679546212797,1679546213012
1679546212858,1679546213069
1679546212872,1679546213090
1679546212989,1679546213242
1679546213041,1679546213293
1679546213152,1679546213383
1679546212831,1679546213385
1679546213112,1679546213421
1679546213309,1679546213532
1679546213169,1679546213543
1679546213234,1679546213571
1679546213362,1679546213604
1679546213292,1679546213658
1679546213503,1679546213662
1679546213357,1679546213700
1679546213543,1679546213702
1679546213385,1679546213709
1679546213581,1679546213821
1679546213559,1679546213873
1679546213674,1679546213926
1679546213707,1679546213966
1679546213769,1679546213987
1679546213675,1679546213990
1679546213859,1679546214081
1679546213891,1679546214183
1679546214080,1679546214237
1679546214029,1679546214289
1679546214075,1679546214325
1679546214184,1679546214420
1679546214274,1679546214594
1679546214487,1679546214607
1679546214540,1679546214668
1679546214364,1679546214698
1679546214513,1679546214730
1679546214580,1679546214733
1679546214682,1679546214830
1679546214577,1679546214881
1679546214681,1679546214945
1679546214827,1679546215009
1679546214781,1679546215028
1679546214913,1679546215093
1679546214869,1679546215129
1679546215032,1679546215248
1679546215051,1679546215376
1679546215169,1679546215419
1679546215093,1679546215421
1679546215157,1679546215422
1679546215167,1679546215423
1679546215069,1679546215446
1679546215236,1679546215516
1679546215358,1679546215560
1679546215324,1679546215579
1679546215253,1679546215682
1679546215406,1679546215742
1679546215521,1679546215742
1679546215751,1679546215873
1679546215774,1679546215970
1679546215725,1679546216009
1679546215779,1679546216019
1679546215894,1679546216045
1679546215923,1679546216156
1679546215897,1679546216180
1679546216165,1679546216397
1679546216149,1679546216430
1679546216282,1679546216432
1679546216256,1679546216462
1679546216321,1679546216474
1679546216237,1679546216485
1679546216391,1679546216720
1679546216481,1679546216785
1679546216638,1679546216816
1679546216534,1679546216841
1679546216591,1679546216895
1679546216635,1679546216926
1679546216698,1679546216941
1679546216580,1679546217005
1679546216713,1679546217049
1679546216899,1679546217092
1679546216733,1679546217104
1679546216979,1679546217196
1679546217000,1679546217279
1679546217090,1679546217333
1679546217215,1679546217454
1679546217293,1679546217474
1679546217261,1679546217525
1679546217338,1679546217603
1679546217317,1679546217678
1679546217594,1679546217811
1679546217596,1679546217811
1679546217579,1679546217878
1679546217645,1679546217882
1679546217699,1679546217912
1679546217770,1679546217976
1679546217729,1679546218052
1679546217869,1679546218083
1679546217901,1679546218097
1679546217749,1679546218121
1679546217926,1679546218175
1679546218063,1679546218243
1679546218078,1679546218335
1679546218189,1679546218346
1679546218206,1679546218413
1679546218137,1679546218488
1679546218321,1679546218535
1679546218228,1679546218626
1679546218504,1679546218740
1679546218504,1679546218765
1679546218499,1679546218833
1679546218459,1679546218849
1679546218565,1679546218868
1679546218735,1679546218879
1679546218761,1679546218973
1679546218840,1679546219093
1679546218907,1679546219148
1679546219016,1679546219254
1679546219100,1679546219307
1679546219099,1679546219325
1679546219111,1679546219352
1679546218999,1679546219392
1679546219213,1679546219498
1679546219239,1679546219517
1679546219370,1679546219623
1679546219337,1679546219635
1679546219550,1679546219782
1679546219493,1679546219785
1679546219557,1679546219860
1679546219693,1679546219949
1679546219710,1679546219953
1679546219836,1679546220072
1679546219797,1679546220093
1679546219920,1679546220165
1679546219920,1679546220181
1679546219935,1679546220182
1679546219951,1679546220191
1679546220048,1679546220198
1679546219997,1679546220253
1679546220270,1679546220412
1679546220109,1679546220504
1679546220252,1679546220539
1679546220317,1679546220555
1679546220331,1679546220572
1679546220427,1679546220624
1679546220449,1679546220649
1679546220409,1679546220675
1679546220392,1679546220676
1679546220482,1679546220835
1679546220539,1679546220891
1679546220571,1679546220938
1679546220795,1679546221000
1679546220707,1679546221029
1679546220745,1679546221051
1679546221037,1679546221244
1679546220897,1679546221252
1679546221153,1679546221328
1679546221272,1679546221470
1679546221382,1679546221521
1679546221264,1679546221544
1679546221429,1679546221555
1679546221350,1679546221563
1679546221430,1679546221641
1679546221478,1679546221692
1679546221509,1679546221693
1679546221508,1679546221730
1679546221679,1679546221839
1679546221679,1679546221852
1679546221619,1679546221862
1679546221848,1679546222033
1679546221851,1679546222054
1679546221809,1679546222059
1679546221997,1679546222156
1679546221815,1679546222190
1679546221986,1679546222214
1679546222188,1679546222321
1679546222200,1679546222368
1679546222196,1679546222441
1679546222329,1679546222481
1679546222289,1679546222525
1679546222404,1679546222569
1679546222437,1679546222597
1679546222603,1679546222787
1679546222551,1679546222866
1679546222879,1679546223086
1679546222780,1679546223093
1679546222903,1679546223103
1679546222801,1679546223121
1679546222980,1679546223231
1679546222945,1679546223256
1679546223161,1679546223269
1679546223113,1679546223313
1679546223133,1679546223363
1679546223078,1679546223470
1679546223214,1679546223478
1679546223232,1679546223487
1679546223033,1679546223514
1679546223377,1679546223560
1679546223349,1679546223578
1679546223252,1679546223581
1679546223267,1679546223601
1679546223406,1679546223628
1679546223414,1679546223657
1679546223393,1679546223700
1679546223417,1679546223756
1679546223633,1679546223859
1679546223644,1679546223897
1679546223794,1679546223966
1679546223985,1679546224177
1679546223878,1679546224203
1679546224063,1679546224362
1679546224143,1679546224384
1679546224407,1679546224562
1679546224339,1679546224582
1679546224520,1679546224780
1679546224481,1679546224784
1679546224603,1679546224800
1679546224559,1679546224912
1679546224680,1679546224920
1679546224577,1679546224989
1679546224808,1679546224991
1679546224671,1679546225003
1679546224804,1679546225018
1679546224893,1679546225031
1679546224797,1679546225092
1679546224841,1679546225130
1679546224757,1679546225163
1679546224893,1679546225167
1679546224965,1679546225178
1679546225021,1679546225218
1679546225049,1679546225339
1679546225015,1679546225352
1679546225009,1679546225478
1679546225359,1679546225512
1679546225392,1679546225678
1679546225498,1679546225705
1679546225501,1679546225782
1679546225570,1679546225929
1679546225637,1679546225955
1679546225777,1679546225977
1679546225861,1679546226091
1679546225851,1679546226118
1679546225898,1679546226119
1679546225893,1679546226181
1679546225985,1679546226227
1679546225970,1679546226230
1679546225985,1679546226258
1679546225919,1679546226302
1679546226105,1679546226311
1679546226072,1679546226326
1679546226075,1679546226336
1679546226209,1679546226358
1679546226080,1679546226359
1679546226217,1679546226445
1679546226285,1679546226505
1679546226240,1679546226552
1679546226289,1679546226552
1679546226464,1679546226742
1679546226337,1679546226748
1679546226604,1679546226904
1679546226743,1679546227024
1679546226791,1679546227050
1679546226736,1679546227107
1679546227000,1679546227263
1679546227024,1679546227331
1679546227134,1679546227350
1679546227180,1679546227366
1679546227126,1679546227458
1679546227164,1679546227511
1679546227298,1679546227525
1679546227272,1679546227641
1679546227461,1679546227660
1679546227376,1679546227666
1679546227529,1679546227687
1679546227548,1679546227729
1679546227442,1679546227748
1679546227576,1679546227776
1679546227647,1679546227873
1679546227595,1679546227887
1679546227752,1679546227919
1679546227748,1679546227933
1679546227707,1679546227983
1679546227812,1679546228041
1679546227765,1679546228100
1679546227912,1679546228127
1679546227835,1679546228145
1679546228126,1679546228272
1679546228220,1679546228404
1679546228260,1679546228457
1679546228257,1679546228538
1679546228316,1679546228570
1679546228467,1679546228617
1679546228464,1679546228631
1679546228349,1679546228639
1679546228715,1679546228911
1679546228796,1679546228960
1679546228784,1679546228962
1679546228715,1679546228973
1679546228725,1679546229017
1679546228920,1679546229084
1679546228779,1679546229104
1679546228853,1679546229176
1679546229054,1679546229269
1679546229115,1679546229291
1679546229009,1679546229303
1679546229009,1679546229375
1679546229129,1679546229453
1679546229290,1679546229463
1679546229224,1679546229513
1679546229374,1679546229542
1679546229370,1679546229640
1679546229161,1679546229662
1679546229486,1679546229693
1679546229627,1679546229764
1679546229593,1679546229808
1679546229592,1679546229826
1679546229639,1679546229839
1679546229768,1679546229956
1679546229791,1679546230025
1679546229847,1679546230110
1679546229923,1679546230117
1679546229912,1679546230168
1679546229720,1679546230210
1679546230014,1679546230256
1679546230176,1679546230354
1679546230231,1679546230385
1679546230077,1679546230524
1679546230299,1679546230565
1679546230379,1679546230630
1679546230358,1679546230630
1679546230436,1679546230639
1679546230445,1679546230658
1679546230544,1679546230750
1679546230658,1679546230800
1679546230714,1679546230849
1679546230504,1679546230849
1679546230628,1679546230885
1679546230743,1679546230952
1679546230655,1679546230964
1679546230888,1679546231068
1679546230941,1679546231124
1679546230796,1679546231142
1679546230868,1679546231144
1679546230977,1679546231241
1679546230972,1679546231277
1679546231073,1679546231287
1679546231081,1679546231304
1679546231283,1679546231427
1679546231271,1679546231481
1679546231116,1679546231486
1679546231000,1679546231523
1679546231361,1679546231667
1679546231540,1679546231777
1679546231621,1679546231780
1679546231670,1679546231828
1679546231669,1679546231913
1679546231720,1679546231913
1679546231816,1679546231960
1679546231701,1679546232025
1679546231845,1679546232041
1679546231953,1679546232093
1679546232052,1679546232203
1679546232032,1679546232224
1679546232117,1679546232297
1679546232301,1679546232443
1679546232120,1679546232462
1679546232201,1679546232463
1679546232240,1679546232550
1679546232269,1679546232609
1679546232332,1679546232631
1679546232514,1679546232704
1679546232393,1679546232731
1679546232428,1679546232758
1679546232349,1679546232785
1679546232661,1679546232800
1679546232678,1679546232945
1679546232685,1679546232963
1679546232768,1679546233004
1679546232794,1679546233008
1679546232710,1679546233056
1679546232757,1679546233076
1679546233056,1679546233214
1679546232892,1679546233218
1679546233059,1679546233232
1679546233209,1679546233438
1679546233169,1679546233459
1679546233297,1679546233481
1679546233232,1679546233492
1679546233253,1679546233554
1679546233461,1679546233600
1679546233376,1679546233629
1679546233493,1679546233673
1679546233527,1679546233737
1679546233579,1679546233866
1679546233855,1679546233983
1679546234015,1679546234112
1679546233951,1679546234156
1679546234031,1679546234177
1679546233902,1679546234182
1679546233910,1679546234238
1679546233983,1679546234283
1679546234191,1679546234433
1679546234236,1679546234449
1679546234184,1679546234505
1679546234297,1679546234539
1679546234364,1679546234544
1679546234225,1679546234593
1679546234345,1679546234596
1679546234281,1679546234639
1679546234520,1679546234690
1679546234485,1679546234718
1679546234282,1679546234736
1679546234676,1679546234808
1679546234689,1679546234819
1679546234664,1679546234914
1679546234580,1679546234989
1679546234757,1679546235014
1679546234904,1679546235150
1679546234997,1679546235235
1679546235105,1679546235292
1679546235167,1679546235330
1679546235179,1679546235355
1679546234956,1679546235366
1679546235317,1679546235520
1679546235454,1679546235562
1679546235433,1679546235588
1679546235389,1679546235608
1679546235378,1679546235624
1679546235365,1679546235632
1679546235525,1679546235757
1679546235521,1679546235763
1679546235322,1679546235763
1679546235740,1679546235835
1679546235689,1679546235874
1679546235613,1679546235957
1679546235679,1679546235995
1679546235555,1679546236030
1679546235804,1679546236031
1679546235745,1679546236110
1679546235913,1679546236135
1679546235853,1679546236224
1679546235977,1679546236273
1679546236063,1679546236283
1679546236084,1679546236299
1679546236415,1679546236597
1679546236385,1679546236608
1679546236383,1679546236631
1679546236441,1679546236712
1679546236561,1679546236751
1679546236589,1679546236759
1679546236477,1679546236849
1679546236792,1679546236868
1679546236869,1679546237016
1679546236927,1679546237117
1679546236953,1679546237157
1679546237045,1679546237178
1679546237026,1679546237217
1679546237047,1679546237238
1679546237041,1679546237371
1679546236939,1679546237382
1679546237210,1679546237417
1679546237188,1679546237517
1679546237360,1679546237568
1679546237443,1679546237610
1679546237357,1679546237681
1679546237474,1679546237684
1679546237532,1679546237687
1679546237363,1679546237749
1679546237552,1679546237884
1679546237686,1679546237911
1679546237163,1679546237913
1679546237760,1679546238014
1679546237700,1679546238016
1679546237778,1679546238111
1679546238086,1679546238243
1679546237989,1679546238278
1679546238085,1679546238355
1679546238134,1679546238379
1679546238220,1679546238409
1679546238203,1679546238451
1679546238220,1679546238480
1679546238369,1679546238561
1679546238269,1679546238576
1679546238356,1679546238583
1679546238400,1679546238633
1679546238497,1679546238726
1679546238371,1679546238764
1679546238640,1679546238787
1679546238677,1679546238910
1679546238901,1679546239008
1679546238895,1679546239066
1679546238912,1679546239191
1679546239034,1679546239255
1679546238941,1679546239261
1679546238987,1679546239298
1679546239038,1679546239316
1679546239121,1679546239335
1679546239234,1679546239393
1679546239196,1679546239521
1679546239367,1679546239535
1679546239202,1679546239540
1679546239407,1679546239577
1679546239412,1679546239585
1679546239313,1679546239642
1679546239346,1679546239659
1679546239512,1679546239765
1679546239589,1679546239852
1679546239644,1679546239903
1679546239696,1679546239904
1679546239967,1679546240172
1679546240037,1679546240246
1679546240071,1679546240250
1679546240036,1679546240254
1679546240039,1679546240258
1679546240211,1679546240345
1679546240185,1679546240389
1679546240301,1679546240431
1679546240059,1679546240466
1679546240123,1679546240521
1679546240389,1679546240537
1679546240289,1679546240547
1679546240577,1679546240740
1679546240581,1679546240834
1679546240499,1679546240887
1679546240656,1679546240969
1679546240845,1679546241021
1679546240803,1679546241206
1679546240978,1679546241243
1679546241062,1679546241250
1679546241070,1679546241272
1679546241001,1679546241320
1679546241106,1679546241334
1679546241161,1679546241354
1679546241176,1679546241429
1679546241167,1679546241449
1679546241278,1679546241492
1679546240984,1679546241513
1679546240973,1679546241574
1679546241392,1679546241585
1679546241264,1679546241672
1679546241450,1679546241672
1679546241673,1679546241792
1679546241525,1679546241805
1679546241642,1679546241909
1679546241834,1679546242027
1679546241723,1679546242031
1679546241756,1679546242069
1679546241809,1679546242174
1679546242184,1679546242402
1679546242243,1679546242473
1679546242320,1679546242477
1679546242212,1679546242609
1679546242557,1679546242625
1679546242440,1679546242647
1679546242445,1679546242657
1679546242519,1679546242684
1679546242411,1679546242710
1679546242477,1679546242713
1679546242429,1679546242725
1679546242640,1679546242762
1679546242596,1679546242797
1679546242660,1679546242872
1679546242710,1679546242882
1679546242392,1679546243000
1679546242774,1679546243047
1679546242870,1679546243098
1679546242672,1679546243107
1679546242897,1679546243147
1679546242965,1679546243156
1679546243037,1679546243286
1679546243164,1679546243302
1679546243081,1679546243343
1679546243142,1679546243434
1679546243353,1679546243483
1679546243272,1679546243552
1679546243222,1679546243554
1679546243182,1679546243594
1679546243377,1679546243618
1679546243664,1679546243764
1679546243546,1679546243791
1679546243643,1679546243824
1679546243610,1679546243915
1679546243759,1679546243991
1679546243838,1679546244047
1679546243948,1679546244102
1679546243940,1679546244119
1679546243900,1679546244188
1679546244052,1679546244328
1679546244176,1679546244357
1679546244112,1679546244387
1679546244139,1679546244478
1679546244237,1679546244571
1679546244369,1679546244617
1679546244301,1679546244655
1679546244477,1679546244688
1679546244593,1679546244734
1679546244587,1679546244817
1679546244451,1679546244837
1679546244568,1679546244844
1679546244503,1679546244850
1679546244761,1679546244952
1679546244802,1679546244971
1679546244730,1679546244984
1679546244694,1679546244986
1679546244735,1679546245035
1679546244641,1679546245058
1679546244913,1679546245070
1679546244969,1679546245093
1679546245021,1679546245259
1679546245079,1679546245358
1679546245015,1679546245390
1679546245053,1679546245464
1679546245368,1679546245547
1679546245369,1679546245629
1679546245478,1679546245781
1679546245643,1679546245845
1679546245657,1679546245854
1679546245743,1679546245967
1679546245744,1679546245981
1679546245725,1679546246033
1679546245780,1679546246036
1679546245851,1679546246079
1679546245807,1679546246199
1679546245965,1679546246239
1679546246061,1679546246255
1679546245934,1679546246255
1679546245924,1679546246283
1679546246033,1679546246285
1679546246097,1679546246357
1679546246241,1679546246378
1679546246401,1679546246547
1679546246250,1679546246565
1679546246268,1679546246572
1679546246263,1679546246624
1679546246507,1679546246741
1679546246521,1679546246757
1679546246494,1679546246768
1679546246598,1679546246854
1679546246592,1679546246906
1679546246741,1679546246965
1679546246876,1679546247148
1679546246985,1679546247221
1679546247165,1679546247327
1679546246992,1679546247390
1679546247220,1679546247405
1679546247096,1679546247467
1679546247233,1679546247472
1679546247301,1679546247473
1679546247247,1679546247670
1679546247496,1679546247723
1679546247573,1679546247730
1679546247476,1679546247735
1679546247485,1679546247755
1679546247447,1679546247814
1679546247681,1679546247897
1679546247805,1679546247952
1679546247743,1679546247997
1679546247768,1679546248008
1679546247777,1679546248044
1679546247664,1679546248092
1679546248032,1679546248120
1679546247912,1679546248148
1679546248019,1679546248207
1679546248020,1679546248295
1679546248090,1679546248404
1679546248298,1679546248448
1679546248281,1679546248495
1679546248222,1679546248509
1679546248166,1679546248543
1679546248453,1679546248557
1679546248404,1679546248673
1679546248516,1679546248769
1679546248593,1679546248846
1679546248457,1679546248876
1679546248713,1679546248926
1679546248716,1679546248994
1679546248822,1679546249000
1679546248830,1679546249021
1679546248881,1679546249052
1679546248852,1679546249091
1679546249046,1679546249201
1679546249068,1679546249276
1679546249166,1679546249402
1679546249152,1679546249431
1679546249237,1679546249491
1679546249298,1679546249537
1679546249374,1679546249571
1679546249502,1679546249641
1679546249341,1679546249680
1679546249743,1679546249901
1679546249590,1679546249912
1679546249891,1679546250134
1679546249998,1679546250137
1679546249900,1679546250179
1679546249836,1679546250216
1679546250152,1679546250330
1679546250147,1679546250352
1679546250124,1679546250355
1679546250163,1679546250363
1679546249940,1679546250379
1679546250315,1679546250524
1679546250125,1679546250536
1679546250353,1679546250573
1679546250414,1679546250589
1679546250483,1679546250653
1679546250497,1679546250656
1679546250412,1679546250667
1679546250481,1679546250713
1679546250596,1679546250789
1679546250559,1679546250831
1679546250685,1679546250926
1679546250810,1679546250927
1679546250829,1679546251086
1679546250964,1679546251121
1679546250880,1679546251154
1679546251032,1679546251176
1679546251013,1679546251321
1679546251168,1679546251359
1679546251136,1679546251368
1679546251157,1679546251373
1679546251187,1679546251392
1679546251235,1679546251447
1679546251049,1679546251475
1679546251260,1679546251477
1679546251309,1679546251524
1679546251392,1679546251611
1679546251420,1679546251679
1679546251583,1679546251812
1679546251554,1679546251898
1679546251726,1679546251910
1679546251675,1679546251926
1679546251745,1679546251933
1679546251707,1679546251954
1679546251698,1679546251960
1679546251692,1679546252024
1679546251801,1679546252099
1679546251813,1679546252141
1679546252082,1679546252348
1679546252090,1679546252497
1679546252231,1679546252530
1679546252214,1679546252532
1679546252422,1679546252607
1679546252349,1679546252645
1679546252140,1679546252713
1679546252240,1679546252735
1679546252416,1679546252757
1679546252666,1679546252803
1679546252535,1679546252803
1679546252644,1679546252938
1679546252769,1679546253004
1679546252885,1679546253019
1679546252808,1679546253079
1679546252967,1679546253148
1679546253025,1679546253215
1679546253033,1679546253237
1679546253032,1679546253243
1679546252811,1679546253263
1679546253126,1679546253303
1679546253212,1679546253467
1679546253345,1679546253512
1679546253081,1679546253525
1679546253295,1679546253566
1679546253381,1679546253584
1679546253401,1679546253636
1679546253447,1679546253723
1679546253536,1679546253744
1679546253580,1679546253812
1679546253659,1679546253906
1679546253637,1679546253910
1679546253737,1679546253926
1679546253818,1679546254018
1679546253749,1679546254045
1679546253822,1679546254131
1679546253944,1679546254132
1679546254004,1679546254204
1679546254176,1679546254320
1679546254237,1679546254377
1679546254193,1679546254416
1679546254001,1679546254419
1679546254291,1679546254481
1679546254420,1679546254592
1679546254461,1679546254621
1679546254430,1679546254647
1679546254396,1679546254663
1679546254452,1679546254716
1679546254631,1679546254810
1679546254661,1679546254835
1679546254625,1679546254926
1679546254785,1679546255053
1679546255143,1679546255311
1679546255119,1679546255322
1679546255099,1679546255327
1679546255143,1679546255364
1679546254859,1679546255391
1679546255197,1679546255392
1679546255255,1679546255462
1679546255219,1679546255483
1679546255319,1679546255540
1679546255051,1679546255561
1679546255350,1679546255569
1679546255409,1679546255627
1679546255471,1679546255658
1679546255355,1679546255666
1679546255549,1679546255785
1679546255345,1679546255816
1679546255619,1679546255818
1679546255709,1679546255899
1679546255618,1679546256039
1679546255734,1679546256085
1679546255602,1679546256116
1679546256059,1679546256230
1679546256050,1679546256241
1679546256167,1679546256320
1679546256197,1679546256385
1679546256192,1679546256532
1679546256215,1679546256543
1679546256349,1679546256548
1679546256314,1679546256564
1679546256380,1679546256607
1679546256288,1679546256688
1679546256336,1679546256717
1679546256373,1679546256720
1679546256293,1679546256764
1679546256461,1679546256775
1679546256615,1679546256816
1679546256469,1679546256858
1679546256589,1679546256906
1679546256777,1679546256993
1679546257120,1679546257301
1679546257052,1679546257312
1679546257113,1679546257315
1679546257188,1679546257382
1679546257327,1679546257458
1679546257275,1679546257503
1679546257524,1679546257713
1679546257520,1679546257788
1679546257451,1679546257813
1679546257621,1679546257818
1679546257524,1679546257917
1679546257737,1679546257972
1679546257832,1679546258001
1679546257877,1679546258027
1679546257930,1679546258107
1679546257893,1679546258133
1679546257830,1679546258169
1679546257936,1679546258181
1679546257870,1679546258187
1679546258036,1679546258214
1679546258008,1679546258303
1679546258128,1679546258345
1679546258089,1679546258396
1679546258125,1679546258462
1679546258208,1679546258513
1679546258405,1679546258572
1679546258554,1679546258794
1679546258388,1679546258802
1679546258579,1679546258873
1679546258685,1679546258946
1679546258727,1679546258988
1679546258677,1679546258993
1679546258918,1679546259163
1679546258737,1679546259170
1679546258869,1679546259173
1679546258985,1679546259259
1679546259144,1679546259336
1679546258969,1679546259342
1679546259261,1679546259467
1679546259285,1679546259486
1679546259316,1679546259573
1679546259271,1679546259651
1679546259335,1679546259700
1679546259312,1679546259710
1679546259465,1679546259729
1679546259523,1679546259773
1679546259603,1679546259822
1679546259550,1679546259839
1679546259561,1679546259857
1679546259493,1679546259956
1679546259677,1679546259987
1679546259804,1679546260009
1679546259760,1679546260047
1679546259760,1679546260056
1679546259877,1679546260098
1679546259953,1679546260134
1679546260097,1679546260279
1679546260058,1679546260352
1679546260188,1679546260374
1679546260332,1679546260486
1679546260443,1679546260628
1679546260363,1679546260677
1679546260648,1679546260953
1679546260664,1679546260984
1679546260853,1679546261001
1679546260844,1679546261077
1679546260625,1679546261088
1679546260938,1679546261142
1679546260888,1679546261194
1679546260986,1679546261198
1679546260856,1679546261247
1679546260696,1679546261249
1679546261091,1679546261319
1679546261156,1679546261374
1679546261320,1679546261485
1679546260989,1679546261536
1679546261236,1679546261614
1679546261290,1679546261625
1679546261286,1679546261652
1679546261504,1679546261730
1679546261501,1679546261780
1679546261471,1679546261810
1679546261484,1679546261810
1679546261367,1679546261832
1679546261708,1679546261905
1679546261491,1679546261911
1679546261760,1679546261931
1679546261789,1679546261959
1679546261617,1679546262032
1679546261833,1679546262061
1679546262009,1679546262202
1679546262085,1679546262307
1679546262116,1679546262314
1679546262092,1679546262337
1679546262226,1679546262535
1679546262247,1679546262539
1679546262320,1679546262551
1679546262395,1679546262557
1679546262388,1679546262586
1679546262571,1679546262727
1679546262280,1679546262728
1679546262585,1679546262759
1679546262500,1679546262802
1679546262629,1679546262829
1679546262640,1679546262854
1679546262811,1679546263041
1679546262908,1679546263045
1679546262867,1679546263062
1679546262913,1679546263081
1679546262965,1679546263102
1679546262897,1679546263147
1679546262873,1679546263271
1679546263208,1679546263373
1679546263329,1679546263459
1679546263290,1679546263468
1679546263305,1679546263484
1679546263256,1679546263539
1679546263302,1679546263553
1679546263376,1679546263668
1679546263608,1679546263730
1679546263619,1679546263809
1679546263571,1679546263852
1679546263657,1679546263908
1679546263633,1679546263922
1679546263781,1679546263953
1679546263445,1679546263985
1679546263789,1679546263986
1679546263715,1679546264001
1679546263885,1679546264030
1679546263670,1679546264091
1679546264068,1679546264242
1679546264107,1679546264291
1679546264165,1679546264315
1679546264196,1679546264367
1679546264251,1679546264432
1679546264077,1679546264489
1679546264189,1679546264496
1679546264384,1679546264607
1679546264366,1679546264621
1679546264404,1679546264683
1679546264300,1679546264747
1679546264460,1679546264759
1679546264618,1679546264852
1679546264600,1679546264897
1679546264693,1679546264913
1679546264789,1679546264946
1679546264930,1679546265104
1679546264917,1679546265162
1679546265061,1679546265248
1679546264952,1679546265268
1679546265065,1679546265271
1679546265129,1679546265315
1679546265225,1679546265370
1679546265324,1679546265468
1679546265363,1679546265559
1679546265382,1679546265562
1679546265362,1679546265607
1679546265453,1679546265670
1679546265451,1679546265705
1679546265428,1679546265709
1679546265588,1679546265812
1679546265583,1679546265956
1679546265445,1679546265958
1679546265734,1679546266007
1679546265868,1679546266021
1679546265884,1679546266037
1679546265949,1679546266044
1679546265944,1679546266228
1679546266148,1679546266365
1679546266151,1679546266382
1679546266049,1679546266390
1679546266219,1679546266436
1679546266163,1679546266474
1679546266300,1679546266478
1679546266240,1679546266478
1679546266406,1679546266629
1679546266433,1679546266679
1679546266441,1679546266698
1679546266537,1679546266786
1679546266588,1679546266817
1679546266312,1679546266817
1679546266622,1679546266949
1679546266697,1679546266956
1679546266612,1679546266969
1679546266687,1679546267084
1679546267069,1679546267246
1679546266934,1679546267256
1679546267021,1679546267278
1679546267114,1679546267338
1679546267088,1679546267398
1679546267181,1679546267454
1679546267313,1679546267540
1679546267350,1679546267577
1679546267361,1679546267605
1679546267408,1679546267612
1679546267445,1679546267653
1679546267469,1679546267668
1679546267408,1679546267719
1679546267663,1679546267831
1679546267492,1679546267836
1679546267502,1679546267877
1679546267671,1679546267927
1679546267776,1679546268098
1679546267928,1679546268109
1679546267973,1679546268243
1679546268113,1679546268318
1679546267900,1679546268323
1679546268197,1679546268342
1679546268138,1679546268363
1679546268297,1679546268465
1679546268201,1679546268520
1679546268305,1679546268547
1679546268084,1679546268550
1679546268308,1679546268619
1679546268437,1679546268647
1679546268511,1679546268758
1679546268647,1679546268854
1679546268724,1679546268865
1679546268647,1679546268933
1679546268661,1679546268979
1679546268812,1679546269011
1679546268872,1679546269067
1679546268917,1679546269111
1679546268855,1679546269129
1679546268894,1679546269150
1679546269217,1679546269405
1679546269208,1679546269449
1679546269286,1679546269513
1679546269212,1679546269521
1679546269112,1679546269529
1679546269417,1679546269654
1679546269419,1679546269666
1679546269458,1679546269793
1679546269591,1679546269799
1679546269751,1679546269983
1679546269811,1679546270016
1679546269811,1679546270022
1679546269787,1679546270062
1679546269861,1679546270078
1679546270006,1679546270192
1679546270101,1679546270279
1679546270083,1679546270293
1679546270198,1679546270348
1679546270102,1679546270354
1679546270164,1679546270358
1679546270233,1679546270417
1679546270129,1679546270454
1679546270280,1679546270544
1679546270155,1679546270584
1679546270460,1679546270634
1679546270446,1679546270662
1679546270377,1679546270679
1679546270279,1679546270727
1679546270580,1679546270846
1679546270678,1679546270895
1679546270669,1679546270907
1679546270795,1679546270990
1679546270769,1679546271067
1679546270876,1679546271099
1679546270770,1679546271178
1679546270956,1679546271195
1679546270889,1679546271215
1679546270829,1679546271263
1679546270983,1679546271382
1679546271228,1679546271432
1679546271365,1679546271562
1679546271297,1679546271567
1679546271327,1679546271572
1679546271383,1679546271637
1679546271431,1679546271683
1679546271540,1679546271727
1679546271576,1679546271822
1679546271719,1679546271877
1679546271700,1679546271928
1679546271769,1679546271963
1679546271881,1679546272078
1679546271896,1679546272112
1679546271861,1679546272137
1679546271917,1679546272238
1679546272025,1679546272272
1679546272185,1679546272328
1679546272207,1679546272360
1679546271996,1679546272407
1679546272368,1679546272533
1679546272327,1679546272572
1679546272317,1679546272580
1679546272543,1679546272698
1679546272474,1679546272700
1679546272484,1679546272716
1679546272564,1679546272848
1679546272637,1679546272868
1679546272700,1679546272898
1679546272719,1679546272915
1679546272607,1679546272936
1679546272519,1679546272993
1679546272755,1679546273040
1679546272843,1679546273049
1679546272895,1679546273072
1679546272836,1679546273108
1679546272886,1679546273164
1679546273045,1679546273206
1679546273087,1679546273225
1679546273189,1679546273465
1679546273233,1679546273483
1679546273313,1679546273492
1679546273299,1679546273500
1679546273321,1679546273529
1679546273425,1679546273657
1679546273528,1679546273765
1679546273481,1679546273789
1679546273759,1679546273898
1679546273735,1679546273930
1679546273758,1679546273933
1679546273683,1679546274009
1679546273970,1679546274110
1679546273783,1679546274111
1679546273979,1679546274203
1679546273891,1679546274266
1679546274049,1679546274313
1679546274180,1679546274315
1679546274149,1679546274392
1679546274211,1679546274404
1679546274081,1679546274429
1679546274002,1679546274456
1679546274259,1679546274492
1679546274117,1679546274502
1679546274399,1679546274620
1679546274484,1679546274701
1679546274492,1679546274737
1679546274566,1679546274788
1679546274741,1679546275011
1679546274839,1679546275012
1679546274806,1679546275052
1679546274678,1679546275079
1679546274921,1679546275084
1679546274872,1679546275090
1679546274875,1679546275164
1679546275030,1679546275220
1679546275068,1679546275320
1679546275077,1679546275341
1679546275225,1679546275480
1679546275172,1679546275506
1679546275309,1679546275556
1679546275348,1679546275557
1679546275509,1679546275739
1679546275445,1679546275748
1679546275503,1679546275778
1679546275771,1679546275892
1679546275700,1679546275946
1679546275595,1679546275958
1679546275832,1679546276016
1679546275746,1679546276027
1679546275807,1679546276034
1679546275946,1679546276114
1679546275927,1679546276146
1679546275887,1679546276167
1679546275879,1679546276176
1679546275971,1679546276199
1679546276136,1679546276367
1679546276207,1679546276461
1679546276142,1679546276470
1679546276303,1679546276486
1679546276280,1679546276546
1679546276260,1679546276619
1679546276448,1679546276699
1679546276328,1679546276743
1679546276599,1679546276776
1679546276602,1679546276831
1679546276745,1679546276966
1679546276589,1679546276975
1679546276763,1679546277032
1679546276913,1679546277126
1679546276940,1679546277207
1679546276820,1679546277211
1679546277044,1679546277226
1679546277004,1679546277231
1679546276856,1679546277244
1679546277151,1679546277300
1679546277004,1679546277384
1679546277193,1679546277472
1679546277179,1679546277523
1679546277442,1679546277623
1679546277501,1679546277693
1679546277289,1679546277719
1679546277379,1679546277721
1679546277513,1679546277860
1679546277609,1679546277871
1679546277676,1679546277925
1679546277689,1679546277929
1679546277724,1679546277994
1679546277547,1679546278000
1679546277890,1679546278096
1679546277860,1679546278148
1679546277949,1679546278175
1679546278082,1679546278201
1679546278109,1679546278268
1679546278235,1679546278364
1679546278191,1679546278388
1679546278217,1679546278409
1679546277913,1679546278414
1679546278357,1679546278534
1679546278172,1679546278534
1679546278360,1679546278535
1679546278249,1679546278546
1679546278389,1679546278591
1679546278437,1679546278647
1679546278441,1679546278684
1679546278453,1679546278738
1679546278503,1679546278842
1679546278773,1679546278922
1679546278736,1679546278935
1679546278853,1679546279089
1679546278953,1679546279103
1679546278891,1679546279136
1679546279222,1679546279366
1679546279325,1679546279441
1679546279222,1679546279472
1679546279349,1679546279549
1679546279255,1679546279554
1679546279327,1679546279554
1679546279313,1679546279590
1679546279402,1679546279626
1679546279421,1679546279718
1679546279521,1679546279741
1679546279290,1679546279767
1679546279438,1679546279771
1679546279645,1679546279787
1679546279619,1679546279845
1679546279759,1679546279869
1679546279695,1679546279930
1679546279757,1679546279976
1679546279755,1679546280041
1679546279516,1679546280043
1679546279665,1679546280080
1679546280006,1679546280173
1679546280058,1679546280197
1679546279959,1679546280214
1679546280341,1679546280488
1679546280304,1679546280560
1679546280399,1679546280575
1679546280402,1679546280586
1679546280395,1679546280614
1679546280469,1679546280752
1679546280572,1679546280817
1679546280665,1679546280902
1679546280781,1679546280931
1679546280520,1679546280952
1679546280746,1679546281025
1679546280899,1679546281047
1679546280985,1679546281133
1679546281069,1679546281200
1679546281009,1679546281233
1679546280976,1679546281268
1679546281085,1679546281283
1679546281165,1679546281393
1679546281181,1679546281406
1679546281081,1679546281479
1679546281218,1679546281511
1679546281354,1679546281535
1679546281264,1679546281686
1679546281420,1679546281689
1679546281488,1679546281730
1679546281486,1679546281907
1679546281746,1679546281912
1679546281759,1679546281986
1679546281811,1679546282034
1679546281730,1679546282039
1679546281753,1679546282057
1679546281553,1679546282131
1679546282045,1679546282240
1679546282060,1679546282329
1679546282089,1679546282368
1679546282101,1679546282448
1679546282169,1679546282459
1679546282370,1679546282540
1679546282233,1679546282624
1679546282416,1679546282668
1679546282532,1679546282668
1679546282397,1679546282685
1679546282529,1679546282688
1679546282389,1679546282694
1679546282468,1679546282700
1679546282412,1679546282755
1679546282747,1679546282891
1679546282616,1679546282921
1679546282770,1679546283013
1679546282617,1679546283017
1679546282827,1679546283052
1679546282921,1679546283114
1679546283006,1679546283176
1679546283041,1679546283221
1679546282967,1679546283237
1679546283159,1679546283293
1679546283224,1679546283413
1679546283243,1679546283484
1679546283466,1679546283568
1679546283369,1679546283570
1679546283290,1679546283589
1679546283371,1679546283664
1679546283558,1679546283761
1679546283576,1679546283929
1679546283727,1679546283940
1679546283709,1679546283982
1679546283881,1679546284027
1679546283795,1679546284028
1679546283981,1679546284128
1679546283839,1679546284225
1679546284047,1679546284305
1679546284069,1679546284323
1679546284002,1679546284330
1679546284048,1679546284336
1679546284184,1679546284352
1679546284225,1679546284477
1679546284387,1679546284516
1679546284281,1679546284541
1679546284406,1679546284564
1679546284385,1679546284618
1679546284612,1679546284753
1679546284652,1679546284763
1679546284476,1679546284802
1679546284615,1679546284819
1679546284660,1679546284953
1679546284890,1679546285011
1679546284828,1679546285014
1679546284891,1679546285112
1679546284935,1679546285134
1679546284909,1679546285194
1679546284977,1679546285252
1679546284987,1679546285252
1679546285212,1679546285414
1679546285028,1679546285425
1679546285223,1679546285438
1679546285405,1679546285517
1679546285205,1679546285551
1679546285368,1679546285561
1679546285332,1679546285595
1679546285284,1679546285688
1679546285427,1679546285699
1679546285475,1679546285703
1679546285445,1679546285707
1679546285561,1679546285781
1679546285628,1679546285819
1679546285718,1679546285910
1679546285751,1679546286047
1679546285682,1679546286120
1679546285848,1679546286216
1679546286072,1679546286227
1679546285903,1679546286238
1679546286010,1679546286271
1679546286117,1679546286325
1679546286169,1679546286363
1679546286076,1679546286402
1679546286162,1679546286492
1679546286180,1679546286504
1679546286336,1679546286535
1679546286397,1679546286563
1679546286313,1679546286620
1679546286581,1679546286714
1679546286448,1679546286727
1679546286445,1679546286797
1679546286490,1679546286826
1679546286710,1679546286891
1679546286611,1679546287038
1679546286789,1679546287101
1679546286905,1679546287101
1679546286844,1679546287104
1679546286982,1679546287150
1679546286761,1679546287184
1679546286905,1679546287188
1679546287091,1679546287337
1679546287093,1679546287363
1679546287141,1679546287398
1679546287011,1679546287428
1679546287269,1679546287489
1679546287268,1679546287500
1679546287564,1679546287739
1679546287564,1679546287770
1679546287710,1679546287849
1679546287421,1679546287884
1679546287662,1679546287925
1679546287841,1679546288006
1679546287833,1679546288027
1679546287797,1679546288033
1679546287956,1679546288153
1679546287952,1679546288155
1679546287764,1679546288228
1679546288105,1679546288270
1679546288025,1679546288276
1679546288033,1679546288289
1679546288110,1679546288349
1679546288153,1679546288378
1679546288122,1679546288407
1679546288241,1679546288460
1679546288031,1679546288484
1679546288285,1679546288515
1679546288309,1679546288564
1679546288493,1679546288686
1679546288313,1679546288704
1679546288558,1679546288777
1679546288580,1679546288778
1679546288619,1679546288822
1679546288705,1679546288973
1679546288765,1679546289014
1679546288836,1679546289119
1679546288852,1679546289224
1679546288966,1679546289234
1679546289083,1679546289249
1679546289049,1679546289349
1679546289135,1679546289392
1679546289160,1679546289405
1679546289199,1679546289417
1679546289267,1679546289425
1679546289225,1679546289437
1679546289297,1679546289553
1679546289465,1679546289641
1679546289550,1679546289660
1679546289406,1679546289707
1679546289518,1679546289762
1679546289611,1679546289813
1679546289597,1679546289825
1679546289605,1679546289845
1679546289628,1679546289853
1679546289608,1679546289862
1679546289721,1679546289937
1679546289869,1679546290061
1679546289939,1679546290137
1679546289804,1679546290146
1679546290036,1679546290236
1679546289787,1679546290263
1679546290157,1679546290318
1679546290119,1679546290415
1679546290181,1679546290438
1679546290056,1679546290444
1679546290468,1679546290722
1679546290581,1679546290808
1679546290702,1679546290876
1679546290624,1679546290877
1679546290671,1679546290902
1679546290668,1679546290948
1679546290668,1679546290965
1679546290848,1679546290991
1679546290758,1679546291067
1679546290920,1679546291136
1679546290963,1679546291177
1679546291123,1679546291334
1679546291191,1679546291342
1679546291220,1679546291370
1679546291075,1679546291390
1679546290942,1679546291390
1679546291061,1679546291411
1679546291101,1679546291422
1679546291189,1679546291430
1679546291357,1679546291543
1679546291308,1679546291555
1679546291218,1679546291636
1679546291541,1679546291675
1679546291550,1679546291740
1679546291444,1679546291741
1679546291573,1679546291975
1679546291788,1679546292026
1679546291743,1679546292041
1679546291794,1679546292162
1679546291949,1679546292186
1679546292062,1679546292289
1679546292103,1679546292334
1679546292075,1679546292428
1679546292171,1679546292429
1679546292212,1679546292436
1679546292127,1679546292443
1679546292183,1679546292456
1679546292258,1679546292480
1679546292288,1679546292495
1679546292455,1679546292642
1679546292405,1679546292652
1679546292443,1679546292694
1679546292435,1679546292785
1679546292622,1679546292795
1679546292649,1679546292841
1679546292682,1679546292971
1679546292763,1679546292986
1679546292707,1679546293014
1679546292874,1679546293067
1679546293053,1679546293242
1679546293113,1679546293296
1679546292628,1679546293301
1679546293138,1679546293354
1679546293167,1679546293410
1679546293255,1679546293461
1679546293388,1679546293620
1679546293433,1679546293629
1679546293532,1679546293694
1679546293541,1679546293773
1679546293629,1679546293848
1679546293571,1679546293850
1679546293695,1679546293854
1679546293706,1679546293935
1679546293728,1679546293980
1679546293756,1679546294026
1679546293794,1679546294028
1679546293883,1679546294056
1679546293774,1679546294079
1679546293967,1679546294160
1679546294028,1679546294244
1679546294168,1679546294364
1679546294199,1679546294432
1679546294049,1679546294449
1679546294129,1679546294570
1679546294446,1679546294597
1679546294465,1679546294680
1679546294634,1679546294800
1679546294674,1679546294816
1679546294454,1679546294816
1679546294570,1679546294825
1679546294469,1679546294849
1679546294669,1679546294937
1679546294674,1679546294961
1679546294696,1679546295037
1679546294784,1679546295047
1679546294839,1679546295051
1679546294852,1679546295162
1679546295006,1679546295195
1679546294916,1679546295198
1679546295036,1679546295316
1679546295115,1679546295334
1679546295156,1679546295348
1679546295047,1679546295362
1679546295262,1679546295412
1679546295110,1679546295452
1679546295328,1679546295564
1679546295365,1679546295635
1679546295420,1679546295659
1679546295301,1679546295679
1679546295360,1679546295690
1679546295556,1679546295747
1679546295537,1679546295756
1679546295648,1679546295966
1679546295625,1679546296045
1679546295883,1679546296094
1679546295989,1679546296249
1679546296113,1679546296256
1679546296038,1679546296261
1679546296154,1679546296421
1679546296133,1679546296431
1679546296315,1679546296554
1679546296209,1679546296579
1679546296349,1679546296582
1679546296436,1679546296595
1679546296497,1679546296737
1679546296373,1679546296740
1679546296460,1679546296759
1679546296475,1679546296802
1679546296572,1679546296846
1679546296508,1679546296873
1679546296569,1679546296949
1679546296632,1679546296969
1679546296617,1679546297022
1679546296723,1679546297057
1679546296556,1679546297058
1679546296757,1679546297068
1679546296945,1679546297103
1679546296800,1679546297138
1679546296985,1679546297201
1679546297144,1679546297384
1679546297304,1679546297479
1679546297153,1679546297524
1679546297415,1679546297711
1679546297454,1679546297718
1679546297584,1679546297767
1679546297411,1679546297779
1679546297662,1679546297818
1679546297611,1679546297901
1679546297432,1679546297905
1679546297673,1679546297922
1679546297761,1679546297964
1679546297763,1679546298012
1679546297850,1679546298071
1679546297915,1679546298132
1679546297949,1679546298195
1679546297905,1679546298222
1679546297921,1679546298238
1679546297994,1679546298239
1679546297804,1679546298262
1679546298111,1679546298342
1679546298143,1679546298411
1679546298257,1679546298466
1679546298377,1679546298550
1679546298406,1679546298581
1679546298554,1679546298700
1679546298580,1679546298762
1679546298599,1679546298773
1679546298533,1679546298834
1679546298570,1679546298893
1679546298852,1679546299011
1679546298747,1679546299023
1679546298836,1679546299026
1679546298821,1679546299038
1679546298703,1679546299043
1679546298986,1679546299209
1679546298958,1679546299223
1679546299041,1679546299298
1679546299029,1679546299308
1679546299010,1679546299376
1679546298941,1679546299416
1679546299198,1679546299417
1679546299160,1679546299433
1679546299349,1679546299496
1679546299444,1679546299592
1679546299388,1679546299680
1679546299608,1679546299775
1679546299643,1679546299780
1679546299557,1679546299829
1679546299573,1679546299931
1679546299682,1679546299938
1679546299720,1679546299945
1679546299771,1679546299980
1679546299912,1679546300044
1679546299750,1679546300058
1679546299912,1679546300143
1679546299988,1679546300176
1679546300143,1679546300370
1679546300121,1679546300372
1679546300153,1679546300396
1679546300003,1679546300399
1679546300303,1679546300536
1679546300314,1679546300539
1679546300379,1679546300579
1679546300473,1679546300688
1679546300492,1679546300713
1679546300456,1679546300732
1679546300651,1679546300803
1679546300611,1679546300886
1679546300547,1679546300944
1679546300687,1679546300993
1679546300810,1679546301055
1679546300780,1679546301095
1679546300881,1679546301173
1679546300996,1679546301198
1679546300913,1679546301234
1679546300911,1679546301306
1679546301077,1679546301312
1679546301174,1679546301349
1679546301266,1679546301421
1679546301124,1679546301483
1679546301355,1679546301545
1679546301360,1679546301547
1679546301457,1679546301653
1679546301448,1679546301677
1679546301485,1679546301708
1679546301439,1679546301775
1679546301583,1679546301779
1679546301429,1679546301812
1679546301580,1679546301828
1679546301477,1679546301871
1679546301825,1679546301997
1679546301877,1679546302097
1679546301932,1679546302150
1679546302083,1679546302213
1679546301973,1679546302253
1679546302046,1679546302267
1679546301948,1679546302280
1679546302178,1679546302325
1679546302142,1679546302344
1679546302248,1679546302430
1679546302285,1679546302512
1679546302358,1679546302559
1679546302329,1679546302576
1679546302294,1679546302620
1679546302297,1679546302621
1679546302392,1679546302645
1679546302380,1679546302791
1679546302565,1679546302847
1679546302864,1679546303020
1679546302913,1679546303090
1679546302648,1679546303095
1679546302854,1679546303143
1679546302990,1679546303156
1679546303059,1679546303216
1679546303052,1679546303249
1679546303048,1679546303253
1679546303093,1679546303312
1679546303208,1679546303392
1679546303152,1679546303402
1679546303192,1679546303433
1679546303220,1679546303536
1679546303356,1679546303544
1679546303340,1679546303597
1679546303320,1679546303615
1679546303340,1679546303627
1679546303481,1679546303754
1679546303624,1679546303782
1679546303281,1679546303793
1679546303575,1679546303839
1679546303464,1679546303858
1679546303666,1679546303888
1679546303708,1679546303931
1679546303832,1679546303952
1679546303823,1679546303992
1679546303867,1679546304160
1679546303990,1679546304227
1679546304163,1679546304350
1679546304299,1679546304473
1679546304419,1679546304520
1679546304382,1679546304555
1679546304268,1679546304557
1679546304464,1679546304643
1679546304481,1679546304690
1679546304463,1679546304691
1679546304467,1679546304716
1679546304592,1679546304755
1679546304664,1679546304925
1679546304615,1679546304933
1679546304625,1679546304991
1679546304685,1679546305032
1679546304817,1679546305125
1679546304809,1679546305127
1679546305079,1679546305215
1679546305106,1679546305284
1679546305035,1679546305285
1679546305096,1679546305287
1679546305098,1679546305325
1679546305024,1679546305329
1679546305232,1679546305518
1679546305251,1679546305524
1679546305396,1679546305528
1679546305344,1679546305575
1679546305334,1679546305612
1679546305378,1679546305712
1679546305568,1679546305806
1679546305596,1679546305833
1679546305623,1679546305866
1679546305731,1679546305928
1679546305717,1679546305948
1679546305732,1679546305987
1679546305785,1679546306052
1679546305806,1679546306067
1679546305894,1679546306131
1679546305820,1679546306133
1679546305894,1679546306138
1679546305881,1679546306196
1679546305952,1679546306219
1679546305945,1679546306259
1679546306139,1679546306411
1679546306274,1679546306537
1679546306337,1679546306537
1679546306319,1679546306564
1679546306297,1679546306635
1679546306424,1679546306646
1679546306490,1679546306759
1679546306529,1679546306801
1679546306612,1679546306829
1679546306330,1679546306847
1679546306745,1679546306902
1679546306732,1679546306999
1679546306854,1679546307099
1679546306936,1679546307122
1679546306865,1679546307142
1679546306993,1679546307152
1679546306985,1679546307273
1679546307022,1679546307323
1679546307097,1679546307340
1679546307140,1679546307347
1679546307101,1679546307355
1679546307197,1679546307474
1679546307256,1679546307480
1679546307109,1679546307481
1679546307284,1679546307485
1679546307378,1679546307646
1679546307504,1679546307653
1679546307389,1679546307656
1679546307456,1679546307661
1679546307487,1679546307730
1679546307607,1679546307823
1679546307583,1679546307902
1679546307792,1679546308023
1679546307827,1679546308076
1679546307863,1679546308160
1679546307872,1679546308225
1679546307974,1679546308227
1679546308163,1679546308258
1679546308019,1679546308335
1679546308171,1679546308423
1679546308170,1679546308491
1679546308296,1679546308499
1679546308263,1679546308525
1679546308401,1679546308562
1679546308344,1679546308569
1679546308427,1679546308637
1679546308500,1679546308700
1679546308587,1679546308722
1679546308626,1679546308781
1679546308528,1679546308833
1679546308519,1679546308836
1679546308711,1679546308913
1679546308441,1679546308993
1679546308727,1679546309025
1679546308854,1679546309128
1679546308948,1679546309209
1679546308899,1679546309251
1679546309058,1679546309279
1679546309088,1679546309318
1679546309121,1679546309332
1679546309125,1679546309404
1679546309290,1679546309436
1679546308993,1679546309472
1679546309383,1679546309514
1679546309325,1679546309575
1679546309375,1679546309655
1679546309514,1679546309719
1679546309543,1679546309729
1679546309579,1679546309776
1679546309549,1679546309779
1679546309634,1679546309852
1679546309653,1679546309967
1679546309776,1679546309987
1679546309863,1679546310031
1679546309779,1679546310048
1679546309752,1679546310058
1679546309869,1679546310067
1679546309855,1679546310118
1679546309985,1679546310191
1679546310052,1679546310296
1679546309963,1679546310365
1679546310038,1679546310373
1679546310204,1679546310413
1679546310335,1679546310442
1679546310155,1679546310513
1679546310408,1679546310586
1679546310412,1679546310675
1679546310483,1679546310696
1679546310408,1679546310732
1679546310417,1679546310811
1679546310606,1679546310858
1679546310676,1679546310906
1679546310721,1679546310907
1679546310726,1679546311058
1679546310781,1679546311132
1679546310866,1679546311135
1679546310957,1679546311136
1679546310981,1679546311145
1679546310934,1679546311150
1679546311009,1679546311253
1679546311093,1679546311368
1679546311161,1679546311374
1679546311258,1679546311447
1679546311199,1679546311472
1679546311289,1679546311525
1679546311338,1679546311553
1679546311303,1679546311563
1679546311388,1679546311666
1679546311647,1679546311806
1679546311685,1679546311902
1679546311636,1679546311909
1679546311470,1679546311917
1679546311766,1679546311950
1679546311715,1679546311953
1679546311690,1679546311960
1679546311664,1679546311986
1679546311787,1679546312112
1679546311994,1679546312135
1679546311768,1679546312148
1679546311797,1679546312290
1679546311811,1679546312291
1679546312074,1679546312347
1679546312155,1679546312365
1679546312216,1679546312483
1679546312361,1679546312572
1679546312320,1679546312581
1679546312423,1679546312665
1679546312431,1679546312698
1679546312560,1679546312739
1679546312689,1679546312822
1679546312544,1679546312849
1679546312761,1679546312918
1679546312670,1679546312932
1679546312832,1679546313005
1679546312806,1679546313040
1679546312707,1679546313053
1679546312998,1679546313153
1679546312849,1679546313196
1679546313006,1679546313214
1679546313206,1679546313333
1679546312978,1679546313347
1679546313129,1679546313357
1679546313221,1679546313376
1679546313091,1679546313446
1679546313280,1679546313471
1679546313160,1679546313503
1679546313400,1679546313573
1679546313262,1679546313581
1679546313478,1679546313682
1679546313499,1679546313752
1679546313470,1679546313777
1679546313620,1679546313786
1679546313708,1679546313912
1679546313958,1679546314076
1679546313810,1679546314117
1679546314003,1679546314270
1679546313777,1679546314274
1679546314109,1679546314276
1679546313952,1679546314297
1679546314126,1679546314303
1679546314095,1679546314386
1679546314155,1679546314427
1679546314233,1679546314429
1679546314329,1679546314517
1679546314346,1679546314587
1679546314276,1679546314588
1679546314466,1679546314671
1679546314564,1679546314682
1679546314503,1679546314723
1679546314562,1679546314787
1679546314516,1679546314834
1679546314595,1679546314866
1679546314649,1679546314876
1679546314756,1679546314881
1679546314593,1679546314896
1679546314687,1679546314932
1679546315052,1679546315185
1679546315035,1679546315204
1679546314988,1679546315278
1679546314728,1679546315285
1679546315050,1679546315310
1679546315144,1679546315406
1679546315183,1679546315444
1679546315313,1679546315484
1679546315086,1679546315486
1679546315533,1679546315706
1679546315473,1679546315720
1679546315563,1679546315894
1679546315746,1679546315951
1679546315605,1679546315964
1679546315748,1679546315976
1679546315744,1679546315982
1679546315604,1679546316026
1679546315942,1679546316113
1679546315556,1679546316148
1679546315831,1679546316175
1679546315994,1679546316179
1679546316069,1679546316204
1679546315782,1679546316213
1679546315923,1679546316250
1679546316149,1679546316378
1679546316201,1679546316402
1679546316186,1679546316402
1679546316170,1679546316404
1679546316320,1679546316565
1679546316367,1679546316664
1679546316385,1679546316709
1679546316565,1679546316810
1679546316437,1679546316835
1679546316733,1679546316911
1679546316700,1679546316954
1679546316777,1679546317002
1679546316681,1679546317016
1679546316883,1679546317031
1679546316863,1679546317142
1679546316901,1679546317172
1679546316989,1679546317180
1679546317028,1679546317277
1679546317029,1679546317352
1679546317217,1679546317376
1679546317331,1679546317506
1679546317224,1679546317527
1679546317374,1679546317527
1679546317360,1679546317558
1679546317225,1679546317605
1679546317296,1679546317677
1679546317478,1679546317713
1679546317584,1679546317718
1679546317481,1679546317734
1679546317534,1679546317780
1679546317645,1679546317792
1679546317545,1679546317873
1679546317932,1679546318225
1679546318053,1679546318252
1679546318078,1679546318286
1679546318126,1679546318313
1679546317940,1679546318344
1679546318186,1679546318400
1679546318088,1679546318413
1679546318213,1679546318445
1679546318344,1679546318533
1679546318390,1679546318580
1679546318400,1679546318591
1679546318339,1679546318597
1679546318337,1679546318646
1679546318496,1679546318717
1679546318614,1679546318732
1679546318485,1679546318738
1679546318681,1679546318912
1679546318699,1679546318931
1679546318703,1679546318976
1679546318632,1679546319012
1679546318853,1679546319071
1679546318929,1679546319091
1679546318906,1679546319105
1679546318967,1679546319140
1679546319025,1679546319192
1679546318999,1679546319263
1679546319153,1679546319331
1679546319189,1679546319376
1679546319197,1679546319382
1679546319178,1679546319424
1679546319249,1679546319500
1679546319287,1679546319537
1679546319336,1679546319561
1679546319419,1679546319630
1679546319562,1679546319709
1679546319301,1679546319751
1679546319661,1679546319814
1679546319619,1679546319960
1679546319796,1679546319985
1679546319740,1679546319995
1679546319761,1679546320059
1679546319744,1679546320061
1679546319922,1679546320076
1679546319991,1679546320218
1679546320015,1679546320233
1679546320219,1679546320340
1679546319951,1679546320424
1679546320137,1679546320433
1679546320154,1679546320527
1679546320079,1679546320529
1679546320256,1679546320539
1679546320388,1679546320545
1679546320437,1679546320668
1679546320388,1679546320678
1679546320395,1679546320688
1679546320494,1679546320714
1679546320520,1679546320733
1679546320687,1679546320881
1679546320730,1679546320948
1679546320800,1679546320956
1679546320687,1679546320959
1679546320787,1679546321169
1679546320933,1679546321179
1679546320969,1679546321233
1679546321088,1679546321342
1679546321126,1679546321376
1679546321243,1679546321428
1679546321334,1679546321492
1679546321150,1679546321554
1679546321247,1679546321605
1679546321432,1679546321631
1679546321345,1679546321637
1679546321257,1679546321637
1679546321576,1679546321739
1679546321510,1679546321801
1679546321580,1679546321803
1679546321512,1679546321816
1679546321618,1679546321906
1679546321647,1679546321919
1679546321591,1679546321967
1679546321581,1679546321999
1679546321904,1679546322069
1679546321877,1679546322074
1679546321820,1679546322161
1679546321962,1679546322235
1679546322092,1679546322262
1679546322091,1679546322283
1679546322123,1679546322381
1679546322148,1679546322511
1679546322260,1679546322541
1679546322418,1679546322620
1679546322443,1679546322685
1679546322560,1679546322704
1679546322489,1679546322745
1679546322483,1679546322768
1679546322518,1679546322854
1679546322655,1679546322876
1679546322780,1679546322950
1679546322813,1679546323080
1679546322801,1679546323088
1679546322955,1679546323095
1679546322967,1679546323142
1679546322950,1679546323175
1679546322832,1679546323202
1679546323025,1679546323224
1679546323205,1679546323348
1679546323206,1679546323350
1679546323230,1679546323364
1679546323115,1679546323370
1679546323334,1679546323475
1679546323330,1679546323540
1679546323482,1679546323638
1679546323552,1679546323715
1679546323633,1679546323763
1679546323636,1679546323787
1679546323639,1679546323854
1679546323821,1679546323986
1679546323709,1679546324017
1679546323818,1679546324036
1679546323942,1679546324058
1679546323736,1679546324103
1679546323981,1679546324160
1679546323965,1679546324257
1679546324112,1679546324258
1679546324048,1679546324332
1679546324133,1679546324378
1679546324094,1679546324392
1679546324146,1679546324414
1679546324285,1679546324491
1679546324189,1679546324510
1679546324217,1679546324526
1679546324376,1679546324568
1679546324386,1679546324590
1679546324657,1679546324781
1679546324577,1679546324787
1679546324642,1679546324935
1679546324564,1679546324964
1679546324932,1679546325030
1679546324933,1679546325134
1679546324701,1679546325151
1679546324929,1679546325209
1679546325089,1679546325272
1679546325010,1679546325307
1679546325205,1679546325374
1679546325086,1679546325381
1679546325296,1679546325462
1679546325274,1679546325501
1679546325270,1679546325573
1679546325380,1679546325647
1679546325512,1679546325717
1679546325420,1679546325818
1679546325532,1679546325838
1679546325482,1679546325850
1679546325611,1679546325863
1679546325617,1679546325869
1679546325740,1679546326024
1679546325826,1679546326072
1679546325749,1679546326100
1679546325990,1679546326136
1679546325911,1679546326221
1679546326051,1679546326366
1679546325834,1679546326389
1679546326234,1679546326391
1679546326158,1679546326419
1679546326268,1679546326446
1679546326273,1679546326505
1679546326264,1679546326546
1679546326274,1679546326565
1679546326497,1679546326673
1679546326479,1679546326707
1679546326389,1679546326737
1679546326513,1679546326756
1679546326605,1679546326776
1679546326663,1679546326830
1679546326777,1679546327082
1679546326923,1679546327127
1679546327213,1679546327342
1679546327217,1679546327431
1679546327178,1679546327440
1679546327237,1679546327479
1679546327092,1679546327505
1679546327293,1679546327506
1679546327339,1679546327581
1679546327462,1679546327642
1679546327431,1679546327666
1679546327496,1679546327673
1679546327462,1679546327706
1679546327369,1679546327740
1679546327557,1679546327764
1679546327467,1679546327789
1679546327592,1679546327829
1679546327694,1679546327920
1679546327576,1679546327939
1679546327497,1679546327956
1679546327708,1679546327996
1679546327824,1679546328063
1679546327888,1679546328095
1679546327877,1679546328105
1679546327717,1679546328170
1679546327974,1679546328232
1679546328096,1679546328276
1679546328097,1679546328410
1679546328259,1679546328465
1679546328389,1679546328514
1679546328195,1679546328565
1679546328456,1679546328680
1679546328490,1679546328773
1679546328539,1679546328853
1679546328625,1679546328859
1679546328647,1679546328860
1679546328684,1679546328932
1679546328818,1679546329015
1679546328743,1679546329034
1679546328843,1679546329051
1679546328857,1679546329193
1679546328982,1679546329206
1679546328966,1679546329241
1679546328969,1679546329281
1679546329135,1679546329356
1679546329200,1679546329371
1679546329042,1679546329398
1679546329256,1679546329459
1679546329266,1679546329600
1679546329269,1679546329609
1679546329356,1679546329647
1679546329256,1679546329650
1679546329480,1679546329777
1679546329613,1679546329798
1679546329778,1679546329894
1679546329716,1679546329995
1679546329781,1679546330011
1679546329883,1679546330041
1679546329750,1679546330058
1679546329720,1679546330064
1679546329877,1679546330115
1679546329968,1679546330130
1679546329989,1679546330154
1679546330240,1679546330391
1679546330281,1679546330440
1679546330195,1679546330490
1679546330285,1679546330509
1679546330391,1679546330569
1679546330365,1679546330600
1679546330396,1679546330628
1679546330426,1679546330653
1679546330531,1679546330829
1679546330578,1679546330853
1679546330612,1679546330881
1679546330767,1679546330924
1679546330621,1679546330942
1679546330659,1679546330965
1679546330779,1679546330984
1679546330719,1679546331055
1679546330592,1679546331060
1679546330806,1679546331067
1679546330757,1679546331096
1679546330981,1679546331171
1679546331036,1679546331180
1679546331084,1679546331289
1679546330969,1679546331399
1679546331147,1679546331435
1679546331094,1679546331466
1679546331225,1679546331490
1679546331333,1679546331497
1679546331369,1679546331530
1679546331376,1679546331637
1679546331358,1679546331640
1679546331476,1679546331795
1679546331583,1679546331816
1679546331605,1679546331821
1679546331616,1679546331868
1679546331876,1679546332139
1679546331978,1679546332160
1679546332039,1679546332173
1679546331948,1679546332174
1679546332025,1679546332196
1679546332210,1679546332345
1679546332154,1679546332392
1679546332000,1679546332445
1679546332319,1679546332514
1679546332309,1679546332521
1679546332317,1679546332541
1679546332437,1679546332681
1679546332497,1679546332685
1679546332460,1679546332687
1679546332574,1679546332734
1679546332531,1679546332773
1679546332602,1679546332897
1679546332727,1679546332929
1679546332769,1679546333018
1679546332823,1679546333027
1679546332929,1679546333096
1679546332949,1679546333120
1679546332990,1679546333128
1679546332835,1679546333176
1679546333190,1679546333392
1679546333051,1679546333397
1679546333094,1679546333412
1679546333167,1679546333487
1679546333297,1679546333490
1679546333334,1679546333621
1679546333586,1679546333831
1679546333749,1679546333910
1679546333675,1679546333929
1679546333845,1679546333955
1679546333721,1679546333956
1679546333570,1679546333960
1679546333718,1679546333967
1679546333833,1679546334017
1679546333719,1679546334023
1679546333869,1679546334107
1679546333919,1679546334113
1679546334023,1679546334190
1679546333937,1679546334206
1679546334021,1679546334250
1679546334003,1679546334287
1679546334054,1679546334305
1679546334119,1679546334321
1679546334105,1679546334408
1679546334209,1679546334442
1679546334324,1679546334521
1679546334284,1679546334583
1679546334466,1679546334701
1679546334537,1679546334727
1679546334536,1679546334739
1679546334483,1679546334752
1679546334665,1679546334881
1679546334664,1679546335018
1679546334853,1679546335035
1679546334776,1679546335074
1679546334955,1679546335085
1679546334869,1679546335110
1679546335062,1679546335241
1679546335024,1679546335300
1679546334986,1679546335338
1679546335109,1679546335339
1679546335175,1679546335382
1679546335185,1679546335383
1679546335213,1679546335392
1679546335073,1679546335415
1679546335197,1679546335475
1679546335385,1679546335566
1679546335309,1679546335646
1679546335486,1679546335684
1679546335414,1679546335711
1679546335598,1679546335748
1679546335529,1679546335791
1679546335409,1679546335889
1679546335857,1679546336037
1679546335855,1679546336064
1679546335965,1679546336138
1679546335854,1679546336234
1679546335844,1679546336301
1679546335993,1679546336341
1679546336164,1679546336344
1679546336147,1679546336359
1679546336261,1679546336425
1679546336295,1679546336490
1679546336251,1679546336514
1679546336091,1679546336516
1679546336307,1679546336527
1679546336630,1679546336769
1679546336624,1679546336775
1679546336582,1679546336782
1679546336449,1679546336831
1679546336707,1679546336986
1679546336754,1679546337022
1679546336718,1679546337023
1679546336720,1679546337025
1679546336797,1679546337064
1679546336833,1679546337089
1679546336862,1679546337092
1679546337040,1679546337234
1679546336948,1679546337252
1679546337093,1679546337323
1679546337177,1679546337372
1679546337144,1679546337396
1679546336843,1679546337435
1679546337099,1679546337463
1679546337235,1679546337474
1679546337377,1679546337572
1679546337284,1679546337644
1679546337545,1679546337700
1679546337458,1679546337772
1679546337452,1679546337776
1679546337772,1679546337922
1679546337784,1679546337925
1679546337693,1679546338025
1679546338005,1679546338201
1679546338055,1679546338210
1679546337972,1679546338243
1679546338051,1679546338289
1679546338148,1679546338414
1679546338284,1679546338461
1679546338351,1679546338485
1679546338295,1679546338523
1679546338313,1679546338558
1679546338410,1679546338587
1679546338438,1679546338630
1679546338540,1679546338630
1679546338243,1679546338667
1679546338557,1679546338799
1679546338733,1679546338816
1679546338586,1679546338865
1679546338581,1679546338873
1679546338657,1679546338905
1679546338693,1679546338905
1679546338637,1679546338934
1679546338775,1679546338999
1679546338829,1679546339083
1679546338978,1679546339187
1679546338885,1679546339227
1679546338978,1679546339239
1679546339092,1679546339280
1679546339035,1679546339299
1679546339029,1679546339323
1679546339260,1679546339441
1679546339376,1679546339567
1679546339507,1679546339631
1679546339443,1679546339656
1679546339564,1679546339906
1679546339663,1679546339934
1679546339677,1679546339950
1679546339809,1679546339951
1679546339788,1679546339987
1679546339518,1679546339989
1679546339810,1679546340089
1679546339739,1679546340142
1679546340027,1679546340186
1679546339913,1679546340191
1679546339841,1679546340230
1679546339991,1679546340286
1679546340068,1679546340300
1679546340118,1679546340346
1679546340189,1679546340407
1679546340130,1679546340432
1679546340326,1679546340448
1679546340017,1679546340492
1679546340490,1679546340639
1679546340578,1679546340760
1679546340676,1679546340818
1679546340537,1679546340819
1679546340788,1679546341068
1679546341004,1679546341185
1679546340788,1679546341207
1679546340981,1679546341222
1679546341037,1679546341243
1679546341054,1679546341266
1679546341097,1679546341336
1679546341153,1679546341349
1679546341120,1679546341428
1679546341272,1679546341463
1679546341367,1679546341576
1679546341324,1679546341614
1679546341158,1679546341631
1679546341249,1679546341645
1679546341541,1679546341700
1679546341629,1679546341788
1679546341519,1679546341808
1679546341381,1679546341819
1679546341611,1679546341832
1679546341426,1679546341840
1679546341350,1679546341887
1679546341612,1679546341889
1679546341628,1679546341895
1679546341760,1679546341995
1679546341716,1679546342007
1679546342028,1679546342190
1679546341805,1679546342209
1679546342037,1679546342289
1679546342043,1679546342312
1679546341821,1679546342315
1679546342216,1679546342455
1679546342274,1679546342468
1679546342262,1679546342558
1679546342343,1679546342645
1679546342348,1679546342650
1679546342501,1679546342696
1679546342458,1679546342701
1679546342523,1679546342814
1679546342792,1679546342981
1679546342745,1679546343008
1679546342814,1679546343076
1679546342857,1679546343100
1679546342934,1679546343109
1679546342884,1679546343190
1679546343096,1679546343295
1679546343102,1679546343338
1679546343036,1679546343400
1679546343224,1679546343484
1679546343138,1679546343551
1679546343277,1679546343603
1679546343287,1679546343610
1679546343365,1679546343640
1679546343459,1679546343664
1679546343541,1679546343692
1679546343567,1679546343701
1679546343613,1679546343738
1679546343585,1679546343780
1679546343537,1679546343888
1679546343657,1679546343916
1679546343758,1679546343922
1679546343858,1679546344072
1679546343754,1679546344078
1679546343625,1679546344081
1679546343891,1679546344107
1679546344091,1679546344226
1679546344115,1679546344346
1679546344117,1679546344385
1679546344070,1679546344456
1679546344283,1679546344590
1679546344445,1679546344602
1679546344565,1679546344758
1679546344407,1679546344821
1679546344605,1679546344846
1679546344755,1679546344877
1679546344730,1679546344905
1679546344612,1679546344906
1679546344719,1679546344917
1679546344623,1679546344928
1679546344714,1679546344929
1679546344835,1679546345029
1679546344957,1679546345177
1679546345010,1679546345199
1679546345036,1679546345212
1679546345037,1679546345241
1679546345043,1679546345257
1679546344845,1679546345273
1679546345160,1679546345292
1679546345114,1679546345325
1679546345255,1679546345412
1679546345277,1679546345457
1679546345267,1679546345572
1679546345327,1679546345641
1679546345511,1679546345659
1679546345617,1679546345828
1679546345725,1679546345873
1679546345761,1679546345974
1679546345845,1679546345981
1679546345765,1679546346004
1679546345829,1679546346033
1679546345781,1679546346055
1679546345865,1679546346125
1679546345971,1679546346159
1679546346021,1679546346265
1679546346069,1679546346301
1679546346068,1679546346325
1679546346447,1679546346612
1679546346127,1679546346616
1679546346247,1679546346632
1679546346515,1679546346707
1679546346530,1679546346745
1679546346610,1679546346863
1679546346634,1679546346866
1679546346564,1679546346917
1679546346725,1679546346962
1679546346736,1679546346963
1679546346726,1679546347005
1679546346829,1679546347056
1679546346796,1679546347083
1679546346820,1679546347100
1679546346923,1679546347142
1679546346946,1679546347180
1679546346905,1679546347221
1679546347131,1679546347312
1679546347037,1679546347341
1679546346970,1679546347347
1679546347236,1679546347390
1679546347191,1679546347455
1679546347192,1679546347493
1679546346996,1679546347544
1679546347433,1679546347586
1679546347491,1679546347666
1679546347548,1679546347726
1679546347601,1679546347759
1679546347761,1679546347863
1679546347881,1679546348024
1679546347716,1679546348025
1679546347908,1679546348041
1679546347842,1679546348051
1679546347788,1679546348068
1679546347749,1679546348102
1679546347909,1679546348102
1679546347791,1679546348153
1679546347997,1679546348256
1679546348112,1679546348298
1679546348164,1679546348407
1679546348185,1679546348436
1679546348232,1679546348437
1679546348224,1679546348438
1679546348301,1679546348474
1679546348157,1679546348510
1679546348455,1679546348600
1679546348300,1679546348641
1679546348591,1679546348780
1679546348585,1679546348848
1679546348707,1679546348852
1679546348757,1679546348989
1679546348896,1679546349064
1679546348927,1679546349081
1679546348777,1679546349108
1679546348892,1679546349148
1679546348828,1679546349154
1679546348937,1679546349195
1679546349132,1679546349231
1679546349120,1679546349288
1679546349005,1679546349364
1679546349207,1679546349425
1679546349368,1679546349510
1679546349252,1679546349515
1679546349319,1679546349519
1679546349234,1679546349523
1679546349321,1679546349567
1679546349423,1679546349586
1679546349268,1679546349595
1679546349561,1679546349706
1679546349405,1679546349716
1679546349709,1679546349899
1679546349762,1679546349927
1679546349706,1679546350069
1679546349863,1679546350104
1679546350003,1679546350173
1679546349849,1679546350181
1679546349930,1679546350215
1679546350064,1679546350337
1679546350189,1679546350349
1679546350191,1679546350366
1679546349965,1679546350388
1679546350163,1679546350469
1679546350235,1679546350541
1679546350338,1679546350595
1679546350453,1679546350747
1679546350479,1679546350756
1679546350356,1679546350756
1679546350448,1679546350803
1679546350601,1679546350806
1679546350665,1679546350807
1679546350532,1679546350814
1679546350724,1679546350956
1679546350835,1679546351051
1679546350746,1679546351070
1679546350852,1679546351135
1679546350982,1679546351192
1679546350930,1679546351240
1679546351078,1679546351247
1679546351164,1679546351343
1679546351200,1679546351349
1679546351189,1679546351422
1679546351112,1679546351459
1679546351435,1679546351529
1679546351279,1679546351551
1679546351424,1679546351704
1679546351549,1679546351734
1679546351585,1679546351742
1679546351454,1679546351862
1679546351717,1679546351893
1679546351674,1679546351923
1679546351737,1679546351940
1679546351572,1679546351947
1679546351733,1679546351950
1679546352011,1679546352137
1679546351916,1679546352210
1679546351897,1679546352230
1679546351771,1679546352252
1679546351978,1679546352253
1679546352049,1679546352311
1679546351871,1679546352338
1679546352156,1679546352349
1679546352170,1679546352440
1679546352195,1679546352446
1679546352003,1679546352482
1679546352273,1679546352489
1679546352303,1679546352558
1679546352421,1679546352563
1679546352435,1679546352674
1679546352456,1679546352702
1679546352619,1679546352925
1679546352673,1679546352926
1679546352632,1679546352989
1679546352913,1679546353074
1679546352982,1679546353099
1679546352943,1679546353172
1679546353042,1679546353245
1679546353106,1679546353261
1679546353261,1679546353370
1679546353260,1679546353485
1679546353406,1679546353551
1679546353373,1679546353600
1679546353326,1679546353630
1679546353345,1679546353632
1679546353541,1679546353657
1679546353484,1679546353663
1679546353596,1679546353708
1679546353457,1679546353743
1679546353615,1679546353763
1679546353678,1679546353913
1679546353777,1679546353937
1679546353645,1679546353966
1679546353670,1679546353969
1679546353764,1679546353981
1679546353837,1679546354015
1679546353759,1679546354046
1679546353757,1679546354080
1679546353818,1679546354104
1679546353788,1679546354126
1679546353854,1679546354247
1679546353589,1679546354255
1679546354106,1679546354352
1679546354104,1679546354372
1679546354360,1679546354531
1679546354363,1679546354569
1679546354414,1679546354586
1679546354462,1679546354632
1679546354593,1679546354811
1679546354535,1679546354836
1679546354705,1679546354865
1679546354607,1679546354876
1679546354759,1679546354965
1679546354775,1679546355062
1679546354878,1679546355064
1679546354954,1679546355145
1679546354955,1679546355145
1679546354977,1679546355256
1679546354904,1679546355266
1679546355042,1679546355268
1679546355108,1679546355294
1679546355148,1679546355351
1679546355068,1679546355384
1679546355211,1679546355401
1679546355109,1679546355441
1679546355356,1679546355507
1679546355332,1679546355583
1679546355382,1679546355606
1679546355153,1679546355611
1679546355316,1679546355673
1679546355392,1679546355729
1679546355573,1679546355742
1679546355573,1679546355792
1679546355683,1679546355925
1679546355745,1679546356086
1679546356046,1679546356271
1679546355962,1679546356284
1679546355815,1679546356348
1679546356149,1679546356372
1679546356073,1679546356389
1679546356254,1679546356441
1679546356332,1679546356481
1679546356241,1679546356482
1679546356382,1679546356604
1679546356417,1679546356669
1679546356501,1679546356702
1679546356561,1679546356749
1679546356591,1679546356758
1679546356614,1679546356785
1679546356411,1679546356791
1679546356660,1679546356826
1679546356477,1679546356844
1679546356665,1679546356861
1679546356690,1679546356939
1679546356701,1679546356943
1679546356576,1679546357040
1679546356917,1679546357146
1679546357079,1679546357254
1679546356979,1679546357259
1679546357085,1679546357415
1679546357044,1679546357426
1679546357149,1679546357431
1679546357196,1679546357449
1679546357194,1679546357482
1679546357357,1679546357556
1679546357412,1679546357597
1679546357392,1679546357634
1679546357474,1679546357673
1679546357627,1679546357747
1679546357551,1679546357780
1679546357636,1679546357885
1679546357657,1679546357944
1679546357807,1679546358049
1679546357799,1679546358053
1679546357954,1679546358071
1679546357513,1679546358095
1679546358017,1679546358201
1679546357927,1679546358229
1679546358069,1679546358392
1679546358073,1679546358405
1679546358135,1679546358409
1679546357985,1679546358440
1679546358319,1679546358560
1679546358268,1679546358567
1679546358428,1679546358620
1679546358412,1679546358715
1679546358523,1679546358715
1679546358525,1679546358764
1679546358651,1679546358862
1679546358436,1679546358894
1679546358737,1679546358943
1679546358797,1679546358952
1679546358878,1679546359069
1679546358819,1679546359072
1679546358872,1679546359117
1679546358880,1679546359161
1679546358891,1679546359172
1679546358893,1679546359270
1679546359123,1679546359286
1679546359071,1679546359290
1679546359094,1679546359330
1679546359338,1679546359458
1679546359257,1679546359458
1679546359332,1679546359520
1679546359230,1679546359530
1679546359476,1679546359667
1679546359477,1679546359782
1679546359506,1679546359832
1679546359610,1679546359972
1679546359704,1679546359975
1679546359848,1679546359981
1679546359952,1679546360124
1679546359868,1679546360193
1679546359972,1679546360214
1679546360096,1679546360231
1679546360013,1679546360277
1679546359735,1679546360334
1679546360174,1679546360352
1679546360065,1679546360502
1679546360214,1679546360512
1679546360312,1679546360537
1679546360403,1679546360549
1679546360247,1679546360561
1679546360359,1679546360579
1679546360279,1679546360675
1679546360460,1679546360697
1679546360461,1679546360703
1679546360646,1679546360770
1679546360808,1679546360919
1679546360724,1679546360920
1679546360676,1679546360927
1679546360719,1679546360993
1679546360698,1679546361004
1679546360781,1679546361028
1679546360737,1679546361033
1679546360792,1679546361161
1679546361066,1679546361204
1679546361103,1679546361259
1679546361160,1679546361373
1679546361180,1679546361432
1679546361365,1679546361479
1679546361305,1679546361526
1679546361326,1679546361621
1679546361565,1679546361825
1679546361613,1679546361825
1679546361732,1679546361927
1679546361710,1679546361946
1679546361735,1679546361965
1679546361810,1679546362009
1679546361897,1679546362018
1679546361798,1679546362040
1679546361864,1679546362070
1679546361889,1679546362144
1679546361875,1679546362145
1679546361953,1679546362183
1679546362009,1679546362263
1679546362175,1679546362312
1679546362053,1679546362349
1679546361997,1679546362387
1679546362274,1679546362405
1679546362332,1679546362472
1679546362316,1679546362530
1679546362540,1679546362691
1679546362605,1679546362735
1679546362576,1679546362829
1679546362629,1679546362829
1679546362489,1679546362833
1679546362705,1679546362895
1679546362660,1679546362896
1679546362744,1679546362928
1679546362725,1679546363126
1679546362953,1679546363162
1679546362990,1679546363196
1679546362960,1679546363218
1679546363050,1679546363247
1679546363033,1679546363301
1679546363126,1679546363331
1679546363164,1679546363401
1679546363073,1679546363404
1679546363121,1679546363422
1679546363178,1679546363430
1679546363265,1679546363437
1679546363277,1679546363497
1679546363337,1679546363595
1679546363276,1679546363632
1679546363412,1679546363662
1679546363399,1679546363734
1679546363533,1679546363752
1679546363369,1679546363774
1679546363565,1679546363794
1679546363510,1679546363798
1679546363607,1679546363884
1679546363735,1679546363973
1679546363812,1679546364050
1679546363908,1679546364136
1679546364140,1679546364392
1679546364177,1679546364434
1679546364245,1679546364480
1679546364382,1679546364511
1679546364407,1679546364533
1679546364420,1679546364566
1679546364356,1679546364614
1679546364446,1679546364656
1679546364340,1679546364661
1679546364187,1679546364706
1679546364505,1679546364727
1679546364472,1679546364762
1679546364666,1679546364782
1679546364679,1679546364800
1679546364633,1679546364831
1679546364688,1679546364912
1679546364717,1679546364984
1679546364829,1679546365018
1679546364868,1679546365064
1679546364798,1679546365092
1679546364880,1679546365201
1679546364982,1679546365204
1679546365040,1679546365301
1679546364949,1679546365312
1679546365148,1679546365400
1679546365277,1679546365423
1679546365272,1679546365423
1679546364948,1679546365497
1679546365284,1679546365525
1679546365361,1679546365620
1679546365472,1679546365657
1679546365656,1679546365802
1679546365775,1679546365944
1679546365686,1679546365966
1679546365779,1679546366046
1679546365672,1679546366079
1679546365943,1679546366081
1679546365929,1679546366198
1679546365888,1679546366208
1679546365682,1679546366213
1679546366053,1679546366266
1679546366008,1679546366279
1679546366090,1679546366283
1679546366041,1679546366285
1679546366104,1679546366320
1679546366169,1679546366341
1679546365975,1679546366368
1679546366161,1679546366418
1679546366204,1679546366424
1679546366345,1679546366570
1679546366299,1679546366604
1679546366543,1679546366725
1679546366501,1679546366796
1679546366585,1679546366805
1679546366620,1679546367004
1679546366632,1679546367009
1679546366871,1679546367070
1679546366837,1679546367094
1679546366994,1679546367114
1679546367029,1679546367280
1679546367027,1679546367291
1679546367049,1679546367308
1679546367144,1679546367354
1679546367277,1679546367465
1679546367210,1679546367529
1679546367263,1679546367542
1679546367300,1679546367545
1679546367369,1679546367637
1679546367404,1679546367653
1679546367434,1679546367666
1679546367349,1679546367708
1679546367509,1679546367709
1679546367634,1679546367933
1679546367712,1679546367966
1679546367867,1679546368089
1679546367465,1679546368091
1679546368008,1679546368145
1679546368089,1679546368252
1679546368108,1679546368264
1679546368051,1679546368271
1679546368064,1679546368350
1679546368211,1679546368429
1679546368285,1679546368430
1679546368193,1679546368521
1679546368393,1679546368604
1679546368182,1679546368642
1679546368455,1679546368683
1679546368478,1679546368710
1679546368571,1679546368730
1679546368584,1679546368843
1679546368592,1679546368846
1679546368741,1679546368861
1679546368712,1679546368883
1679546368682,1679546368981
1679546368798,1679546369005
1679546368680,1679546369033
1679546368805,1679546369037
1679546368931,1679546369203
1679546368973,1679546369217
1679546368933,1679546369268
1679546369026,1679546369324
1679546369309,1679546369478
1679546369154,1679546369489
1679546369353,1679546369499
1679546369251,1679546369508
1679546369071,1679546369527
1679546369425,1679546369561
1679546369341,1679546369572
1679546369439,1679546369640
1679546369605,1679546369743
1679546369551,1679546369768
1679546369601,1679546369927
1679546369674,1679546369950
1679546369865,1679546370013
1679546369772,1679546370019
1679546369853,1679546370152
1679546369981,1679546370256
1679546369954,1679546370261
1679546370107,1679546370261
1679546369989,1679546370267
1679546370021,1679546370384
1679546370201,1679546370407
1679546370268,1679546370433
1679546370327,1679546370548
1679546370369,1679546370674
1679546370436,1679546370734
1679546370606,1679546370763
1679546370666,1679546370880
1679546370556,1679546370889
1679546370749,1679546370923
1679546370556,1679546370950
1679546370646,1679546370972
1679546370777,1679546370998
1679546370607,1679546371003
1679546370907,1679546371046
1679546370905,1679546371112
1679546371000,1679546371187
1679546370813,1679546371213
1679546371017,1679546371243
1679546371045,1679546371291
1679546371161,1679546371311
1679546371111,1679546371369
1679546371048,1679546371407
1679546371286,1679546371540
1679546371333,1679546371575
1679546371283,1679546371595
1679546371383,1679546371703
1679546371461,1679546371806
1679546371685,1679546371845
1679546371798,1679546372065
1679546371895,1679546372079
1679546371860,1679546372096
1679546371825,1679546372097
1679546371873,1679546372098
1679546371845,1679546372156
1679546371969,1679546372170
1679546371889,1679546372182
1679546372060,1679546372304
1679546372076,1679546372325
1679546372085,1679546372330
1679546372131,1679546372337
1679546372196,1679546372364
1679546371993,1679546372451
1679546372217,1679546372504
1679546372247,1679546372506
1679546372372,1679546372595
1679546372396,1679546372637
1679546372462,1679546372701
1679546372517,1679546372722
1679546372462,1679546372754
1679546372422,1679546372846
1679546372513,1679546372853
1679546372660,1679546372972
1679546372851,1679546373040
1679546372880,1679546373057
1679546372680,1679546373108
1679546372986,1679546373166
1679546373194,1679546373295
1679546373195,1679546373365
1679546373227,1679546373452
1679546373312,1679546373538
1679546373268,1679546373538
1679546373353,1679546373588
1679546373445,1679546373611
1679546373465,1679546373709
1679546373496,1679546373762
1679546373612,1679546373868
1679546373354,1679546373874
1679546373674,1679546373886
1679546373743,1679546373934
1679546373741,1679546373957
1679546373872,1679546374091
1679546373910,1679546374098
1679546373921,1679546374105
1679546373841,1679546374109
1679546373986,1679546374160
1679546374021,1679546374227
1679546373801,1679546374230
1679546374069,1679546374234
1679546373925,1679546374260
1679546374061,1679546374392
1679546374289,1679546374489
1679546374181,1679546374518
1679546374286,1679546374625
1679546374501,1679546374656
1679546374295,1679546374662
1679546374550,1679546374751
1679546374506,1679546374774
1679546374629,1679546374861
1679546374589,1679546374938
1679546374715,1679546374950
1679546374743,1679546375001
1679546374629,1679546375061
1679546374987,1679546375162
1679546375044,1679546375163
1679546374897,1679546375238
1679546375056,1679546375285
1679546375107,1679546375335
1679546375102,1679546375335
1679546375029,1679546375442
1679546375251,1679546375455
1679546375244,1679546375505
1679546375302,1679546375507
1679546375260,1679546375516
1679546375302,1679546375569
1679546375324,1679546375626
1679546375358,1679546375630
1679546375528,1679546375738
1679546375408,1679546375745
1679546375584,1679546375779
1679546375454,1679546375820
1679546375789,1679546375902
1679546375701,1679546375990
1679546375772,1679546376050
1679546375793,1679546376061
1679546375963,1679546376127
1679546375853,1679546376198
1679546376085,1679546376232
1679546376089,1679546376297
1679546375865,1679546376299
1679546375973,1679546376387
1679546376226,1679546376462
1679546376361,1679546376487
1679546376335,1679546376590
1679546376412,1679546376619
1679546376580,1679546376790
1679546376572,1679546376807
1679546376600,1679546376840
1679546376632,1679546376858
1679546376681,1679546376888
1679546376656,1679546376907
1679546376769,1679546376933
1679546376723,1679546377013
1679546376800,1679546377103
1679546376814,1679546377177
1679546376865,1679546377216
1679546377020,1679546377231
1679546377007,1679546377267
1679546377106,1679546377293
1679546377023,1679546377405
1679546377205,1679546377461
1679546377410,1679546377566
1679546377121,1679546377578
1679546377482,1679546377615
1679546377495,1679546377640
1679546377439,1679546377748
1679546377511,1679546377765
1679546377434,1679546377772
1679546377676,1679546377891
1679546377632,1679546377906
1679546377649,1679546377909
1679546377719,1679546377998
1679546377826,1679546378042
1679546377912,1679546378150
1679546377895,1679546378162
1679546377950,1679546378173
1679546377954,1679546378201
1679546377956,1679546378216
1679546377913,1679546378304
1679546378089,1679546378317
1679546378130,1679546378425
1679546378176,1679546378428
1679546378111,1679546378465
1679546378396,1679546378580
1679546378351,1679546378639
1679546378456,1679546378647
1679546378401,1679546378740
1679546378660,1679546378821
1679546378559,1679546378829
1679546378670,1679546378901
1679546378757,1679546378917
1679546378588,1679546378981
1679546378811,1679546379070
1679546378847,1679546379121
1679546378748,1679546379158
1679546378891,1679546379187
1679546379049,1679546379238
1679546379008,1679546379247
1679546379065,1679546379274
1679546379095,1679546379333
1679546379195,1679546379379
1679546378994,1679546379381
1679546379176,1679546379391
1679546379174,1679546379478
1679546379348,1679546379496
1679546379085,1679546379503
1679546379249,1679546379510
1679546379306,1679546379663
1679546379610,1679546379785
1679546379712,1679546379859
1679546379708,1679546379895
1679546379577,1679546379911
1679546379602,1679546379948
1679546379807,1679546379975
1679546379799,1679546379992
1679546379751,1679546380011
1679546379640,1679546380088
1679546379907,1679546380132
1679546379978,1679546380177
1679546380077,1679546380308
1679546380143,1679546380313
1679546380045,1679546380346
1679546380046,1679546380384
1679546380198,1679546380517
1679546380342,1679546380571
1679546380292,1679546380592
1679546380379,1679546380605
1679546380446,1679546380614
1679546380320,1679546380815
1679546380557,1679546380833
1679546380542,1679546380860
1679546380583,1679546380944
1679546380763,1679546381009
1679546380709,1679546381035
1679546380825,1679546381103
1679546380935,1679546381149
1679546380824,1679546381181
1679546381041,1679546381234
1679546381001,1679546381248
1679546381145,1679546381350
1679546381155,1679546381365
1679546381004,1679546381416
1679546381217,1679546381474
1679546381361,1679546381500
1679546381266,1679546381566
1679546381399,1679546381632
1679546381459,1679546381697
1679546381577,1679546381708
1679546381489,1679546381729
1679546381358,1679546381794
1679546381637,1679546381954
1679546381765,1679546382000
1679546381755,1679546382005
1679546381747,1679546382055
1679546381812,1679546382071
1679546381839,1679546382105
1679546381992,1679546382222
1679546381972,1679546382234
1679546382069,1679546382293
1679546382057,1679546382299
1679546382098,1679546382360
1679546382166,1679546382384
1679546382218,1679546382433
1679546382208,1679546382446
1679546382257,1679546382525
1679546382468,1679546382613
1679546382361,1679546382642
1679546382415,1679546382697
1679546382584,1679546382768
1679546382559,1679546382779
1679546382521,1679546382869
1679546382453,1679546382884
1679546382666,1679546382904
1679546382752,1679546382978
1679546382681,1679546382978
1679546382775,1679546383102
1679546382987,1679546383279
1679546383150,1679546383316
1679546383039,1679546383327
1679546382803,1679546383328
1679546383156,1679546383394
1679546383029,1679546383398
1679546383213,1679546383422
1679546383229,1679546383437
1679546383197,1679546383458
1679546383277,1679546383497
1679546383379,1679546383638
1679546383404,1679546383648
1679546383525,1679546383685
1679546383552,1679546383788
1679546383613,1679546383865
1679546383784,1679546383909
1679546383822,1679546383989
1679546383790,1679546384005
1679546383874,1679546384054
1679546383869,1679546384126
1679546384206,1679546384345
1679546383897,1679546384380
1679546384081,1679546384384
1679546384476,1679546384643
1679546384445,1679546384650
1679546384561,1679546384755
1679546384504,1679546384793
1679546384672,1679546384864
1679546384790,1679546384988
1679546384793,1679546385020
1679546384739,1679546385071
1679546384884,1679546385072
1679546384841,1679546385088
1679546384758,1679546385115
1679546385009,1679546385150
1679546384893,1679546385169
1679546384914,1679546385204
1679546385064,1679546385246
1679546385001,1679546385328
1679546385145,1679546385334
1679546385134,1679546385335
1679546385028,1679546385337
1679546385166,1679546385385
1679546385236,1679546385451
1679546385231,1679546385468
1679546385301,1679546385498
1679546385329,1679546385531
1679546385334,1679546385623
1679546385388,1679546385649
1679546385413,1679546385720
1679546385433,1679546385745
1679546385847,1679546386007
1679546385840,1679546386035
1679546385853,1679546386212
1679546385971,1679546386227
1679546386004,1679546386239
1679546385880,1679546386276
1679546386168,1679546386377
1679546386131,1679546386436
1679546386034,1679546386464
1679546386179,1679546386476
1679546386345,1679546386550
1679546386439,1679546386651
1679546386580,1679546386730
1679546386431,1679546386732
1679546386469,1679546386755
1679546386615,1679546386764
1679546386618,1679546386826
1679546386536,1679546386881
1679546386614,1679546386958
1679546386681,1679546386964
1679546386713,1679546387010
1679546386749,1679546387011
1679546386686,1679546387068
1679546386879,1679546387109
1679546386985,1679546387271
1679546387042,1679546387359
1679546387187,1679546387449
1679546387204,1679546387457
1679546387170,1679546387488
1679546387558,1679546387776
1679546387447,1679546387783
1679546387549,1679546387788
1679546387525,1679546387839
1679546387632,1679546387843
1679546387619,1679546387867
1679546387783,1679546387948
1679546387685,1679546387976
1679546387898,1679546388029
1679546387813,1679546388068
1679546387817,1679546388176
1679546387963,1679546388217
1679546387943,1679546388271
1679546388141,1679546388347
1679546388161,1679546388359
1679546388134,1679546388381
1679546388201,1679546388412
1679546388320,1679546388546
1679546388242,1679546388562
1679546388354,1679546388573
1679546388484,1679546388635
1679546388385,1679546388663
1679546388466,1679546388673
1679546388620,1679546388833
1679546388537,1679546388886
1679546388652,1679546388904
1679546388779,1679546388965
1679546388897,1679546389108
1679546388888,1679546389109
1679546389032,1679546389185
1679546388988,1679546389248
1679546388985,1679546389283
1679546389155,1679546389343
1679546389146,1679546389345
1679546389078,1679546389345
1679546389145,1679546389369
1679546389448,1679546389578
1679546389401,1679546389629
1679546389503,1679546389740
1679546389635,1679546389783
1679546389593,1679546389809
1679546389673,1679546389848
1679546389597,1679546389855
1679546389706,1679546389889
1679546389762,1679546389962
1679546389839,1679546390046
1679546389926,1679546390090
1679546389867,1679546390105
1679546389910,1679546390109
1679546389824,1679546390114
1679546389935,1679546390257
1679546390017,1679546390332
1679546389793,1679546390339
1679546390206,1679546390395
1679546390279,1679546390511
1679546390379,1679546390538
1679546390431,1679546390727
1679546390425,1679546390752
1679546390486,1679546390770
1679546390552,1679546390856
1679546390690,1679546390890
1679546390669,1679546390926
1679546390642,1679546390947
1679546390761,1679546390990
1679546390853,1679546391066
1679546390777,1679546391100
1679546390817,1679546391136
1679546390718,1679546391177
1679546390853,1679546391195
1679546390879,1679546391217
1679546391025,1679546391249
1679546390927,1679546391270
1679546391158,1679546391295
1679546391264,1679546391351
1679546391150,1679546391397
1679546391305,1679546391540
1679546391437,1679546391640
1679546391270,1679546391645
1679546391336,1679546391663
1679546391581,1679546391680
1679546391495,1679546391737
1679546391285,1679546391767
1679546391486,1679546391770
1679546391656,1679546391834
1679546391705,1679546391977
1679546391761,1679546392080
1679546391855,1679546392104
1679546392142,1679546392304
1679546392080,1679546392347
1679546392231,1679546392393
1679546392214,1679546392422
1679546392340,1679546392464
1679546392116,1679546392554
1679546392316,1679546392561
1679546392445,1679546392603
1679546392411,1679546392612
1679546392401,1679546392624
1679546392525,1679546392698
1679546392412,1679546392746
1679546392381,1679546392748
1679546392438,1679546392772
1679546392624,1679546392788
1679546392567,1679546392880
1679546392794,1679546392967
1679546392701,1679546392983
1679546392760,1679546393028
1679546392708,1679546393081
1679546392806,1679546393098
1679546392917,1679546393166
1679546392877,1679546393247
1679546393109,1679546393320
1679546392828,1679546393330
1679546393212,1679546393386
1679546393298,1679546393502
1679546393341,1679546393513
1679546393487,1679546393668
1679546393352,1679546393673
1679546393547,1679546393695
1679546393609,1679546393702
1679546393485,1679546393732
1679546393533,1679546393765
1679546393897,1679546394041
1679546393837,1679546394053
1679546393851,1679546394100
1679546393924,1679546394207
1679546394106,1679546394230
1679546393979,1679546394255
1679546394011,1679546394260
1679546394195,1679546394337
1679546394092,1679546394345
1679546394321,1679546394469
1679546394293,1679546394472
1679546394316,1679546394552
1679546394168,1679546394562
1679546394338,1679546394590
1679546394385,1679546394630
1679546394437,1679546394633
1679546394324,1679546394668
1679546394569,1679546394786
1679546394639,1679546394823
1679546394554,1679546394881
1679546394715,1679546394920
1679546394676,1679546394993
1679546394711,1679546395034
1679546394916,1679546395090
1679546394880,1679546395117
1679546395002,1679546395155
1679546394993,1679546395171
1679546394953,1679546395215
1679546395160,1679546395282
1679546395174,1679546395462
1679546395356,1679546395554
1679546395385,1679546395566
1679546395409,1679546395568
1679546395497,1679546395762
1679546395500,1679546395768
1679546395515,1679546395798
1679546395673,1679546395798
1679546395525,1679546395861
1679546395722,1679546395898
1679546395914,1679546396081
1679546395784,1679546396101
1679546395837,1679546396145
1679546396011,1679546396177
1679546395908,1679546396222
1679546396143,1679546396271
1679546396008,1679546396311
1679546396205,1679546396342
1679546396076,1679546396367
1679546396348,1679546396523
1679546396260,1679546396602
1679546396458,1679546396621
1679546396538,1679546396650
1679546396468,1679546396662
1679546396544,1679546396700
1679546396514,1679546396714
1679546396573,1679546396801
1679546396613,1679546396883
1679546396693,1679546396908
1679546396809,1679546396949
1679546396719,1679546396988
1679546396647,1679546397042
1679546396826,1679546397072
1679546396975,1679546397127
1679546396933,1679546397135
1679546396904,1679546397138
1679546397000,1679546397267
1679546397210,1679546397401
1679546397153,1679546397405
1679546397093,1679546397423
1679546397254,1679546397501
1679546397224,1679546397559
1679546397289,1679546397621
1679546397473,1679546397647
1679546397561,1679546397780
1679546397637,1679546397795
1679546397651,1679546397856
1679546397659,1679546397872
1679546397631,1679546397899
1679546397939,1679546398064
1679546397793,1679546398146
1679546397994,1679546398185
1679546398021,1679546398213
1679546397968,1679546398284
1679546397981,1679546398295
1679546398102,1679546398303
1679546398005,1679546398319
1679546398150,1679546398340
1679546398088,1679546398356
1679546398130,1679546398391
1679546398289,1679546398469
1679546398289,1679546398496
1679546398431,1679546398574
1679546398341,1679546398681
1679546398215,1679546398779
1679546398557,1679546398850
1679546398542,1679546398885
1679546398711,1679546398907
1679546398612,1679546398968
1679546398772,1679546398985
1679546398886,1679546399050
1679546398963,1679546399193
1679546399051,1679546399272
1679546399156,1679546399332
1679546399206,1679546399393
1679546399276,1679546399446
1679546399255,1679546399474
1679546399199,1679546399532
1679546399385,1679546399579
1679546399421,1679546399582
1679546399257,1679546399642
1679546399399,1679546399654
1679546399503,1679546399674
1679546399320,1679546399676
1679546399545,1679546399838
1679546399640,1679546399872
1679546399646,1679546399927
1679546399749,1679546399947
1679546399446,1679546399955
1679546399639,1679546399983
1679546399731,1679546400027
1679546399931,1679546400140
1679546399832,1679546400145
1679546399846,1679546400159
1679546400016,1679546400244
1679546400033,1679546400265
1679546400039,1679546400279
1679546400117,1679546400363
1679546400263,1679546400421
1679546400210,1679546400429
1679546400441,1679546400618
1679546400346,1679546400627
1679546400461,1679546400687
1679546400340,1679546400723
1679546400508,1679546400748
1679546400601,1679546400966
1679546400808,1679546401027
1679546400766,1679546401044
1679546400889,1679546401121
1679546400920,1679546401143
1679546400898,1679546401151
1679546401025,1679546401270
1679546401138,1679546401310
1679546401021,1679546401319
1679546401202,1679546401326
1679546401241,1679546401489
1679546401192,1679546401493
1679546401303,1679546401506
1679546401267,1679546401559
1679546401169,1679546401560
1679546401456,1679546401620
1679546401484,1679546401635
1679546401381,1679546401639
1679546401491,1679546401787
1679546401687,1679546401932
1679546401847,1679546401973
1679546401832,1679546401981
1679546401651,1679546401981
1679546401621,1679546402008
1679546401698,1679546402037
1679546401769,1679546402068
1679546401991,1679546402228
1679546402115,1679546402351
1679546402141,1679546402392
1679546402160,1679546402421
1679546402284,1679546402453
1679546402240,1679546402541
1679546402358,1679546402570
1679546402340,1679546402585
1679546402449,1679546402664
1679546402435,1679546402705
1679546402523,1679546402802
1679546402647,1679546402839
1679546402484,1679546402854
1679546402744,1679546402925
1679546402764,1679546402926
1679546402653,1679546402990
1679546402696,1679546403012
1679546402873,1679546403023
1679546402834,1679546403036
1679546402737,1679546403083
1679546402866,1679546403113
1679546402886,1679546403348
1679546403066,1679546403374
1679546402940,1679546403390
1679546403137,1679546403424
1679546403165,1679546403469
1679546403272,1679546403487
1679546403237,1679546403535
1679546403227,1679546403550
1679546403356,1679546403618
1679546403094,1679546403630
1679546403353,1679546403695
1679546403840,1679546403903
1679546403678,1679546403930
1679546403656,1679546403955
1679546403809,1679546403955
1679546403762,1679546404033
1679546403810,1679546404073
1679546403807,1679546404151
1679546404033,1679546404169
1679546403924,1679546404296
1679546404005,1679546404325
1679546404161,1679546404387
1679546404224,1679546404388
1679546404161,1679546404413
1679546404166,1679546404433
1679546404280,1679546404479
1679546404228,1679546404480
1679546404365,1679546404701
1679546404569,1679546404756
1679546404436,1679546404766
1679546404517,1679546404792
1679546404575,1679546404869
1679546404770,1679546404975
1679546404737,1679546404977
1679546404687,1679546404977
1679546404802,1679546405031
1679546404866,1679546405050
1679546404829,1679546405107
1679546405020,1679546405131
1679546404996,1679546405184
1679546404948,1679546405233
1679546405093,1679546405282
1679546405087,1679546405316
1679546405115,1679546405396
1679546405228,1679546405473
1679546405136,1679546405512
1679546405317,1679546405612
1679546405360,1679546405622
1679546405424,1679546405641
1679546405448,1679546405802
1679546405567,1679546405808
1679546405501,1679546405891
1679546405887,1679546406047
1679546405910,1679546406113
1679546405977,1679546406114
1679546405732,1679546406115
1679546405849,1679546406160
1679546405921,1679546406171
1679546406128,1679546406297
1679546406099,1679546406412
1679546406262,1679546406441
1679546406284,1679546406540
1679546406329,1679546406549
1679546406309,1679546406552
1679546406449,1679546406636
1679546406473,1679546406678
1679546406385,1679546406718
1679546406473,1679546406727
1679546406461,1679546406729
1679546406283,1679546406804
1679546406505,1679546406844
1679546406701,1679546406882
1679546406752,1679546406911
1679546406535,1679546406982
1679546406841,1679546407040
1679546406806,1679546407069
1679546406873,1679546407109
1679546406974,1679546407119
1679546407220,1679546407426
1679546407135,1679546407446
1679546407123,1679546407542
1679546407260,1679546407546
1679546407512,1679546407651
1679546407372,1679546407667
1679546407483,1679546407704
1679546407405,1679546407723
1679546407607,1679546407878
1679546407657,1679546407904
1679546407757,1679546407942
1679546407716,1679546408001
1679546407831,1679546408025
1679546407690,1679546408065
1679546407791,1679546408074
1679546407878,1679546408086
1679546407922,1679546408103
1679546407707,1679546408187
1679546407941,1679546408203
1679546408101,1679546408296
1679546408029,1679546408303
1679546408145,1679546408404
1679546408292,1679546408420
1679546408285,1679546408431
1679546408241,1679546408460
1679546408335,1679546408577
1679546408527,1679546408756
1679546408549,1679546408776
1679546408637,1679546408799
1679546408610,1679546408826
1679546408615,1679546408860
1679546408802,1679546408982
1679546408811,1679546409014
1679546408760,1679546409075
1679546408989,1679546409206
1679546409114,1679546409246
1679546409037,1679546409262
1679546408930,1679546409293
1679546409115,1679546409358
1679546409137,1679546409379
1679546409272,1679546409505
1679546409258,1679546409513
1679546409306,1679546409520
1679546409260,1679546409543
1679546409465,1679546409652
1679546409512,1679546409767
1679546409589,1679546409810
1679546409434,1679546409858
1679546409607,1679546409867
1679546409653,1679546409920
1679546409676,1679546409947
1679546409797,1679546409968
1679546409621,1679546410041
1679546409840,1679546410049
1679546409833,1679546410082
1679546410057,1679546410246
1679546410201,1679546410352
1679546410190,1679546410421
1679546410254,1679546410435
1679546410031,1679546410449
1679546410379,1679546410546
1679546410369,1679546410617
1679546410463,1679546410641
1679546410474,1679546410643
1679546410421,1679546410780
1679546410553,1679546410805
1679546410683,1679546410880
1679546410691,1679546410881
1679546410491,1679546410940
1679546410662,1679546410950
1679546410721,1679546411004
1679546410872,1679546411045
1679546410926,1679546411049
1679546410913,1679546411145
1679546410957,1679546411188
1679546410941,1679546411298
1679546411010,1679546411335
1679546411195,1679546411356
1679546411174,1679546411480
1679546411320,1679546411531
1679546411209,1679546411538
1679546411508,1679546411616
1679546411537,1679546411650
1679546411148,1679546411660
1679546411194,1679546411678
1679546411483,1679546411745
1679546411485,1679546411817
1679546411864,1679546412063
1679546411952,1679546412132
1679546412052,1679546412226
1679546411706,1679546412254
1679546412038,1679546412265
1679546411913,1679546412270
1679546412153,1679546412317
1679546412157,1679546412341
1679546412059,1679546412370
1679546412022,1679546412403
1679546412085,1679546412425
1679546412256,1679546412514
1679546412238,1679546412527
1679546412313,1679546412591
1679546412391,1679546412620
1679546412364,1679546412715
1679546412460,1679546412798
1679546412565,1679546412830
1679546412645,1679546412859
1679546412655,1679546412907
1679546412603,1679546412949
1679546412854,1679546413051
1679546412916,1679546413086
1679546412912,1679546413123
1679546412833,1679546413142
1679546412978,1679546413152
1679546413291,1679546413402
1679546413280,1679546413488
1679546413354,1679546413502
1679546413305,1679546413587
1679546413461,1679546413588
1679546413209,1679546413619
1679546413443,1679546413679
1679546413475,1679546413710
1679546413483,1679546413713
1679546413563,1679546413715
1679546413442,1679546413716
1679546413676,1679546413846
1679546413618,1679546413901
1679546413645,1679546413960
1679546413649,1679546414047
1679546413864,1679546414081
1679546413862,1679546414083
1679546413911,1679546414098
1679546413889,1679546414221
1679546414153,1679546414278
1679546413971,1679546414279
1679546414051,1679546414296
1679546414085,1679546414302
1679546414162,1679546414419
1679546414255,1679546414467
1679546414242,1679546414498
1679546414373,1679546414600
1679546414653,1679546414802
1679546414484,1679546414844
1679546414408,1679546414848
1679546414345,1679546414906
1679546414669,1679546414948
1679546414831,1679546415021
1679546414839,1679546415042
1679546414846,1679546415065
1679546414809,1679546415079
1679546414662,1679546415102
1679546414930,1679546415139
1679546414998,1679546415305
1679546415151,1679546415308
1679546415075,1679546415325
1679546415283,1679546415402
1679546415229,1679546415498
1679546415316,1679546415518
1679546415301,1679546415553
1679546415432,1679546415650
1679546415191,1679546415658
1679546415380,1679546415674
1679546415407,1679546415700
1679546415517,1679546415755
1679546415647,1679546415876
1679546415671,1679546415896
1679546415779,1679546415993
1679546415520,1679546416041
1679546415887,1679546416108
1679546415748,1679546416119
1679546415981,1679546416149
1679546415968,1679546416156
1679546415750,1679546416201
1679546416059,1679546416242
1679546416289,1679546416478
1679546416523,1679546416636
1679546416456,1679546416676
1679546416506,1679546416678
1679546416467,1679546416885
1679546416589,1679546416886
1679546416541,1679546416888
1679546416699,1679546416889
1679546416630,1679546416901
1679546416670,1679546416904
1679546416692,1679546416927
1679546416693,1679546416981
1679546416813,1679546417028
1679546416825,1679546417054
1679546416878,1679546417100
1679546416867,1679546417214
1679546416997,1679546417325
1679546417181,1679546417398
1679546417004,1679546417437
1679546417117,1679546417465
1679546417361,1679546417581
1679546417213,1679546417602
1679546417398,1679546417686
1679546417263,1679546417755
1679546417604,1679546417887
1679546417668,1679546417908
1679546417683,1679546417924
1679546417682,1679546417971
1679546417792,1679546418060
1679546417962,1679546418080
1679546417898,1679546418148
1679546417915,1679546418161
1679546418041,1679546418164
1679546418043,1679546418201
1679546418090,1679546418337
1679546418225,1679546418402
1679546418263,1679546418484
1679546418199,1679546418491
1679546418402,1679546418630
1679546418312,1679546418630
1679546418401,1679546418646
1679546418317,1679546418656
1679546418385,1679546418698
1679546418284,1679546418703
1679546418381,1679546418711
1679546418577,1679546418820
1679546418636,1679546418831
1679546418688,1679546418942
1679546418757,1679546419021
1679546418871,1679546419033
1679546418848,1679546419092
1679546418995,1679546419248
1679546419164,1679546419261
1679546419023,1679546419267
1679546419043,1679546419325
1679546419175,1679546419411
1679546419221,1679546419484
1679546419177,1679546419505
1679546419313,1679546419529
1679546419319,1679546419584
1679546419427,1679546419623
1679546419423,1679546419641
1679546419477,1679546419683
1679546419289,1679546419730
1679546419497,1679546419773
1679546419595,1679546419920
1679546419721,1679546419970
1679546419738,1679546419982
1679546419622,1679546419996
1679546419869,1679546420041
1679546419981,1679546420118
1679546419929,1679546420177
1679546420129,1679546420229
1679546420105,1679546420387
1679546420134,1679546420401
1679546420232,1679546420544
1679546420257,1679546420588
1679546420364,1679546420611
1679546420439,1679546420674
1679546420468,1679546420688
1679546420522,1679546420695
1679546420556,1679546420708
1679546420642,1679546420772
1679546420444,1679546420794
1679546420640,1679546420896
1679546420668,1679546420965
1679546420829,1679546421004
1679546420873,1679546421049
1679546420924,1679546421123
1679546420958,1679546421171
1679546421051,1679546421303
1679546421077,1679546421393
1679546421211,1679546421411
1679546421306,1679546421422
1679546421298,1679546421476
1679546420917,1679546421486
1679546421224,1679546421595
1679546421370,1679546421661
1679546421381,1679546421724
1679546421237,1679546421751
1679546421585,1679546421773
1679546421516,1679546421785
1679546421560,1679546421886
1679546421541,1679546421930
1679546421673,1679546421937
1679546421790,1679546421940
1679546421797,1679546422104
1679546421961,1679546422151
1679546422136,1679546422241
1679546422058,1679546422291
1679546422196,1679546422397
1679546422164,1679546422428
1679546422224,1679546422478
1679546422201,1679546422485
1679546422257,1679546422548
1679546422369,1679546422581
1679546422397,1679546422594
1679546422323,1679546422641
1679546422442,1679546422691
1679546422373,1679546422745
1679546422609,1679546422785
1679546422475,1679546422823
1679546422725,1679546422894
1679546422725,1679546422918
1679546422775,1679546422976
1679546422544,1679546423000
1679546422799,1679546423003
1679546422917,1679546423067
1679546422968,1679546423153
1679546422913,1679546423173
1679546422989,1679546423294
1679546423084,1679546423333
1679546423085,1679546423386
1679546423092,1679546423453
1679546423424,1679546423606
1679546423415,1679546423665
1679546423570,1679546423678
1679546423558,1679546423731
1679546423519,1679546423790
1679546423566,1679546423812
1679546423661,1679546423817
1679546423661,1679546423820
1679546423605,1679546423862
1679546423697,1679546423933
1679546423682,1679546423991
1679546423808,1679546424066
1679546423861,1679546424121
1679546424065,1679546424208
1679546423923,1679546424214
1679546423866,1679546424221
1679546424107,1679546424318
1679546424311,1679546424396
1679546424213,1679546424411
1679546423986,1679546424433
1679546424159,1679546424437
1679546424510,1679546424685
1679546424504,1679546424694
1679546424690,1679546424931
1679546424734,1679546424970
1679546424779,1679546424979
1679546424811,1679546425018
1679546424863,1679546425115
1679546424871,1679546425204
1679546425039,1679546425228
1679546425153,1679546425298
1679546425197,1679546425365
1679546425141,1679546425368
1679546425247,1679546425407
1679546425079,1679546425429
1679546425241,1679546425435
1679546425235,1679546425444
1679546425374,1679546425528
1679546425337,1679546425561
1679546425365,1679546425571
1679546425545,1679546425754
1679546425528,1679546425797
1679546425449,1679546425810
1679546425458,1679546425826
1679546425508,1679546425884
1679546425637,1679546425909
1679546425779,1679546425963
1679546425826,1679546425973
1679546425692,1679546426007
1679546425803,1679546426061
1679546425884,1679546426083
1679546425862,1679546426168
1679546426012,1679546426253
1679546426166,1679546426293
1679546426317,1679546426480
1679546426335,1679546426537
1679546426417,1679546426609
1679546426490,1679546426691
1679546426429,1679546426739
1679546426549,1679546426743
1679546426565,1679546426802
1679546426597,1679546426856
1679546426715,1679546426977
1679546426747,1679546426994
1679546426757,1679546427040
1679546426692,1679546427092
1679546426830,1679546427095
1679546426909,1679546427095
1679546426822,1679546427100
1679546426871,1679546427129
1679546426995,1679546427146
1679546427148,1679546427310
1679546427091,1679546427404
1679546427328,1679546427486
1679546427221,1679546427520
1679546427377,1679546427619
1679546427241,1679546427620
1679546427388,1679546427655
1679546427443,1679546427679
1679546427187,1679546427717
1679546427589,1679546427810
1679546427547,1679546427846
1679546427723,1679546427900
1679546427729,1679546427945
1679546427768,1679546427991
1679546427649,1679546428035
1679546427814,1679546428081
1679546427845,1679546428118
1679546427949,1679546428147
1679546427909,1679546428169
1679546427896,1679546428254
1679546428135,1679546428325
1679546428135,1679546428332
1679546428061,1679546428359
1679546428149,1679546428406
1679546428071,1679546428433
1679546428237,1679546428520
1679546428297,1679546428546
1679546428315,1679546428588
1679546428450,1679546428644
1679546428449,1679546428828
1679546428599,1679546428844
1679546428626,1679546428855
1679546428645,1679546428923
1679546428757,1679546428986
1679546428817,1679546429036
1679546428785,1679546429045
1679546428889,1679546429052
1679546428856,1679546429066
1679546428806,1679546429105
1679546428974,1679546429149
1679546429029,1679546429283
1679546429014,1679546429425
1679546429105,1679546429451
1679546429236,1679546429452
1679546429165,1679546429464
1679546429264,1679546429477
1679546429320,1679546429498
1679546429117,1679546429586
1679546429265,1679546429598
1679546429359,1679546429635
1679546429422,1679546429737
1679546429551,1679546429745
1679546429677,1679546429795
1679546429624,1679546429826
1679546429679,1679546429939
1679546429741,1679546429974
1679546429745,1679546429979
1679546429662,1679546430041
1679546429851,1679546430144
1679546430062,1679546430240
1679546430116,1679546430302
1679546430033,1679546430335
1679546430149,1679546430380
1679546430129,1679546430440
1679546430263,1679546430489
1679546430173,1679546430499
1679546430328,1679546430529
1679546430413,1679546430559
1679546430594,1679546430803
1679546430519,1679546430803
1679546430573,1679546430809
1679546430522,1679546430826
1679546430507,1679546430860
1679546430806,1679546431031
1679546430989,1679546431133
1679546430921,1679546431134
1679546430833,1679546431196
1679546430981,1679546431239
1679546430949,1679546431241
1679546431227,1679546431356
1679546431199,1679546431404
1679546431224,1679546431471
1679546431161,1679546431476
1679546431088,1679546431485
1679546431101,1679546431496
1679546431287,1679546431517
1679546431357,1679546431640
1679546431414,1679546431653
1679546431414,1679546431726
1679546431561,1679546431756
1679546431426,1679546431757
1679546431621,1679546431785
1679546431526,1679546431795
1679546431679,1679546431869
1679546431676,1679546431875
1679546431752,1679546431915
1679546431957,1679546432103
1679546432056,1679546432300
1679546432241,1679546432388
1679546432272,1679546432494
1679546432338,1679546432561
1679546432421,1679546432647
1679546432492,1679546432754
1679546432509,1679546432756
1679546432646,1679546432850
1679546432540,1679546432865
1679546432675,1679546432879
1679546432553,1679546432954
1679546432801,1679546432954
1679546432702,1679546432965
1679546432721,1679546432987
1679546432833,1679546433011
1679546432773,1679546433035
1679546432860,1679546433067
1679546432833,1679546433135
1679546432893,1679546433137
1679546433075,1679546433334
1679546433058,1679546433383
1679546433024,1679546433384
1679546433151,1679546433405
1679546433229,1679546433507
1679546433334,1679546433558
1679546433317,1679546433566
1679546433319,1679546433569
1679546433433,1679546433591
1679546433529,1679546433712
1679546433637,1679546433854
1679546433507,1679546433867
1679546433932,1679546434084
1679546433840,1679546434142
1679546433998,1679546434213
1679546433563,1679546434290
1679546434061,1679546434360
1679546433919,1679546434393
1679546434090,1679546434398
1679546434131,1679546434411
1679546434195,1679546434412
1679546434310,1679546434428
1679546433983,1679546434445
1679546434418,1679546434520
1679546434334,1679546434536
1679546434181,1679546434591
1679546434500,1679546434685
1679546434461,1679546434715
1679546434495,1679546434761
1679546434680,1679546434801
1679546434585,1679546434828
1679546434694,1679546434931
1679546434720,1679546434935
1679546434704,1679546434995
1679546434785,1679546435052
1679546434877,1679546435143
1679546434776,1679546435157
1679546434947,1679546435167
1679546435198,1679546435333
1679546435293,1679546435397
1679546435217,1679546435474
1679546435266,1679546435476
1679546435343,1679546435541
1679546435375,1679546435673
1679546435317,1679546435746
1679546435575,1679546435886
1679546435508,1679546435956
1679546435748,1679546436017
1679546435773,1679546436021
1679546435738,1679546436057
1679546435900,1679546436060
1679546435877,1679546436069
1679546435864,1679546436115
1679546435853,1679546436122
1679546435923,1679546436213
1679546435993,1679546436240
1679546435970,1679546436279
1679546435775,1679546436373
1679546436050,1679546436408
1679546436170,1679546436516
1679546436303,1679546436516
1679546436396,1679546436606
1679546436424,1679546436616
1679546436334,1679546436654
1679546436392,1679546436665
1679546436319,1679546436696
1679546436452,1679546436700
1679546436564,1679546436806
1679546436423,1679546436811
1679546436691,1679546436918
1679546436597,1679546436984
1679546436854,1679546437048
1679546436895,1679546437102
1679546436877,1679546437145
1679546436914,1679546437168
1679546436863,1679546437168
1679546436468,1679546437178
1679546436972,1679546437180
1679546437019,1679546437261
1679546437013,1679546437273
1679546437119,1679546437425
1679546437071,1679546437468
1679546437258,1679546437585
1679546437283,1679546437606
1679546437544,1679546437646
1679546437426,1679546437667
1679546437739,1679546437948
1679546437755,1679546437968
1679546437688,1679546437976
1679546437936,1679546438150
1679546437872,1679546438174
1679546437824,1679546438206
1679546437952,1679546438240
1679546438108,1679546438240
1679546437971,1679546438318
1679546438128,1679546438403
1679546438196,1679546438406
1679546438257,1679546438452
1679546438221,1679546438474
1679546438100,1679546438524
1679546438224,1679546438549
1679546438245,1679546438566
1679546438365,1679546438588
1679546438455,1679546438661
1679546438387,1679546438690
1679546438462,1679546438751
1679546438461,1679546438759
1679546438618,1679546438812
1679546438483,1679546438833
1679546438679,1679546438868
1679546438894,1679546439063
1679546438756,1679546439198
1679546438837,1679546439212
1679546438972,1679546439228
1679546439005,1679546439247
1679546439117,1679546439272
1679546439213,1679546439385
1679546439207,1679546439462
1679546439385,1679546439573
1679546439402,1679546439581
1679546439252,1679546439626
1679546439520,1679546439738
1679546439642,1679546439792
1679546439680,1679546439856
1679546439675,1679546439886
1679546439580,1679546439912
1679546439696,1679546439919
1679546439727,1679546439926
1679546439685,1679546439987
1679546439706,1679546440052
1679546439900,1679546440059
1679546439939,1679546440137
1679546440069,1679546440265
1679546440110,1679546440294
1679546440048,1679546440300
1679546440120,1679546440376
1679546440129,1679546440383
1679546440197,1679546440388
1679546440311,1679546440506
1679546440286,1679546440533
1679546440322,1679546440623
1679546440328,1679546440637
1679546440437,1679546440655
1679546440385,1679546440718
1679546440481,1679546440783
1679546440564,1679546440799
1679546440600,1679546440828
1679546440576,1679546440877
1679546440644,1679546440909
1679546440700,1679546440954
1679546440573,1679546440956
1679546440810,1679546441041
1679546440807,1679546441172
1679546440928,1679546441298
1679546441078,1679546441313
1679546441082,1679546441389
1679546441126,1679546441425
1679546441050,1679546441436
1679546441107,1679546441464
1679546441309,1679546441485
1679546441225,1679546441487
1679546441293,1679546441497
1679546441386,1679546441691
1679546441402,1679546441743
1679546441496,1679546441768
1679546441468,1679546441772
1679546441625,1679546441969
1679546441607,1679546441969
1679546441836,1679546441970
1679546441750,1679546441982
1679546441777,1679546442039
1679546442049,1679546442156
1679546442017,1679546442208
1679546441876,1679546442306
1679546442227,1679546442412
1679546442141,1679546442476
1679546442286,1679546442481
1679546442249,1679546442506
1679546442328,1679546442598
1679546442347,1679546442663
1679546442425,1679546442674
1679546442552,1679546442682
1679546442548,1679546442702
1679546442515,1679546442739
1679546442556,1679546442807
1679546442612,1679546442824
1679546442629,1679546442832
1679546442566,1679546442944
1679546442633,1679546442948
1679546442848,1679546443003
1679546442697,1679546443009
1679546442933,1679546443154
1679546442997,1679546443165
1679546443043,1679546443219
1679546442872,1679546443256
1679546443084,1679546443304
1679546443055,1679546443328
1679546443215,1679546443445
1679546443369,1679546443470
1679546443341,1679546443566
1679546443386,1679546443601
1679546443426,1679546443665
1679546443555,1679546443706
1679546443582,1679546443752
1679546443615,1679546443850
1679546443452,1679546443945
1679546443754,1679546443946
1679546443686,1679546443954
1679546443796,1679546443973
1679546443751,1679546443983
1679546443981,1679546444177
1679546444037,1679546444260
1679546444135,1679546444317
1679546444228,1679546444414
1679546444346,1679546444495
1679546444193,1679546444507
1679546444282,1679546444577
1679546444339,1679546444591
1679546444349,1679546444605
1679546444417,1679546444650
1679546444551,1679546444689
1679546444469,1679546444719
1679546444359,1679546444727
1679546444575,1679546444734
1679546444348,1679546444806
1679546444551,1679546444826
1679546444410,1679546444850
1679546444797,1679546444946
1679546444621,1679546445017
1679546444557,1679546445043
1679546444899,1679546445255
1679546444755,1679546445323
1679546445072,1679546445323
1679546445096,1679546445341
1679546445247,1679546445428
1679546445227,1679546445448
1679546445294,1679546445478
1679546445276,1679546445494
1679546445129,1679546445497
1679546445463,1679546445685
1679546445377,1679546445694
1679546445415,1679546445709
1679546445493,1679546445749
1679546445493,1679546445823
1679546445580,1679546445829
1679546445744,1679546445854
1679546445677,1679546445857
1679546445723,1679546445968
1679546445910,1679546446063
1679546445837,1679546446118
1679546445603,1679546446127
1679546446019,1679546446187
1679546446004,1679546446242
1679546446079,1679546446282
1679546446138,1679546446337
1679546446256,1679546446414
1679546446197,1679546446430
1679546446154,1679546446433
1679546446057,1679546446444
1679546446278,1679546446543
1679546446429,1679546446585
1679546446418,1679546446611
1679546446587,1679546446724
1679546446621,1679546446838
1679546446633,1679546446890
1679546446544,1679546446896
1679546446649,1679546446959
1679546446726,1679546447015
1679546446957,1679546447053
1679546446831,1679546447054
1679546446877,1679546447092
1679546446753,1679546447136
1679546446905,1679546447245
1679546447147,1679546447372
1679546446944,1679546447428
1679546447269,1679546447529
1679546447369,1679546447534
1679546447255,1679546447537
1679546447349,1679546447583
1679546447489,1679546447675
1679546447486,1679546447684
1679546447322,1679546447690
1679546447417,1679546447701
1679546447584,1679546447745
1679546447472,1679546447776
1679546447657,1679546447843
1679546447788,1679546447906
1679546447716,1679546447944
1679546447700,1679546447950
1679546447893,1679546448068
1679546447761,1679546448076
1679546447909,1679546448161
1679546448019,1679546448280
1679546448056,1679546448373
1679546448242,1679546448399
1679546448206,1679546448402
1679546448367,1679546448513
1679546448337,1679546448559
1679546448211,1679546448569
1679546448250,1679546448669
1679546448487,1679546448717
1679546448590,1679546448743
1679546448549,1679546448766
1679546448578,1679546448864
1679546448735,1679546448875
1679546448548,1679546448961
1679546448889,1679546448999
1679546448805,1679546449068
1679546448877,1679546449173
1679546448885,1679546449238
1679546449048,1679546449261
1679546448961,1679546449275
1679546449014,1679546449319
1679546448874,1679546449345
1679546449347,1679546449458
1679546449189,1679546449507
1679546449311,1679546449532
1679546449335,1679546449593
1679546449280,1679546449668
1679546449446,1679546449688
1679546449551,1679546449737
1679546449554,1679546449881
1679546449813,1679546449954
1679546449695,1679546449972
1679546449771,1679546450005
1679546449793,1679546450006
1679546449709,1679546450027
1679546449868,1679546450084
1679546449983,1679546450135
1679546449977,1679546450152
1679546450109,1679546450267
1679546450152,1679546450327
1679546450236,1679546450344
1679546449946,1679546450394
1679546450247,1679546450418
1679546450420,1679546450583
1679546450348,1679546450601
1679546450171,1679546450614
1679546450340,1679546450624
1679546450480,1679546450678
1679546450585,1679546450814
1679546450442,1679546450849
1679546450715,1679546450941
1679546450624,1679546450996
1679546450888,1679546451009
1679546450866,1679546451042
1679546450689,1679546451045
1679546450621,1679546451125
1679546450921,1679546451126
1679546450839,1679546451166
1679546450949,1679546451215
1679546450968,1679546451252
1679546451020,1679546451312
1679546451150,1679546451343
1679546451129,1679546451360
1679546451287,1679546451401
1679546451179,1679546451453
1679546451363,1679546451653
1679546451381,1679546451653
1679546451494,1679546451683
1679546451521,1679546451766
1679546451525,1679546451781
1679546451319,1679546451816
1679546451604,1679546451840
1679546451618,1679546451863
1679546451654,1679546451872
1679546451801,1679546451929
1679546451900,1679546452112
1679546451873,1679546452163
1679546451885,1679546452199
1679546452112,1679546452342
1679546452138,1679546452393
1679546452253,1679546452440
1679546452284,1679546452451
1679546452345,1679546452534
1679546452207,1679546452547
1679546452473,1679546452657
1679546452547,1679546452677
1679546452437,1679546452686
1679546452369,1679546452703
1679546452517,1679546452739
1679546452500,1679546452847
1679546452680,1679546452857
1679546452589,1679546452919
1679546452755,1679546452982
1679546452787,1679546453018
1679546452897,1679546453087
1679546453050,1679546453265
1679546452917,1679546453266
1679546453161,1679546453373
1679546453156,1679546453414
1679546453211,1679546453417
1679546453175,1679546453445
1679546453253,1679546453486
1679546453249,1679546453517
1679546453099,1679546453520
1679546453321,1679546453584
1679546453285,1679546453596
1679546453328,1679546453624
1679546453452,1679546453694
1679546453568,1679546453746
1679546453729,1679546453885
1679546453804,1679546453988
1679546453860,1679546454029
1679546453815,1679546454082
1679546453913,1679546454098
1679546453728,1679546454140
1679546453968,1679546454181
1679546454014,1679546454263
1679546453944,1679546454279
1679546453870,1679546454346
1679546454209,1679546454485
1679546454231,1679546454496
1679546454440,1679546454598
1679546454504,1679546454701
1679546454469,1679546454756
1679546454617,1679546454782
1679546454573,1679546454783
1679546454481,1679546454784
1679546454629,1679546454866
1679546454648,1679546454872
1679546454589,1679546454897
1679546454695,1679546454907
1679546454742,1679546454911
1679546454709,1679546454966
1679546454561,1679546454998
1679546455014,1679546455163
1679546455050,1679546455232
1679546454998,1679546455273
1679546455141,1679546455290
1679546455193,1679546455324
1679546455180,1679546455388
1679546455185,1679546455464
1679546455345,1679546455533
1679546455404,1679546455580
1679546455269,1679546455623
1679546455485,1679546455694
1679546455642,1679546455919
1679546455533,1679546455946
1679546455792,1679546456065
1679546455681,1679546456083
1679546455625,1679546456108
1679546455898,1679546456132
1679546455665,1679546456136
1679546455883,1679546456209
1679546455982,1679546456210
1679546456044,1679546456259
1679546456062,1679546456283
1679546456067,1679546456284
1679546456091,1679546456285
1679546456057,1679546456342
1679546456233,1679546456501
1679546456156,1679546456542
1679546456484,1679546456685
1679546456603,1679546456779
1679546456586,1679546456864
1679546456520,1679546456874
1679546456685,1679546456902
1679546456735,1679546456927
1679546456732,1679546456985
1679546456856,1679546456989
1679546456885,1679546457087
1679546456824,1679546457193
1679546457028,1679546457204
1679546457009,1679546457211
1679546456835,1679546457229
1679546457125,1679546457323
1679546457241,1679546457383
1679546457275,1679546457458
1679546457139,1679546457482
1679546457387,1679546457520
1679546457091,1679546457532
1679546457170,1679546457536
1679546457492,1679546457672
1679546457383,1679546457724
1679546457454,1679546457736
1679546457628,1679546457867
1679546457620,1679546457883
1679546457685,1679546457976
1679546457823,1679546458108
1679546457781,1679546458160
1679546457816,1679546458221
1679546458000,1679546458251
1679546458079,1679546458257
1679546458084,1679546458279
1679546458004,1679546458312
1679546458173,1679546458323
1679546458131,1679546458404
1679546457896,1679546458405
1679546458247,1679546458449
1679546458251,1679546458478
1679546458431,1679546458622
1679546458405,1679546458643
1679546458257,1679546458651
1679546458618,1679546458758
1679546458797,1679546458932
1679546458607,1679546458938
1679546458771,1679546458945
1679546458659,1679546458954
1679546458989,1679546459071
1679546458721,1679546459090
1679546458799,1679546459105
1679546458953,1679546459137
1679546458861,1679546459210
1679546459141,1679546459314
1679546459074,1679546459399
1679546459146,1679546459461
1679546459295,1679546459470
1679546459319,1679546459519
1679546459453,1679546459663
1679546459257,1679546459669
1679546459499,1679546459671
1679546459581,1679546459843
1679546459505,1679546459852
1679546459668,1679546459899
1679546459792,1679546459966
1679546459661,1679546460014
1679546459726,1679546460028
1679546459892,1679546460118
1679546459878,1679546460119
1679546460114,1679546460227
1679546459908,1679546460269
1679546460104,1679546460301
1679546460015,1679546460306
1679546460141,1679546460322
1679546460163,1679546460438
1679546460209,1679546460456
1679546460270,1679546460532
1679546460341,1679546460558
1679546460440,1679546460604
1679546460477,1679546460645
1679546460299,1679546460710
1679546460513,1679546460811
1679546460445,1679546460830
1679546460636,1679546460842
1679546460745,1679546460959
1679546460634,1679546460977
1679546460735,1679546461020
1679546460854,1679546461168
1679546460886,1679546461255
1679546461164,1679546461276
1679546461073,1679546461299
1679546461206,1679546461334
1679546461207,1679546461342
1679546461113,1679546461453
1679546461172,1679546461584
1679546461563,1679546461612
1679546461381,1679546461646
1679546461458,1679546461692
1679546461518,1679546461769
1679546461458,1679546461856
1679546461580,1679546461862
1679546461585,1679546461884
1679546461608,1679546461904
1679546461659,1679546461926
1679546461763,1679546461966
1679546461644,1679546461984
1679546461706,1679546461992
1679546461802,1679546462001
1679546461878,1679546462174
1679546461978,1679546462185
1679546461949,1679546462214
1679546462078,1679546462317
1679546462253,1679546462362
1679546462185,1679546462510
1679546462388,1679546462541
1679546462275,1679546462576
1679546462443,1679546462669
1679546462301,1679546462697
1679546462605,1679546462841
1679546462683,1679546462930
1679546462839,1679546462984
1679546462836,1679546463108
1679546462872,1679546463141
1679546463002,1679546463209
1679546462985,1679546463325
1679546463041,1679546463342
1679546463139,1679546463344
1679546463115,1679546463447
1679546463192,1679546463454
1679546463073,1679546463501
1679546463271,1679546463511
1679546463200,1679546463560
1679546463396,1679546463574
1679546463310,1679546463580
1679546463383,1679546463596
1679546463435,1679546463655
1679546463436,1679546463683
1679546463473,1679546463753
1679546463606,1679546463816
1679546463655,1679546463827
1679546463550,1679546463881
1679546463687,1679546463902
1679546463774,1679546464034
1679546463772,1679546464060
1679546463868,1679546464127
1679546463681,1679546464160
1679546464019,1679546464192
1679546464076,1679546464300
1679546464063,1679546464314
1679546464289,1679546464453
1679546464260,1679546464457
1679546464197,1679546464471
1679546464435,1679546464639
1679546464386,1679546464684
1679546464568,1679546464781
1679546464436,1679546464801
1679546464584,1679546464819
1679546464688,1679546464858
1679546464773,1679546464977
1679546464676,1679546464980
1679546464801,1679546465016
1679546464902,1679546465141
1679546464884,1679546465199
1679546465074,1679546465255
1679546464974,1679546465269
1679546465055,1679546465307
1679546464976,1679546465330
1679546465252,1679546465425
1679546465290,1679546465450
1679546465189,1679546465507
1679546465222,1679546465519
1679546465048,1679546465548
1679546465305,1679546465622
1679546465377,1679546465689
1679546465433,1679546465719
1679546465443,1679546465749
1679546465550,1679546465805
1679546465657,1679546465882
1679546465509,1679546465882
1679546465724,1679546465916
1679546465753,1679546465932
1679546465729,1679546465968
1679546465771,1679546466051
1679546465845,1679546466104
1679546465841,1679546466228
1679546466059,1679546466232
1679546466045,1679546466256
1679546466084,1679546466377
1679546466145,1679546466453
1679546466123,1679546466470
1679546466294,1679546466578
1679546466229,1679546466579
1679546466224,1679546466625
1679546466244,1679546466652
1679546466324,1679546466653
1679546466149,1679546466692
1679546466325,1679546466693
1679546466519,1679546466720
1679546466644,1679546466791
1679546466552,1679546466811
1679546466527,1679546466825
1679546466539,1679546466852
1679546466687,1679546466904
1679546466983,1679546467142
1679546466884,1679546467159
1679546466997,1679546467209
1679546467033,1679546467228
1679546467028,1679546467421
1679546467273,1679546467493
1679546467136,1679546467560
1679546467077,1679546467563
1679546467361,1679546467571
1679546467380,1679546467692
1679546467460,1679546467694
1679546467718,1679546467818
1679546467487,1679546467833
1679546467668,1679546467946
1679546467882,1679546468028
1679546467827,1679546468065
1679546467967,1679546468102
1679546467889,1679546468112
1679546467993,1679546468176
1679546467856,1679546468213
1679546467969,1679546468226
1679546468056,1679546468274
1679546468135,1679546468302
1679546468145,1679546468305
1679546468183,1679546468385
1679546468134,1679546468441
1679546468289,1679546468551
1679546468312,1679546468602
1679546468520,1679546468681
1679546468543,1679546468733
1679546468384,1679546468743
1679546468564,1679546468761
1679546468637,1679546468820
1679546468453,1679546468826
1679546468433,1679546468842
1679546468622,1679546468852
1679546468552,1679546468883
1679546468743,1679546468967
1679546468860,1679546469028
1679546468803,1679546469076
1679546468898,1679546469108
1679546468836,1679546469162
1679546468911,1679546469259
1679546469019,1679546469270
1679546469106,1679546469336
1679546469098,1679546469370
1679546469168,1679546469370
1679546469333,1679546469538
1679546469300,1679546469596
1679546469375,1679546469600
1679546469447,1679546469630
1679546469424,1679546469656
1679546469453,1679546469746
1679546469421,1679546469799
1679546469680,1679546469957
1679546469743,1679546470004
1679546469814,1679546470009
1679546469800,1679546470074
1679546470017,1679546470217
1679546470018,1679546470219
1679546469817,1679546470224
1679546470105,1679546470231
1679546470089,1679546470282
1679546470185,1679546470413
1679546470106,1679546470428
1679546470174,1679546470432
1679546470183,1679546470451
1679546470269,1679546470469
1679546470372,1679546470564
1679546470409,1679546470587
1679546470393,1679546470625
1679546470420,1679546470640
1679546470715,1679546470888
1679546470783,1679546470978
1679546470909,1679546471042
1679546470905,1679546471167
1679546470908,1679546471211
1679546471118,1679546471247
1679546471043,1679546471273
1679546471216,1679546471386
1679546471195,1679546471388
1679546471188,1679546471395
1679546471135,1679546471415
1679546471076,1679546471468
1679546471355,1679546471517
1679546471477,1679546471675
1679546471481,1679546471720
1679546471545,1679546471758
1679546471383,1679546471760
1679546471274,1679546471800
1679546471611,1679546471869
1679546471674,1679546471883
1679546471784,1679546471903
1679546471460,1679546471930
1679546471722,1679546471940
1679546471474,1679546471974
1679546471576,1679546471992
1679546471773,1679546472012
1679546471839,1679546472070
1679546471957,1679546472084
1679546472018,1679546472181
1679546472155,1679546472309
1679546472124,1679546472380
1679546472205,1679546472475
1679546472289,1679546472531
1679546472600,1679546472784
1679546472503,1679546472797
1679546472631,1679546472806
1679546472709,1679546472892
1679546472828,1679546472999
1679546472979,1679546473092
1679546472851,1679546473115
1679546472860,1679546473132
1679546472922,1679546473145
1679546472893,1679546473159
1679546473009,1679546473196
1679546473050,1679546473213
1679546473058,1679546473294
1679546473268,1679546473468
1679546473289,1679546473479
1679546473023,1679546473532
1679546473140,1679546473557
1679546473134,1679546473595
1679546473430,1679546473598
1679546473444,1679546473612
1679546473422,1679546473679
1679546473365,1679546473693
1679546473595,1679546473760
1679546473459,1679546473788
1679546473749,1679546473960
1679546473702,1679546473966
1679546473663,1679546473977
1679546473751,1679546473985
1679546473686,1679546474059
1679546473765,1679546474100
1679546473893,1679546474121
1679546473654,1679546474126
1679546473920,1679546474187
1679546473912,1679546474211
1679546474230,1679546474373
1679546474061,1679546474415
1679546474276,1679546474497
1679546474219,1679546474498
1679546474251,1679546474498
1679546474506,1679546474693
1679546474499,1679546474713
1679546474549,1679546474775
1679546474619,1679546474846
1679546474749,1679546474899
1679546474757,1679546474906
1679546474864,1679546475028
1679546474792,1679546475065
1679546474771,1679546475075
1679546474879,1679546475112
1679546474945,1679546475127
1679546474968,1679546475161
1679546475044,1679546475251
1679546474965,1679546475300
1679546475302,1679546475504
1679546475101,1679546475534
1679546475328,1679546475544
1679546475328,1679546475558
1679546475331,1679546475566
1679546475465,1679546475704
1679546475611,1679546475778
1679546475425,1679546475784
1679546475606,1679546475860
1679546475751,1679546476049
1679546475888,1679546476067
1679546475885,1679546476127
1679546475875,1679546476136
1679546475700,1679546476137
1679546475860,1679546476178
1679546475871,1679546476260
1679546476099,1679546476291
1679546476184,1679546476397
1679546476170,1679546476439
1679546476339,1679546476498
1679546476382,1679546476508
1679546476376,1679546476586
1679546476271,1679546476593
1679546476451,1679546476615
1679546476305,1679546476691
1679546476605,1679546476771
1679546476428,1679546476783
1679546476520,1679546476867
1679546476722,1679546476877
1679546476636,1679546476878
1679546476841,1679546477125
1679546476984,1679546477142
1679546476798,1679546477178
1679546476937,1679546477230
1679546477110,1679546477270
1679546477151,1679546477306
1679546477166,1679546477382
1679546477197,1679546477447
1679546477125,1679546477465
1679546477317,1679546477584
1679546477397,1679546477636
1679546477277,1679546477640
1679546477377,1679546477653
1679546477297,1679546477678
1679546477477,1679546477684
1679546477602,1679546477801
1679546477693,1679546477863
1679546477611,1679546477879
1679546477719,1679546477984
1679546477778,1679546478061
1679546477887,1679546478084
1679546477907,1679546478095
1679546477985,1679546478161
1679546477969,1679546478177
1679546477993,1679546478228
1679546477945,1679546478263
1679546477960,1679546478273
1679546478240,1679546478410
1679546478253,1679546478487
1679546478328,1679546478496
1679546478302,1679546478597
1679546478040,1679546478646
1679546478350,1679546478671
1679546478434,1679546478677
1679546478331,1679546478724
1679546478686,1679546478856
1679546478551,1679546478861
1679546478677,1679546478895
1679546479033,1679546479168
1679546479049,1679546479236
1679546478997,1679546479303
1679546478882,1679546479308
1679546479118,1679546479364
1679546479343,1679546479485
1679546479317,1679546479510
1679546479203,1679546479560
1679546479378,1679546479570
1679546479293,1679546479580
1679546479417,1679546479581
1679546479330,1679546479621
1679546479114,1679546479621
1679546479412,1679546479730
1679546479513,1679546479730
1679546479628,1679546479874
1679546479283,1679546479880
1679546479821,1679546479980
1679546479849,1679546479991
1679546479837,1679546480056
1679546479952,1679546480181
1679546480046,1679546480207
1679546480115,1679546480279
1679546480029,1679546480306
1679546480169,1679546480412
1679546480137,1679546480441
1679546480225,1679546480444
1679546480137,1679546480450
1679546480228,1679546480590
1679546480320,1679546480602
1679546480460,1679546480781
1679546480636,1679546480871
1679546480590,1679546480901
1679546480720,1679546480931
1679546480557,1679546480943
1679546480726,1679546480948
1679546480865,1679546481068
1679546480693,1679546481123
1679546480965,1679546481140
1679546481035,1679546481215
1679546480992,1679546481237
1679546481048,1679546481283
1679546481157,1679546481341
1679546481175,1679546481418
1679546481230,1679546481571
1679546481328,1679546481600
1679546481366,1679546481611
1679546481451,1679546481627
1679546481371,1679546481681
1679546481460,1679546481710
1679546481532,1679546481732
1679546481516,1679546481751
1679546481514,1679546481806
1679546481665,1679546481890
1679546481593,1679546481940
1679546481700,1679546481955
1679546481719,1679546482035
1679546481849,1679546482064
1679546481883,1679546482065
1679546481850,1679546482099
1679546482002,1679546482267
1679546482056,1679546482395
1679546482281,1679546482476
1679546482177,1679546482485
1679546482107,1679546482489
1679546482330,1679546482642
1679546482386,1679546482652
1679546482451,1679546482724
1679546482403,1679546482727
1679546482545,1679546482729
1679546482576,1679546482812
1679546482649,1679546482837
1679546482781,1679546482970
1679546482836,1679546482979
1679546482844,1679546483039
1679546482877,1679546483138
1679546482913,1679546483149
1679546482989,1679546483200
1679546483082,1679546483320
1679546483123,1679546483407
1679546483262,1679546483410
1679546483180,1679546483419
1679546483338,1679546483561
1679546483349,1679546483561
1679546483367,1679546483599
1679546483401,1679546483619
1679546483532,1679546483800
1679546483668,1679546483811
1679546483647,1679546483826
1679546483619,1679546483881
1679546483650,1679546483911
1679546483722,1679546483939
1679546483662,1679546484039
1679546483872,1679546484067
1679546483942,1679546484112
1679546483999,1679546484172
1679546483971,1679546484176
1679546483981,1679546484191
1679546483891,1679546484221
1679546484037,1679546484269
1679546484050,1679546484315
1679546484100,1679546484366
1679546484309,1679546484521
1679546484241,1679546484533
1679546484340,1679546484580
1679546484437,1679546484635
1679546484439,1679546484655
1679546484499,1679546484721
1679546484607,1679546484820
1679546484544,1679546484844
1679546484836,1679546485024
1679546484617,1679546485032
1679546484798,1679546485063
1679546484874,1679546485095
1679546484876,1679546485100
1679546484947,1679546485177
1679546484853,1679546485192
1679546485040,1679546485205
1679546485037,1679546485253
1679546485082,1679546485303
1679546485146,1679546485353
1679546485145,1679546485376
1679546485030,1679546485402
1679546485205,1679546485424
1679546485238,1679546485531
1679546485400,1679546485584
1679546485317,1679546485596
1679546485517,1679546485824
1679546485722,1679546485866
1679546485369,1679546485869
1679546485616,1679546485877
1679546485722,1679546485937
1679546485752,1679546485960
1679546485895,1679546486132
1679546485803,1679546486144
1679546486028,1679546486152
1679546486032,1679546486246
1679546485981,1679546486312
1679546486138,1679546486400
1679546486184,1679546486477
1679546486231,1679546486495
1679546486351,1679546486567
1679546486519,1679546486658
1679546486332,1679546486661
1679546486494,1679546486709
1679546486600,1679546486764
1679546486673,1679546486842
1679546486627,1679546486914
1679546486799,1679546487048
1679546486825,1679546487111
1679546486970,1679546487145
1679546486950,1679546487147
1679546487064,1679546487184
1679546486757,1679546487201
1679546486976,1679546487277
1679546487041,1679546487291
1679546487058,1679546487326
1679546487137,1679546487462
1679546487131,1679546487531
1679546487337,1679546487563
1679546487375,1679546487606
1679546487169,1679546487614
1679546487508,1679546487697
1679546487463,1679546487739
1679546487592,1679546487753
1679546487620,1679546487874
1679546487688,1679546487913
1679546487345,1679546487941
1679546487736,1679546488016
1679546487849,1679546488050
1679546487717,1679546488174
1679546487634,1679546488197
1679546487948,1679546488208
1679546488202,1679546488305
1679546488058,1679546488317
1679546488092,1679546488366
1679546488182,1679546488495
1679546488391,1679546488548
1679546488358,1679546488624
1679546488487,1679546488645
1679546488403,1679546488653
1679546488469,1679546488664
1679546488487,1679546488733
1679546488690,1679546488940
1679546488847,1679546488992
1679546488807,1679546489040
1679546488875,1679546489228
1679546488923,1679546489232
1679546489139,1679546489346
1679546489113,1679546489395
1679546489093,1679546489396
1679546489293,1679546489511
1679546489113,1679546489512
1679546489401,1679546489538
1679546489323,1679546489542
1679546488981,1679546489556
1679546489321,1679546489657
1679546489187,1679546489668
1679546489420,1679546489726
1679546489401,1679546489776
1679546489527,1679546489784
1679546489522,1679546489884
1679546489678,1679546489902
1679546489676,1679546489961
1679546489724,1679546489981
1679546489844,1679546490004
1679546489833,1679546490008
1679546489815,1679546490096
1679546490074,1679546490225
1679546490014,1679546490228
1679546489995,1679546490269
1679546490008,1679546490395
1679546490221,1679546490440
1679546490285,1679546490519
1679546490354,1679546490529
1679546490137,1679546490554
1679546490525,1679546490685
1679546490572,1679546490718
1679546490580,1679546490844
1679546490705,1679546490882
1679546490650,1679546490944
1679546490568,1679546490969
1679546490865,1679546490987
1679546490741,1679546490987
1679546490702,1679546491000
1679546490961,1679546491104
1679546490796,1679546491112
1679546490781,1679546491239
1679546491018,1679546491277
1679546491041,1679546491282
1679546491262,1679546491435
1679546491053,1679546491485
1679546491112,1679546491546
1679546491196,1679546491550
1679546491331,1679546491553
1679546491268,1679546491622
1679546491380,1679546491723
1679546491494,1679546491745
1679546491638,1679546491804
1679546491495,1679546491860
1679546491719,1679546491928
1679546491803,1679546492042
1679546491525,1679546492099
1679546491918,1679546492164
1679546491908,1679546492177
1679546491867,1679546492185
1679546492017,1679546492197
1679546492234,1679546492466
1679546492302,1679546492500
1679546492419,1679546492524
1679546492429,1679546492585
1679546492326,1679546492659
1679546492401,1679546492661
1679546492474,1679546492663
1679546492363,1679546492684
1679546492541,1679546492699
1679546492477,1679546492722
1679546492495,1679546492856
1679546492573,1679546492892
1679546492716,1679546492907
1679546492711,1679546492925
1679546492682,1679546493047
1679546492827,1679546493054
1679546492909,1679546493068
1679546492857,1679546493166
1679546493009,1679546493231
1679546493071,1679546493249
1679546493098,1679546493252
1679546493152,1679546493282
1679546493171,1679546493423
1679546493183,1679546493433
1679546493288,1679546493433
1679546493237,1679546493470
1679546493281,1679546493497
1679546493478,1679546493698
1679546493625,1679546493814
1679546493571,1679546493836
1679546493752,1679546493934
1679546493757,1679546493985
1679546493829,1679546493993
1679546493704,1679546494008
1679546493963,1679546494156
1679546493816,1679546494163
1679546493965,1679546494226
1679546494145,1679546494325
1679546494140,1679546494349
1679546494210,1679546494392
1679546494372,1679546494534
1679546494287,1679546494558
1679546494285,1679546494670
1679546494543,1679546494746
1679546494401,1679546494748
1679546494590,1679546494774
1679546494587,1679546494798
1679546494601,1679546494840
1679546494657,1679546494877
1679546494673,1679546494888
1679546494665,1679546494926
1679546494601,1679546494957
1679546494685,1679546494982
1679546494745,1679546495044
1679546494866,1679546495075
1679546494651,1679546495105
1679546494977,1679546495255
1679546495032,1679546495285
1679546495221,1679546495418
1679546495127,1679546495452
1679546495244,1679546495475
1679546495209,1679546495526
1679546495374,1679546495583
1679546495436,1679546495607
1679546495377,1679546495664
1679546495442,1679546495779
1679546495662,1679546495867
1679546495664,1679546495889
1679546495714,1679546495943
1679546495841,1679546496005
1679546495845,1679546496053
1679546495850,1679546496067
1679546495991,1679546496132
1679546495868,1679546496161
1679546496105,1679546496312
1679546496211,1679546496335
1679546496111,1679546496397
1679546496209,1679546496421
1679546496173,1679546496448
1679546496293,1679546496488
1679546496215,1679546496521
1679546496381,1679546496525
1679546496270,1679546496578
1679546496473,1679546496604
1679546496377,1679546496624
1679546496560,1679546496722
1679546496564,1679546496790
1679546496645,1679546496911
1679546496850,1679546497002
1679546496749,1679546497004
1679546496775,1679546497017
1679546496844,1679546497021
1679546496709,1679546497032
1679546496932,1679546497097
1679546496708,1679546497130
1679546496977,1679546497133
1679546496836,1679546497147
1679546496849,1679546497212
1679546497105,1679546497425
1679546497345,1679546497477
1679546497213,1679546497479
1679546497213,1679546497482
1679546497395,1679546497576
1679546497385,1679546497627
1679546497428,1679546497687
1679546497713,1679546497901
1679546497758,1679546497954
1679546497835,1679546498029
1679546497574,1679546498046
1679546497865,1679546498084
1679546497982,1679546498151
1679546497897,1679546498248
1679546498034,1679546498276
1679546497872,1679546498277
1679546498033,1679546498326
1679546498088,1679546498331
1679546498127,1679546498396
1679546498096,1679546498398
1679546498266,1679546498400
1679546498158,1679546498470
1679546498236,1679546498476
1679546498302,1679546498509
1679546498233,1679546498532
1679546498363,1679546498633
1679546498481,1679546498738
1679546498628,1679546498815
1679546498612,1679546498844
1679546498532,1679546498975
1679546498811,1679546499044
1679546498861,1679546499120
1679546498860,1679546499171
1679546498960,1679546499176
1679546498880,1679546499185
1679546498929,1679546499210
1679546498957,1679546499243
1679546499108,1679546499270
1679546499112,1679546499309
1679546499170,1679546499359
1679546499207,1679546499374
1679546499252,1679546499438
1679546499323,1679546499672
1679546499413,1679546499696
1679546499448,1679546499698
1679546499564,1679546499745
1679546499667,1679546499782
1679546499619,1679546499796
1679546499582,1679546499857
1679546499461,1679546499863
1679546499661,1679546499917
1679546499652,1679546499961
1679546499535,1679546500035
1679546499988,1679546500201
1679546500206,1679546500340
1679546500161,1679546500346
1679546500211,1679546500367
1679546500245,1679546500428
1679546500181,1679546500435
1679546500289,1679546500453
1679546500179,1679546500463
1679546500148,1679546500479
1679546500357,1679546500726
1679546500532,1679546500784
1679546500444,1679546500818
1679546500700,1679546500952
1679546500890,1679546500992
1679546500725,1679546501003
1679546500753,1679546501028
1679546500769,1679546501032
1679546500763,1679546501099
1679546500577,1679546501116
1679546501012,1679546501186
1679546501031,1679546501254
1679546501050,1679546501255
1679546500889,1679546501259
1679546501156,1679546501322
1679546501035,1679546501351
1679546501124,1679546501367
1679546501001,1679546501390
1679546501075,1679546501450
1679546501263,1679546501543
1679546501351,1679546501578
1679546501501,1679546501739
1679546501699,1679546501825
1679546501515,1679546501849
1679546501625,1679546501887
1679546501770,1679546501932
1679546501777,1679546501986
1679546501647,1679546502027
1679546501793,1679546502064
1679546501935,1679546502097
1679546501816,1679546502133
1679546501780,1679546502175
1679546502157,1679546502348
1679546502170,1679546502376
1679546502130,1679546502390
1679546502113,1679546502465
1679546502234,1679546502487
1679546502440,1679546502652
1679546502469,1679546502695
1679546502625,1679546502867
1679546502659,1679546502921
1679546502795,1679546502952
1679546502780,1679546502972
1679546502818,1679546502973
1679546502709,1679546502979
1679546502589,1679546502989
1679546502845,1679546503006
1679546502905,1679546503058
1679546502542,1679546503146
1679546502835,1679546503194
1679546503003,1679546503200
1679546503077,1679546503212
1679546502885,1679546503294
1679546503148,1679546503301
1679546502888,1679546503322
1679546502985,1679546503389
1679546503220,1679546503487
1679546503464,1679546503715
1679546503351,1679546503730
1679546503414,1679546503741
1679546503604,1679546503764
1679546503471,1679546503771
1679546503519,1679546503776
1679546503549,1679546503786
1679546503809,1679546503960
1679546503801,1679546503984
1679546503842,1679546504036
1679546503802,1679546504086
1679546503930,1679546504181
1679546504067,1679546504229
1679546504069,1679546504335
1679546503939,1679546504359
1679546504148,1679546504373
1679546504111,1679546504382
1679546504125,1679546504401
1679546504372,1679546504512
1679546504396,1679546504550
1679546504372,1679546504596
1679546504437,1679546504612
1679546504476,1679546504651
1679546504366,1679546504660
1679546504473,1679546504701
1679546504372,1679546504703
1679546504545,1679546504771
1679546504631,1679546504815
1679546504795,1679546505050
1679546504828,1679546505093
1679546504904,1679546505143
1679546505023,1679546505192
1679546504997,1679546505228
1679546505057,1679546505281
1679546504939,1679546505290
1679546505192,1679546505387
1679546505167,1679546505409
1679546505108,1679546505445
1679546505259,1679546505572
1679546505068,1679546505573
1679546505327,1679546505582
1679546505403,1679546505650
1679546505562,1679546505715
1679546505521,1679546505723
1679546505501,1679546505728
1679546505488,1679546505840
1679546505688,1679546505926
1679546505667,1679546505977
1679546505635,1679546506001
1679546505612,1679546506038
1679546505921,1679546506058
1679546505925,1679546506117
1679546505829,1679546506129
1679546505968,1679546506238
1679546505992,1679546506289
1679546506045,1679546506411
1679546506265,1679546506411
1679546506049,1679546506416
1679546506147,1679546506443
1679546506339,1679546506538
1679546506391,1679546506594
1679546506455,1679546506628
1679546506360,1679546506637
1679546506164,1679546506650
1679546506541,1679546506751
1679546506556,1679546506792
1679546506653,1679546506802
1679546506550,1679546506819
1679546506693,1679546506895
1679546506659,1679546506998
1679546506952,1679546507187
1679546507070,1679546507196
1679546507113,1679546507329
1679546507356,1679546507471
1679546507168,1679546507488
1679546507325,1679546507552
1679546507297,1679546507611
1679546507484,1679546507633
1679546507386,1679546507682
1679546507539,1679546507841
1679546507736,1679546507851
1679546507603,1679546507857
1679546507463,1679546507871
1679546507585,1679546507922
1679546507681,1679546507924
1679546507814,1679546508078
1679546507796,1679546508150
1679546507858,1679546508188
1679546507772,1679546508206
1679546507977,1679546508243
1679546508040,1679546508269
1679546507949,1679546508345
1679546508109,1679546508370
1679546508215,1679546508435
1679546508283,1679546508447
1679546508256,1679546508490
1679546508343,1679546508561
1679546508042,1679546508590
1679546508357,1679546508656
1679546508414,1679546508720
1679546508515,1679546508737
1679546508614,1679546508812
1679546508687,1679546508847
1679546508742,1679546509031
1679546508866,1679546509075
1679546509005,1679546509078
1679546508816,1679546509079
1679546508816,1679546509090
1679546508845,1679546509130
1679546508789,1679546509143
1679546509023,1679546509249
1679546509051,1679546509301
1679546509187,1679546509493
1679546509405,1679546509503
1679546509283,1679546509575
1679546509376,1679546509594
1679546509401,1679546509596
1679546509283,1679546509645
1679546509469,1679546509743
1679546509540,1679546509744
1679546509639,1679546509759
1679546509558,1679546509767
1679546509733,1679546509917
1679546509908,1679546510028
1679546509799,1679546510068
1679546509943,1679546510109
1679546509702,1679546510173
1679546509911,1679546510197
1679546510068,1679546510217
1679546510133,1679546510315
1679546510081,1679546510335
1679546510080,1679546510344
1679546510173,1679546510349
1679546510186,1679546510387
1679546510265,1679546510397
1679546509966,1679546510398
1679546510290,1679546510449
1679546510306,1679546510497
1679546510415,1679546510689
1679546510579,1679546510757
1679546510694,1679546510833
1679546510693,1679546510912
1679546510734,1679546510946
1679546511008,1679546511116
1679546510845,1679546511149
1679546510739,1679546511178
1679546511000,1679546511180
1679546510681,1679546511201
1679546511007,1679546511227
1679546511048,1679546511304
1679546511351,1679546511479
1679546511237,1679546511511
1679546511315,1679546511546
1679546511233,1679546511560
1679546511415,1679546511622
1679546511463,1679546511632
1679546511441,1679546511683
1679546511501,1679546511716
1679546511554,1679546511768
1679546511573,1679546511775
1679546511580,1679546511858
1679546511466,1679546511860
1679546511740,1679546511888
1679546511725,1679546511949
1679546511792,1679546511953
1679546511620,1679546511998
1679546511811,1679546512064
1679546511780,1679546512133
1679546511881,1679546512285
1679546512221,1679546512432
1679546512281,1679546512479
1679546512289,1679546512505
1679546512465,1679546512640
1679546512413,1679546512644
1679546512352,1679546512681
1679546512381,1679546512684
1679546512547,1679546512711
1679546512670,1679546512837
1679546512552,1679546512857
1679546512743,1679546512955
1679546512773,1679546512980
1679546512732,1679546513021
1679546512880,1679546513102
1679546512824,1679546513105
1679546512836,1679546513184
1679546512931,1679546513239
1679546513014,1679546513243
1679546513044,1679546513256
1679546513045,1679546513296
1679546513150,1679546513359
1679546513194,1679546513424
1679546513088,1679546513433
1679546513201,1679546513512
1679546513354,1679546513546
1679546513389,1679546513602
1679546513541,1679546513694
1679546513445,1679546513732
1679546513521,1679546513784
1679546513570,1679546513824
1679546513534,1679546513945
1679546513752,1679546513979
1679546513783,1679546514024
1679546513901,1679546514040
1679546513911,1679546514124
1679546513911,1679546514200
1679546514027,1679546514263
1679546514034,1679546514305
1679546514156,1679546514362
1679546514178,1679546514373
1679546514235,1679546514409
1679546514375,1679546514564
1679546514341,1679546514676
1679546514481,1679546514690
1679546514544,1679546514701
1679546514442,1679546514758
1679546514696,1679546514830
1679546514618,1679546514859
1679546514594,1679546514865
1679546514791,1679546515002
1679546514765,1679546515054
1679546514639,1679546515055
1679546514878,1679546515066
1679546514869,1679546515102
1679546514791,1679546515113
1679546514948,1679546515143
1679546515011,1679546515249
1679546515027,1679546515296
1679546515132,1679546515424
1679546515212,1679546515452
1679546515319,1679546515512
1679546515316,1679546515596
1679546515395,1679546515597
1679546515345,1679546515599
1679546515481,1679546515725
1679546515549,1679546515743
1679546515506,1679546515756
1679546515501,1679546515763
1679546515481,1679546515791
1679546515601,1679546515847
1679546515666,1679546515921
1679546515888,1679546516050
1679546515685,1679546516068
1679546515892,1679546516085
1679546515746,1679546516112
1679546515879,1679546516337
1679546516168,1679546516355
1679546516244,1679546516368
1679546516188,1679546516372
1679546516213,1679546516484
1679546516406,1679546516551
1679546516330,1679546516572
1679546516440,1679546516620
1679546516401,1679546516627
1679546516448,1679546516675
1679546516673,1679546516864
1679546516605,1679546516900
1679546516729,1679546516943
1679546516835,1679546517014
1679546516744,1679546517027
1679546516978,1679546517146
1679546516953,1679546517209
1679546516852,1679546517225
1679546517009,1679546517251
1679546516984,1679546517267
1679546517117,1679546517276
1679546517045,1679546517317
1679546517089,1679546517384
1679546517123,1679546517386
1679546517302,1679546517516
1679546517240,1679546517522
1679546517277,1679546517549
1679546517498,1679546517673
1679546517374,1679546517695
1679546517231,1679546517716
1679546517618,1679546517748
1679546517553,1679546517776
1679546517564,1679546517810
1679546517687,1679546517863
1679546517769,1679546517997
1679546517816,1679546518053
1679546517982,1679546518174
1679546518076,1679546518202
1679546518131,1679546518353
1679546518277,1679546518451
1679546518217,1679546518470
1679546518459,1679546518618
1679546518437,1679546518671
1679546518530,1679546518688
1679546518532,1679546518720
1679546518345,1679546518723
1679546518529,1679546518773
1679546518597,1679546518778
1679546518347,1679546518827
1679546518621,1679546518833
1679546518720,1679546518869
1679546518692,1679546518933
1679546518713,1679546518954
1679546518703,1679546519025
1679546518769,1679546519047
1679546518940,1679546519134
1679546518773,1679546519141
1679546518864,1679546519173
1679546518781,1679546519270
1679546519209,1679546519331
1679546519126,1679546519366
1679546519265,1679546519400
1679546519258,1679546519433
1679546519396,1679546519575
1679546519419,1679546519662
1679546519661,1679546519771
1679546519423,1679546519798
1679546519633,1679546519807
1679546519612,1679546519827
1679546519718,1679546519921
1679546519688,1679546519922
1679546519765,1679546519960
1679546519681,1679546520047
1679546519751,1679546520056
1679546519813,1679546520107
1679546520053,1679546520162
1679546520065,1679546520245
1679546520076,1679546520265
1679546519943,1679546520284
1679546520208,1679546520445
1679546520292,1679546520483
1679546520279,1679546520489
1679546520467,1679546520669
1679546520402,1679546520683
1679546520391,1679546520696
1679546520390,1679546520742
1679546520465,1679546520748
1679546520634,1679546520909
1679546520734,1679546520986
1679546520812,1679546521057
1679546520867,1679546521081
1679546520681,1679546521082
1679546520922,1679546521135
1679546520733,1679546521151
1679546520847,1679546521157
1679546520938,1679546521203
1679546521054,1679546521213
1679546521036,1679546521234
1679546521046,1679546521280
1679546521073,1679546521432
1679546521265,1679546521534
1679546521385,1679546521580
1679546521411,1679546521593
1679546521272,1679546521593
1679546521341,1679546521701
1679546521413,1679546521760
1679546521456,1679546521780
1679546521598,1679546521793
1679546521839,1679546522023
1679546521700,1679546522044
1679546522071,1679546522176
1679546521935,1679546522211
1679546522137,1679546522301
1679546521902,1679546522338
1679546522174,1679546522382
1679546522201,1679546522446
1679546522293,1679546522517
1679546522458,1679546522629
1679546522134,1679546522631
1679546522401,1679546522636
1679546522437,1679546522649
1679546522468,1679546522697
1679546522487,1679546522699
1679546522498,1679546522705
1679546522571,1679546522778
1679546522524,1679546522830
1679546522711,1679546522935
1679546522719,1679546522965
1679546522648,1679546522992
1679546522771,1679546523011
1679546522655,1679546523028
1679546522824,1679546523046
1679546522889,1679546523178
1679546522962,1679546523243
1679546523166,1679546523296
1679546523177,1679546523366
1679546523202,1679546523379
1679546523295,1679546523449
1679546523057,1679546523481
1679546523280,1679546523545
1679546523543,1679546523730
1679546523576,1679546523748
1679546523661,1679546523840
1679546523571,1679546523846
1679546523688,1679546523901
1679546523741,1679546523986
1679546523741,1679546523996
1679546523911,1679546524146
1679546524065,1679546524233
1679546524021,1679546524269
1679546524141,1679546524293
1679546524073,1679546524301
1679546524153,1679546524340
1679546524003,1679546524344
1679546524200,1679546524368
1679546524063,1679546524403
1679546524330,1679546524553
1679546524517,1679546524662
1679546524315,1679546524745
1679546524555,1679546524745
1679546524528,1679546524761
1679546524625,1679546524870
1679546524564,1679546524881
1679546524732,1679546524925
1679546524770,1679546524965
1679546524738,1679546524975
1679546524806,1679546525010
1679546524814,1679546525017
1679546524892,1679546525087
1679546524902,1679546525101
1679546524917,1679546525198
1679546525030,1679546525220
1679546525008,1679546525274
1679546524949,1679546525276
1679546525127,1679546525305
1679546525075,1679546525353
1679546525225,1679546525382
1679546525215,1679546525451
1679546525557,1679546525712
1679546525492,1679546525811
1679546525606,1679546525839
1679546525599,1679546525848
1679546525662,1679546525866
1679546525586,1679546525895
1679546525753,1679546525919
1679546525769,1679546525935
1679546525811,1679546526044
1679546525838,1679546526114
1679546525897,1679546526164
1679546525763,1679546526219
1679546526053,1679546526304
1679546525868,1679546526312
1679546525886,1679546526343
1679546526106,1679546526360
1679546526174,1679546526375
1679546526138,1679546526393
1679546526193,1679546526401
1679546526213,1679546526446
1679546526176,1679546526453
1679546526273,1679546526481
1679546526317,1679546526564
1679546526361,1679546526599
1679546526263,1679546526640
1679546526529,1679546526779
1679546526648,1679546526836
1679546526793,1679546526891
1679546526728,1679546526965
1679546526818,1679546527064
1679546526859,1679546527133
1679546527141,1679546527264
1679546527033,1679546527276
1679546527019,1679546527327
1679546527140,1679546527383
1679546526986,1679546527386
1679546527269,1679546527433
1679546527261,1679546527443
1679546527249,1679546527504
1679546527374,1679546527612
1679546527403,1679546527686
1679546527536,1679546527691
1679546527491,1679546527697
1679546527531,1679546527739
1679546527599,1679546527856
1679546527655,1679546527874
1679546527581,1679546527908
1679546527673,1679546527912
1679546527765,1679546527945
1679546527804,1679546527973
1679546527681,1679546528011
1679546527882,1679546528113
1679546528186,1679546528305
1679546528078,1679546528335
1679546528211,1679546528480
1679546528271,1679546528492
1679546528376,1679546528521
1679546528384,1679546528546
1679546528486,1679546528616
1679546528383,1679546528639
1679546528439,1679546528648
1679546528511,1679546528666
1679546528439,1679546528677
1679546528281,1679546528768
1679546528586,1679546528809
1679546528531,1679546528822
1679546528651,1679546528825
1679546528776,1679546528971
1679546528852,1679546529060
1679546529025,1679546529211
1679546528863,1679546529223
1679546529027,1679546529247
1679546528923,1679546529255
1679546528971,1679546529340
1679546529088,1679546529354
1679546529203,1679546529527
1679546529453,1679546529584
1679546529496,1679546529741
1679546529512,1679546529744
1679546529558,1679546529769
1679546529424,1679546529770
1679546529541,1679546529770
1679546529467,1679546529783
1679546529409,1679546529827
1679546529636,1679546529840
1679546529364,1679546529842
1679546529501,1679546529873
1679546529771,1679546529950
1679546529788,1679546529965
1679546529776,1679546529967
1679546529834,1679546530025
1679546529976,1679546530153
1679546529960,1679546530211
1679546530027,1679546530225
1679546529976,1679546530236
1679546530362,1679546530488
1679546530372,1679546530499
1679546530373,1679546530548
1679546530409,1679546530564
1679546530473,1679546530636
1679546530490,1679546530660
1679546530433,1679546530730
1679546530602,1679546530814
1679546530572,1679546530847
1679546530671,1679546530932
1679546530792,1679546530983
1679546530541,1679546531007
1679546530839,1679546531016
1679546530607,1679546531038
1679546530796,1679546531089
1679546530997,1679546531193
1679546530989,1679546531235
1679546530872,1679546531246
1679546531031,1679546531277
1679546531145,1679546531394
1679546531257,1679546531398
1679546531128,1679546531406
1679546531248,1679546531431
1679546531301,1679546531497
1679546531188,1679546531512
1679546531276,1679546531552
1679546531436,1679546531755
1679546531504,1679546531800
1679546531661,1679546531828
1679546531443,1679546531920
1679546531805,1679546532099
1679546531776,1679546532151
1679546531853,1679546532152
1679546532009,1679546532281
1679546532050,1679546532301
1679546532189,1679546532381
1679546532205,1679546532501
1679546532241,1679546532516
1679546532313,1679546532527
1679546532214,1679546532556
1679546532132,1679546532570
1679546532457,1679546532629
1679546532269,1679546532631
1679546532344,1679546532666
1679546532378,1679546532677
1679546532385,1679546532688
1679546532527,1679546532742
1679546532593,1679546532797
1679546532552,1679546532915
1679546532630,1679546532927
1679546532856,1679546533045
1679546532833,1679546533122
1679546532794,1679546533142
1679546532859,1679546533183
1679546532946,1679546533227
1679546533045,1679546533271
1679546533233,1679546533362
1679546533003,1679546533436
1679546533224,1679546533524
1679546533304,1679546533544
1679546533534,1679546533708
1679546533611,1679546533800
1679546533616,1679546533827
1679546533652,1679546533924
1679546533733,1679546533929
1679546533744,1679546533943
1679546533608,1679546533971
1679546533669,1679546533987
1679546533760,1679546534012
1679546534028,1679546534247
1679546534107,1679546534301
1679546533863,1679546534312
1679546534187,1679546534348
1679546534035,1679546534349
1679546534127,1679546534363
1679546534245,1679546534479
1679546534164,1679546534480
1679546534379,1679546534544
1679546534384,1679546534560
1679546534345,1679546534628
1679546534409,1679546534648
1679546534326,1679546534669
1679546534558,1679546534932
1679546534735,1679546534952
1679546534737,1679546534971
1679546534709,1679546534989
1679546534927,1679546535054
1679546534855,1679546535098
1679546534785,1679546535121
1679546534840,1679546535121
1679546534981,1679546535163
1679546534921,1679546535272
1679546534946,1679546535328
1679546535052,1679546535365
1679546535129,1679546535392
1679546535256,1679546535437
1679546535268,1679546535535
1679546535441,1679546535686
1679546535526,1679546535746
1679546535533,1679546535752
1679546535580,1679546535799
1679546535741,1679546535911
1679546535519,1679546535935
1679546535666,1679546535979
1679546535765,1679546535988
1679546535729,1679546536116
1679546535861,1679546536131
1679546536007,1679546536181
1679546535837,1679546536206
1679546535675,1679546536274
1679546536052,1679546536303
1679546536156,1679546536324
1679546536189,1679546536525
1679546536328,1679546536544
1679546536402,1679546536562
1679546536305,1679546536613
1679546536359,1679546536616
1679546536316,1679546536696
1679546536369,1679546536737
1679546536441,1679546536761
1679546536531,1679546536785
1679546536575,1679546536899
1679546536582,1679546536902
1679546536706,1679546536907
1679546536759,1679546536951
1679546536885,1679546537051
1679546536828,1679546537084
1679546536984,1679546537131
1679546536827,1679546537162
1679546537005,1679546537239
1679546537030,1679546537329
1679546537235,1679546537455
1679546537188,1679546537460
1679546537193,1679546537504
1679546537288,1679546537504
1679546537448,1679546537572
1679546537468,1679546537693
1679546537484,1679546537746
1679546537566,1679546537756
1679546537544,1679546537773
1679546537486,1679546537795
1679546537536,1679546537837
1679546537664,1679546537868
1679546537627,1679546537874
1679546537487,1679546537952
1679546537638,1679546538101
1679546537914,1679546538123
1679546537909,1679546538128
1679546537812,1679546538134
1679546537999,1679546538150
1679546537799,1679546538241
1679546538148,1679546538366
1679546537969,1679546538368
1679546538013,1679546538403
1679546538552,1679546538772
1679546538587,1679546538780
1679546538599,1679546538862
1679546538495,1679546538908
1679546538682,1679546538910
1679546538651,1679546538944
1679546538743,1679546538955
1679546538880,1679546539026
1679546538973,1679546539152
1679546538725,1679546539160
1679546538871,1679546539201
1679546538877,1679546539221
1679546539052,1679546539297
1679546538729,1679546539314
1679546539087,1679546539356
1679546539083,1679546539399
1679546539133,1679546539401
1679546539141,1679546539465
1679546539082,1679546539474
1679546539245,1679546539517
1679546539341,1679546539577
1679546539357,1679546539797
1679546539437,1679546539803
1679546539595,1679546539823
1679546539780,1679546539856
1679546539788,1679546539935
1679546539733,1679546539994
1679546539831,1679546540072
1679546539807,1679546540089
1679546539994,1679546540139
1679546539992,1679546540280
1679546540085,1679546540284
1679546540169,1679546540322
1679546540116,1679546540343
1679546539979,1679546540362
1679546540137,1679546540375
1679546540101,1679546540392
1679546540295,1679546540480
1679546540344,1679546540560
1679546540421,1679546540680
1679546540481,1679546540740
1679546540464,1679546540886
1679546540516,1679546540896
1679546540603,1679546540919
1679546540687,1679546540927
1679546540731,1679546540995
1679546540790,1679546541062
1679546540788,1679546541072
1679546540893,1679546541079
1679546540948,1679546541184
1679546541003,1679546541241
1679546541059,1679546541279
1679546541109,1679546541348
1679546541077,1679546541394
1679546541067,1679546541429
1679546541133,1679546541433
1679546541216,1679546541567
1679546541317,1679546541630
1679546541435,1679546541689
1679546541354,1679546541694
1679546541437,1679546541733
1679546541549,1679546541920
1679546541739,1679546541956
1679546541951,1679546542096
1679546541883,1679546542131
1679546542002,1679546542197
1679546541970,1679546542198
1679546542149,1679546542334
1679546542202,1679546542421
1679546542145,1679546542444
1679546542309,1679546542518
1679546542387,1679546542638
1679546542416,1679546542679
1679546542333,1679546542706
1679546542436,1679546542710
1679546542464,1679546542711
1679546542416,1679546542740
1679546542483,1679546542932
1679546542765,1679546543030
1679546542868,1679546543031
1679546542670,1679546543045
1679546542832,1679546543062
1679546542924,1679546543087
1679546542877,1679546543124
1679546542776,1679546543126
1679546543200,1679546543287
1679546543104,1679546543354
1679546543068,1679546543355
1679546543124,1679546543478
1679546543308,1679546543561
1679546543457,1679546543661
1679546543449,1679546543717
1679546543520,1679546543719
1679546543601,1679546543789
1679546543702,1679546543821
1679546543520,1679546543884
1679546543513,1679546543888
1679546543737,1679546543891
1679546543742,1679546543915
1679546543739,1679546544037
1679546544026,1679546544186
1679546543916,1679546544209
1679546543998,1679546544217
1679546544054,1679546544230
1679546544065,1679546544252
1679546544123,1679546544253
1679546544314,1679546544446
1679546544245,1679546544452
1679546544333,1679546544491
1679546544083,1679546544544
1679546544412,1679546544606
1679546544401,1679546544618
1679546544496,1679546544659
1679546544367,1679546544664
1679546544682,1679546544847
1679546544717,1679546544870
1679546544779,1679546544964
1679546544811,1679546544990
1679546544636,1679546545037
1679546544824,1679546545047
1679546544894,1679546545051
1679546544972,1679546545145
1679546544969,1679546545187
1679546544901,1679546545224
1679546544832,1679546545242
1679546545055,1679546545272
1679546545111,1679546545332
1679546545143,1679546545421
1679546545239,1679546545438
1679546545320,1679546545520
1679546545470,1679546545639
1679546545392,1679546545640
1679546545479,1679546545653
1679546545440,1679546545734
1679546545580,1679546545829
1679546545783,1679546545982
1679546545930,1679546546103
1679546545858,1679546546159
1679546545967,1679546546183
1679546545909,1679546546185
1679546546021,1679546546225
1679546546105,1679546546269
1679546546107,1679546546304
1679546546091,1679546546347
1679546546171,1679546546389
1679546546193,1679546546496
1679546546255,1679546546560
1679546546447,1679546546664
1679546546409,1679546546672
1679546546458,1679546546700
1679546546553,1679546546763
1679546546572,1679546546807
1679546546576,1679546546808
1679546546596,1679546546823
1679546546565,1679546546860
1679546546748,1679546546922
1679546546692,1679546546945
1679546546797,1679546546963
1679546546604,1679546547006
1679546546785,1679546547007
1679546546944,1679546547144
1679546547085,1679546547203
1679546546824,1679546547288
1679546547101,1679546547368
1679546547112,1679546547368
1679546547193,1679546547385
1679546547328,1679546547467
1679546547185,1679546547527
1679546547331,1679546547554
1679546547363,1679546547615
1679546547365,1679546547620
1679546547470,1679546547704
1679546547531,1679546547753
1679546547546,1679546547823
1679546547738,1679546547939
1679546547719,1679546547948
1679546547832,1679546547965
1679546547821,1679546548144
1679546547775,1679546548152
1679546548040,1679546548207
1679546547880,1679546548231
1679546548003,1679546548339
1679546548205,1679546548406
1679546548077,1679546548419
1679546548232,1679546548455
1679546548220,1679546548456
1679546548392,1679546548551
1679546548443,1679546548628
1679546548408,1679546548640
1679546548398,1679546548665
1679546548525,1679546548770
1679546548597,1679546548796
1679546548533,1679546548815
1679546548814,1679546549054
1679546548918,1679546549067
1679546548808,1679546549113
1679546548831,1679546549143
1679546549004,1679546549186
1679546548974,1679546549293
1679546549081,1679546549311
1679546549217,1679546549440
1679546549204,1679546549453
1679546549244,1679546549482
1679546549190,1679546549500
1679546549323,1679546549531
1679546549261,1679546549582
1679546549506,1679546549662
1679546549430,1679546549780
1679546549411,1679546549893
1679546549499,1679546549929
1679546549610,1679546549932
1679546549750,1679546549985
1679546549790,1679546549988
1679546549859,1679546550010
1679546549825,1679546550067
1679546550018,1679546550238
1679546550053,1679546550366
1679546549941,1679546550367
1679546550030,1679546550422
1679546549961,1679546550423
1679546549981,1679546550448
1679546550215,1679546550465
1679546550298,1679546550519
1679546550147,1679546550562
1679546550369,1679546550640
1679546550335,1679546550669
1679546550502,1679546550751
1679546550565,1679546550792
1679546550509,1679546550796
1679546550862,1679546551009
1679546550675,1679546551064
1679546551011,1679546551180
1679546550887,1679546551183
1679546551067,1679546551198
1679546551035,1679546551207
1679546551132,1679546551220
1679546551009,1679546551310
1679546551092,1679546551332
1679546551206,1679546551462
1679546551254,1679546551492
1679546551255,1679546551498
1679546551291,1679546551543
1679546551328,1679546551566
1679546551358,1679546551610
1679546551455,1679546551672
1679546551540,1679546551763
1679546551568,1679546551772
1679546551200,1679546551773
1679546551614,1679546551843
1679546551659,1679546551872
1679546551687,1679546551914
1679546551887,1679546552087
1679546551873,1679546552119
1679546551703,1679546552132
1679546552014,1679546552206
1679546552069,1679546552261
1679546552183,1679546552369
1679546551871,1679546552371
1679546552074,1679546552428
1679546552315,1679546552467
1679546552374,1679546552542
1679546552356,1679546552548
1679546552399,1679546552668
1679546552511,1679546552755
1679546552570,1679546552824
1679546552629,1679546552844
1679546552704,1679546552878
1679546552724,1679546552986
1679546553024,1679546553171
1679546552988,1679546553272
1679546553143,1679546553430
1679546553163,1679546553438
1679546553194,1679546553473
1679546553273,1679546553500
1679546553215,1679546553526
1679546553234,1679546553544
1679546553288,1679546553592
1679546553414,1679546553611
1679546553484,1679546553692
1679546553461,1679546553696
1679546553501,1679546553753
1679546553355,1679546553767
1679546553508,1679546553773
1679546553455,1679546553779
1679546553577,1679546553846
1679546553625,1679546553856
1679546553648,1679546553864
1679546553891,1679546554003
1679546553901,1679546554055
1679546553919,1679546554193
1679546554036,1679546554225
1679546554150,1679546554395
1679546554311,1679546554510
1679546554386,1679546554527
1679546554192,1679546554528
1679546554138,1679546554548
1679546554316,1679546554588
1679546554436,1679546554669
1679546554552,1679546554759
1679546554527,1679546554796
1679546554665,1679546554815
1679546554580,1679546554837
1679546554639,1679546554855
1679546554689,1679546554954
1679546554676,1679546554982
1679546554663,1679546555011
1679546554803,1679546555037
1679546555030,1679546555223
1679546554994,1679546555256
1679546554856,1679546555290
1679546555025,1679546555301
1679546555120,1679546555319
1679546555171,1679546555350
1679546555141,1679546555428
1679546555339,1679546555491
1679546555289,1679546555503
1679546555392,1679546555600
1679546555451,1679546555676
1679546555467,1679546555679
1679546555433,1679546555682
1679546555513,1679546555703
1679546555580,1679546555824
1679546555722,1679546555935
1679546555714,1679546555944
1679546555699,1679546556022
1679546555942,1679546556094
1679546556027,1679546556222
1679546555942,1679546556236
1679546556077,1679546556256
1679546556035,1679546556285
1679546556063,1679546556371
1679546555974,1679546556393
1679546556320,1679546556473
1679546556177,1679546556487
1679546556304,1679546556491
1679546556323,1679546556506
1679546556348,1679546556660
1679546556452,1679546556665
1679546556447,1679546556711
1679546556546,1679546556733
1679546556415,1679546556824
1679546556540,1679546556841
1679546556501,1679546556958
1679546556737,1679546556984
1679546556852,1679546556987
1679546556668,1679546556996
1679546556929,1679546557205
1679546557125,1679546557229
1679546557095,1679546557268
1679546557144,1679546557271
1679546557121,1679546557327
1679546557160,1679546557389
1679546557097,1679546557534
1679546557316,1679546557568
1679546557337,1679546557588
1679546557249,1679546557608
1679546557344,1679546557739
1679546557683,1679546557831
1679546557712,1679546557833
1679546557592,1679546557861
1679546557344,1679546557877
1679546557741,1679546558016
1679546557795,1679546558060
1679546557900,1679546558154
1679546557987,1679546558181
1679546557935,1679546558206
1679546558089,1679546558292
1679546558072,1679546558308
1679546558118,1679546558451
1679546558272,1679546558499
1679546558199,1679546558546
1679546558277,1679546558626
1679546558397,1679546558691
1679546558289,1679546558695
1679546558596,1679546558805
1679546558549,1679546558822
1679546558590,1679546558833
1679546558618,1679546558856
1679546558485,1679546558875
1679546558702,1679546558922
1679546558735,1679546558938
1679546558691,1679546559010
1679546558809,1679546559043
1679546558780,1679546559060
1679546558732,1679546559093
1679546558895,1679546559203
1679546559042,1679546559228
1679546558802,1679546559242
1679546559000,1679546559293
1679546559201,1679546559357
1679546559229,1679546559438
1679546559293,1679546559489
1679546559327,1679546559494
1679546559320,1679546559636
1679546559719,1679546559849
1679546559530,1679546559850
1679546559693,1679546559856
1679546559696,1679546559902
1679546559605,1679546559908
1679546559520,1679546559933
1679546559777,1679546559950
1679546559749,1679546559997
1679546559850,1679546560034
1679546559896,1679546560063
1679546559864,1679546560097
1679546559933,1679546560136
1679546559951,1679546560195
1679546560025,1679546560298
1679546560277,1679546560413
1679546560152,1679546560431
1679546560193,1679546560432
1679546560163,1679546560440
1679546560121,1679546560475
1679546560275,1679546560543
1679546560336,1679546560663
1679546560432,1679546560708
1679546560673,1679546560871
1679546560682,1679546560885
1679546560532,1679546560923
1679546560885,1679546561048
1679546560912,1679546561079
1679546560877,1679546561187
1679546561061,1679546561250
1679546561061,1679546561410
1679546561159,1679546561420
1679546561236,1679546561450
1679546561328,1679546561545
1679546561358,1679546561646
1679546561352,1679546561701
1679546561495,1679546561720
1679546561515,1679546561747
1679546561409,1679546561754
1679546561472,1679546561770
1679546561529,1679546561773
1679546561427,1679546561774
1679546561549,1679546561785
1679546561636,1679546561920
1679546561495,1679546561921
1679546561717,1679546562048
1679546561949,1679546562052
1679546561879,1679546562059
1679546561740,1679546562180
1679546562000,1679546562243
1679546562137,1679546562399
1679546562263,1679546562440
1679546562167,1679546562454
1679546562215,1679546562456
1679546562317,1679546562460
1679546562392,1679546562622
1679546562537,1679546562712
1679546562521,1679546562736
1679546562570,1679546562756
1679546562563,1679546562815
1679546562686,1679546562927
1679546562465,1679546563030
1679546562723,1679546563085
1679546562933,1679546563176
1679546563049,1679546563225
1679546562941,1679546563232
1679546562952,1679546563279
1679546563079,1679546563294
1679546563027,1679546563350
1679546563212,1679546563361
1679546563177,1679546563415
1679546563209,1679546563452
1679546563277,1679546563467
1679546563408,1679546563620
1679546563349,1679546563627
1679546563548,1679546563686
1679546563465,1679546563774
1679546563596,1679546563780
1679546563583,1679546563811
1679546563491,1679546563824
1679546563691,1679546563854
1679546563697,1679546563860
1679546563741,1679546563903
1679546563590,1679546563908
1679546563675,1679546563925
1679546563841,1679546564088
1679546564040,1679546564216
1679546563936,1679546564217
1679546564074,1679546564232
1679546564168,1679546564288
1679546564233,1679546564383
1679546564458,1679546564573
1679546564253,1679546564575
1679546564399,1679546564668
1679546564477,1679546564693
1679546564176,1679546564741
1679546564582,1679546564786
1679546564641,1679546564826
1679546564561,1679546564978
1679546564719,1679546564995
1679546564717,1679546565046
1679546564955,1679546565077
1679546564929,1679546565104
1679546564872,1679546565142
1679546564918,1679546565146
1679546564817,1679546565192
1679546564936,1679546565217
1679546565230,1679546565307
1679546565049,1679546565374
1679546565211,1679546565421
1679546565236,1679546565464
1679546565245,1679546565502
1679546565313,1679546565551
1679546565341,1679546565566
1679546565313,1679546565593
1679546565297,1679546565680
1679546565529,1679546565717
1679546565666,1679546565846
1679546565653,1679546565893
1679546565685,1679546566110
1679546565828,1679546566116
1679546565861,1679546566116
1679546565779,1679546566189
1679546566014,1679546566194
1679546565948,1679546566194
1679546565947,1679546566270
1679546566020,1679546566293
1679546566117,1679546566343
1679546566164,1679546566363
1679546566232,1679546566370
1679546566145,1679546566418
1679546566041,1679546566507
1679546566208,1679546566532
1679546566378,1679546566604
1679546566449,1679546566633
1679546566501,1679546566818
1679546566598,1679546566831
1679546566690,1679546566904
1679546566627,1679546566923
1679546566845,1679546567033
1679546566695,1679546567049
1679546566831,1679546567066
1679546566901,1679546567100
1679546566862,1679546567129
1679546566939,1679546567150
1679546566874,1679546567263
1679546567039,1679546567299
1679546567034,1679546567316
1679546567231,1679546567397
1679546567173,1679546567424
1679546567154,1679546567434
1679546567305,1679546567540
1679546567243,1679546567578
1679546567348,1679546567612
1679546567393,1679546567619
1679546567498,1679546567698
1679546567581,1679546567739
1679546567590,1679546567827
1679546567653,1679546567880
1679546567773,1679546568011
1679546567796,1679546568096
1679546567959,1679546568146
1679546567946,1679546568209
1679546568121,1679546568285
1679546568210,1679546568345
1679546568170,1679546568345
1679546568244,1679546568416
1679546568236,1679546568447
1679546568041,1679546568554
1679546568364,1679546568616
1679546568344,1679546568623
1679546568235,1679546568643
1679546568444,1679546568732
1679546568567,1679546568739
1679546568533,1679546568741
1679546568530,1679546568874
1679546568619,1679546568879
1679546568719,1679546568896
1679546568721,1679546568986
1679546568781,1679546569044
1679546568766,1679546569059
1679546568730,1679546569107
1679546568989,1679546569128
1679546568932,1679546569131
1679546569130,1679546569293
1679546569058,1679546569308
1679546569062,1679546569323
1679546569017,1679546569380
1679546569169,1679546569411
1679546569220,1679546569504
1679546569309,1679546569589
1679546569365,1679546569593
1679546569529,1679546569666
1679546569749,1679546569976
1679546569683,1679546570006
1679546569813,1679546570036
1679546569934,1679546570083
1679546569815,1679546570173
1679546570110,1679546570222
1679546569840,1679546570254
1679546569944,1679546570283
1679546570076,1679546570305
1679546570161,1679546570389
1679546570164,1679546570448
1679546570226,1679546570473
1679546570342,1679546570488
1679546570170,1679546570496
1679546570381,1679546570521
1679546570465,1679546570666
1679546570573,1679546570693
1679546570573,1679546570764
1679546570494,1679546570778
1679546570697,1679546570910
1679546570521,1679546570927
1679546570819,1679546571044
1679546570814,1679546571048
1679546570709,1679546571076
1679546570894,1679546571111
1679546570736,1679546571136
1679546570948,1679546571168
1679546570992,1679546571189
1679546571062,1679546571244
1679546570882,1679546571248
1679546571020,1679546571252
1679546571000,1679546571294
1679546571184,1679546571339
1679546571133,1679546571356
1679546571112,1679546571416
1679546571343,1679546571574
1679546571509,1679546571694
1679546571443,1679546571718
1679546571699,1679546571856
1679546571749,1679546571875
1679546571513,1679546571886
1679546572034,1679546572145
1679546571937,1679546572157
1679546571949,1679546572161
1679546571875,1679546572184
1679546572125,1679546572322
1679546571983,1679546572327
1679546572152,1679546572406
1679546572297,1679546572475
1679546572201,1679546572496
1679546572227,1679546572569
1679546572113,1679546572592
1679546572445,1679546572614
1679546572370,1679546572641
1679546572429,1679546572696
1679546572442,1679546572736
1679546572497,1679546572759
1679546572502,1679546572775
1679546572590,1679546572907
1679546572869,1679546572967
1679546572609,1679546572977
1679546572870,1679546572997
1679546572757,1679546573036
1679546572875,1679546573049
1679546572690,1679546573127
1679546572948,1679546573154
1679546572948,1679546573212
1679546573058,1679546573256
1679546573004,1679546573300
1679546573157,1679546573324
1679546573056,1679546573459
1679546573216,1679546573488
1679546573204,1679546573563
1679546573420,1679546573614
1679546573407,1679546573624
1679546573360,1679546573684
1679546573570,1679546573753
1679546573475,1679546573826
1679546573928,1679546574064
1679546573867,1679546574122
1679546573897,1679546574127
1679546573876,1679546574153
1679546573973,1679546574194
1679546574042,1679546574218
1679546573971,1679546574287
1679546574148,1679546574353
1679546574009,1679546574361
1679546574127,1679546574416
1679546574226,1679546574420
1679546574180,1679546574462
1679546574253,1679546574471
1679546574015,1679546574472
1679546574313,1679546574548
1679546574298,1679546574580
1679546574373,1679546574614
1679546574222,1679546574646
1679546574487,1679546574736
1679546574549,1679546574772
1679546574512,1679546574880
1679546574704,1679546574910
1679546574801,1679546574922
1679546574853,1679546575041
1679546574899,1679546575068
1679546574884,1679546575074
1679546574847,1679546575120
1679546574946,1679546575152
1679546575209,1679546575349
1679546575090,1679546575366
1679546575205,1679546575460
1679546575231,1679546575566
1679546575337,1679546575620
1679546575415,1679546575658
1679546575582,1679546575736
1679546575693,1679546575814
1679546575785,1679546575927
1679546575566,1679546575964
1679546575849,1679546575969
1679546575824,1679546576011
1679546575714,1679546576021
1679546575661,1679546576023
1679546575822,1679546576054
1679546575774,1679546576082
1679546575937,1679546576121
1679546575874,1679546576134
1679546576017,1679546576167
1679546575995,1679546576235
1679546576041,1679546576286
1679546576112,1679546576384
1679546576170,1679546576392
1679546576150,1679546576458
1679546576179,1679546576494
1679546576195,1679546576509
1679546576463,1679546576668
1679546576380,1679546576718
1679546576411,1679546576850
1679546576769,1679546576902
1679546576554,1679546576920
1679546576883,1679546577042
1679546576757,1679546577075
1679546576870,1679546577098
1679546576913,1679546577192
1679546577026,1679546577221
1679546577034,1679546577275
1679546576989,1679546577367
1679546577116,1679546577374
1679546577002,1679546577416
1679546577052,1679546577422
1679546577162,1679546577424
1679546577188,1679546577440
1679546577197,1679546577513
1679546577231,1679546577515
1679546577273,1679546577547
1679546577429,1679546577549
1679546577423,1679546577712
1679546577623,1679546577814
1679546577512,1679546577832
1679546577511,1679546577863
1679546577709,1679546577986
1679546577832,1679546578005
1679546577683,1679546578026
1679546577981,1679546578164
1679546577875,1679546578175
1679546577856,1679546578175
1679546577913,1679546578197
1679546577988,1679546578288
1679546578005,1679546578339
1679546578285,1679546578488
1679546578363,1679546578505
1679546578397,1679546578671
1679546578435,1679546578674
1679546578527,1679546578700
1679546578449,1679546578706
1679546578562,1679546578752
1679546578517,1679546578774
1679546578589,1679546578774
1679546578702,1679546578806
1679546578683,1679546578855
1679546578641,1679546578890
1679546578607,1679546578897
1679546578567,1679546578916
1679546578856,1679546579055
1679546578864,1679546579127
1679546578902,1679546579177
1679546578905,1679546579210
1679546579161,1679546579270
1679546579053,1679546579345
1679546579201,1679546579359
1679546579087,1679546579397
1679546579374,1679546579564
1679546579448,1679546579599
1679546579311,1679546579604
1679546579533,1679546579713
1679546579703,1679546579986
1679546579668,1679546579987
1679546579841,1679546580027
1679546579896,1679546580091
1679546579856,1679546580101
1679546579939,1679546580126
1679546579680,1679546580134
1679546579941,1679546580233
1679546579979,1679546580271
1679546579991,1679546580365
1679546580114,1679546580406
1679546580168,1679546580418
1679546580234,1679546580496
1679546580224,1679546580500
1679546580398,1679546580518
1679546580304,1679546580555
1679546580376,1679546580568
1679546580303,1679546580619
1679546580417,1679546580627
1679546580457,1679546580704
1679546580529,1679546580707
1679546580613,1679546580833
1679546580596,1679546580862
1679546580655,1679546580957
1679546580589,1679546580988
1679546580765,1679546581060
1679546581045,1679546581254
1679546580938,1679546581292
1679546581080,1679546581325
1679546581046,1679546581359
1679546580939,1679546581469
1679546581193,1679546581469
1679546581257,1679546581537
1679546581373,1679546581548
1679546581373,1679546581550
1679546581381,1679546581561
1679546581435,1679546581671
1679546581481,1679546581691
1679546581671,1679546581834
1679546581587,1679546581850
1679546581521,1679546581906
1679546581632,1679546581928
1679546581783,1679546582031
1679546581900,1679546582054
1679546581756,1679546582064
1679546581851,1679546582140
1679546581893,1679546582165
1679546581954,1679546582250
1679546582041,1679546582288
1679546581975,1679546582302
1679546582092,1679546582310
1679546582105,1679546582377
1679546582169,1679546582485
1679546582085,1679546582540
1679546582349,1679546582540
1679546582399,1679546582548
1679546582406,1679546582634
1679546582625,1679546582833
1679546582533,1679546582845
1679546582655,1679546582854
1679546582614,1679546582903
1679546582701,1679546582945
1679546582855,1679546582969
1679546582724,1679546583011
1679546582800,1679546583053
1679546582737,1679546583113
1679546582931,1679546583180
1679546583176,1679546583310
1679546583090,1679546583325
1679546583153,1679546583357
1679546583356,1679546583487
1679546583221,1679546583487
1679546583354,1679546583547
1679546583288,1679546583617
1679546583293,1679546583645
1679546583398,1679546583735
1679546583248,1679546583763
1679546583425,1679546583773
1679546583691,1679546583876
1679546583608,1679546583878
1679546583845,1679546584003
1679546583963,1679546584114
1679546583831,1679546584122
1679546584017,1679546584174
1679546583967,1679546584202
1679546584103,1679546584220
1679546584193,1679546584358
1679546584189,1679546584372
1679546584101,1679546584400
1679546584311,1679546584471
1679546584357,1679546584497
1679546584354,1679546584569
1679546584445,1679546584711
1679546584480,1679546584743
1679546584615,1679546584794
1679546584512,1679546584803
1679546584703,1679546584874
1679546584759,1679546584925
1679546584728,1679546584944
1679546584676,1679546585007
1679546584728,1679546585049
1679546584681,1679546585062
1679546584871,1679546585075
1679546585090,1679546585299
1679546585069,1679546585315
1679546585193,1679546585336
1679546585334,1679546585513
1679546585321,1679546585518
1679546585377,1679546585544
1679546585421,1679546585548
1679546585469,1679546585652
1679546585396,1679546585678
1679546585315,1679546585681
1679546585494,1679546585785
1679546585618,1679546585798
1679546585543,1679546585903
1679546585689,1679546585932
1679546585808,1679546585942
1679546585700,1679546586003
1679546585680,1679546586066
1679546585822,1679546586130
1679546585834,1679546586134
1679546585942,1679546586135
1679546585923,1679546586164
1679546585906,1679546586196
1679546586021,1679546586259
1679546586081,1679546586393
1679546586061,1679546586453
1679546586276,1679546586548
1679546586369,1679546586653
1679546586485,1679546586696
1679546586474,1679546586724
1679546586612,1679546586810
1679546586709,1679546586879
1679546586764,1679546586939
1679546586690,1679546586940
1679546586522,1679546586953
1679546586802,1679546586972
1679546586792,1679546586986
1679546586900,1679546587102
1679546586779,1679546587119
1679546586829,1679546587155
1679546586976,1679546587226
1679546587093,1679546587265
1679546587014,1679546587300
1679546587072,1679546587438
1679546587262,1679546587485
1679546587208,1679546587565
1679546587396,1679546587609
1679546587415,1679546587683
1679546587545,1679546587684
1679546587429,1679546587766
1679546587424,1679546587773
1679546587454,1679546587853
1679546587488,1679546587865
1679546587568,1679546587979
1679546587698,1679546587982
1679546587805,1679546588002
1679546587808,1679546588084
1679546588092,1679546588205
1679546587952,1679546588244
1679546588001,1679546588258
1679546588040,1679546588278
1679546588092,1679546588285
1679546588171,1679546588350
1679546588156,1679546588358
1679546587788,1679546588398
1679546588243,1679546588532
1679546588323,1679546588552
1679546588444,1679546588572
1679546588411,1679546588621
1679546588508,1679546588640
1679546588424,1679546588704
1679546588365,1679546588807
1679546588615,1679546588866
1679546588813,1679546589094
1679546588861,1679546589109
1679546588900,1679546589172
1679546589079,1679546589256
1679546589067,1679546589287
1679546589070,1679546589340
1679546589150,1679546589343
1679546589208,1679546589403
1679546589133,1679546589409
1679546589189,1679546589486
1679546589321,1679546589518
1679546589346,1679546589598
1679546589451,1679546589621
1679546589657,1679546589780
1679546589473,1679546589780
1679546589465,1679546589824
1679546589665,1679546589852
1679546589684,1679546589898
1679546589599,1679546589927
1679546589689,1679546589947
1679546589752,1679546589968
1679546589845,1679546590049
1679546589778,1679546590111
1679546589722,1679546590146
1679546589991,1679546590163
1679546590052,1679546590283
1679546590275,1679546590446
1679546590283,1679546590449
1679546590348,1679546590484
1679546589901,1679546590490
1679546590316,1679546590504
1679546590449,1679546590623
1679546590342,1679546590682
1679546590540,1679546590813
1679546590602,1679546590821
1679546590518,1679546590827
1679546590663,1679546590875
1679546590555,1679546590889
1679546590683,1679546590997
1679546590822,1679546591026
1679546590595,1679546591129
1679546591048,1679546591207
1679546590989,1679546591282
1679546591255,1679546591393
1679546591108,1679546591396
1679546591124,1679546591398
1679546591212,1679546591451
1679546591261,1679546591494
1679546591404,1679546591624
1679546590945,1679546591658
1679546591363,1679546591689
1679546591413,1679546591731
1679546591530,1679546591740
1679546591482,1679546591808
1679546591652,1679546591823
1679546591624,1679546591836
1679546591399,1679546591872
1679546591643,1679546591888
1679546591387,1679546591922
1679546591768,1679546591970
1679546591856,1679546592133
1679546591954,1679546592203
1679546591807,1679546592217
1679546591960,1679546592247
1679546592083,1679546592367
1679546592321,1679546592478
1679546592280,1679546592489
1679546592310,1679546592494
1679546592020,1679546592572
1679546592441,1679546592696
1679546592341,1679546592704
1679546592562,1679546592718
1679546592539,1679546592750
1679546592509,1679546592762
1679546592417,1679546592818
1679546592564,1679546592836
1679546592733,1679546593020
1679546592917,1679546593139
1679546592917,1679546593139
1679546592968,1679546593251
1679546593083,1679546593312
1679546592967,1679546593332
1679546593037,1679546593346
1679546593256,1679546593393
1679546593296,1679546593434
1679546593261,1679546593438
1679546593177,1679546593564
1679546593395,1679546593570
1679546593390,1679546593635
1679546593466,1679546593692
1679546593397,1679546593745
1679546593424,1679546593755
1679546593601,1679546593806
1679546593663,1679546593839
1679546593729,1679546593931
1679546593654,1679546593983
1679546593753,1679546594008
1679546593657,1679546594062
1679546593859,1679546594150
1679546593849,1679546594157
1679546593755,1679546594206
1679546594137,1679546594336
1679546594248,1679546594357
1679546594241,1679546594504
1679546594133,1679546594579
1679546594369,1679546594626
1679546594491,1679546594657
1679546594359,1679546594677
1679546594497,1679546594709
1679546594252,1679546594725
1679546594491,1679546594732
1679546594595,1679546594762
1679546594591,1679546594779
1679546594665,1679546594877
1679546594694,1679546594927
1679546594781,1679546595035
1679546594729,1679546595068
1679546594819,1679546595072
1679546594908,1679546595101
1679546594847,1679546595106
1679546595012,1679546595147
1679546595007,1679546595328
1679546595077,1679546595363
1679546595169,1679546595496
1679546595321,1679546595508
1679546595113,1679546595533
1679546595291,1679546595533
1679546595313,1679546595544
1679546595239,1679546595579
1679546595603,1679546595863
1679546595688,1679546595878
1679546595526,1679546595907
1679546595681,1679546595966
1679546595932,1679546596089
1679546595955,1679546596107
1679546595751,1679546596121
1679546595810,1679546596121
1679546595958,1679546596151
1679546595851,1679546596177
1679546596089,1679546596225
1679546596061,1679546596295
1679546596137,1679546596332
1679546595991,1679546596374
1679546596210,1679546596468
1679546596208,1679546596547
1679546596395,1679546596568
1679546596335,1679546596581
1679546596407,1679546596599
1679546596453,1679546596677
1679546596368,1679546596679
1679546596571,1679546596755
1679546596561,1679546596823
1679546596623,1679546596931
1679546596695,1679546596935
1679546596789,1679546597081
1679546596955,1679546597082
1679546597018,1679546597193
1679546597013,1679546597225
1679546596743,1679546597248
1679546597037,1679546597294
1679546597106,1679546597314
1679546597080,1679546597326
1679546597293,1679546597475
1679546597335,1679546597492
1679546597238,1679546597521
1679546597313,1679546597618
1679546597644,1679546597785
1679546597617,1679546597793
1679546597412,1679546597794
1679546597588,1679546597804
1679546597523,1679546597833
1679546597609,1679546597866
1679546597637,1679546597867
1679546597621,1679546597904
1679546597705,1679546597951
1679546597722,1679546597972
1679546597893,1679546597997
1679546597853,1679546598072
1679546597852,1679546598184
1679546597925,1679546598311
1679546598207,1679546598353
1679546598215,1679546598385
1679546598193,1679546598538
1679546598350,1679546598572
1679546598352,1679546598574
1679546598509,1679546598665
1679546598570,1679546598741
1679546598311,1679546598759
1679546598651,1679546598814
1679546598597,1679546598878
1679546598693,1679546598913
1679546598759,1679546598957
1679546598763,1679546599003
1679546598520,1679546599021
1679546598666,1679546599084
1679546598952,1679546599211
1679546598894,1679546599226
1679546599035,1679546599287
1679546599053,1679546599298
1679546598926,1679546599319
1679546599205,1679546599363
1679546599224,1679546599509
1679546599295,1679546599557
1679546599276,1679546599594
1679546599424,1679546599616
1679546599493,1679546599621
1679546599376,1679546599641
1679546599144,1679546599658
1679546599493,1679546599694
1679546599530,1679546599696
1679546599474,1679546599744
1679546599664,1679546599925
1679546599821,1679546599972
1679546599833,1679546599973
1679546599909,1679546600102
1679546599937,1679546600144
1679546599886,1679546600154
1679546599947,1679546600200
1679546599764,1679546600249
1679546600279,1679546600444
1679546600348,1679546600532
1679546600327,1679546600563
1679546600342,1679546600659
1679546600358,1679546600700
1679546600272,1679546600708
1679546600573,1679546600786
1679546600625,1679546600862
1679546600684,1679546600976
1679546600696,1679546600977
1679546600932,1679546601104
1679546600892,1679546601112
1679546600913,1679546601118
1679546600858,1679546601147
1679546600851,1679546601175
1679546600966,1679546601187
1679546600844,1679546601236
1679546601002,1679546601259
1679546600900,1679546601277
1679546601011,1679546601317
1679546601201,1679546601400
1679546601225,1679546601432
1679546601235,1679546601469
1679546601341,1679546601563
1679546601402,1679546601678
1679546601571,1679546601756
1679546601606,1679546601775
1679546601464,1679546601781
1679546601533,1679546601859
1679546601649,1679546601883
1679546601620,1679546601922
1679546601764,1679546602024
1679546601906,1679546602103
1679546601969,1679546602165
1679546601842,1679546602169
1679546601965,1679546602201
1679546602141,1679546602381
1679546602169,1679546602382
1679546602117,1679546602393
1679546602194,1679546602424
1679546602278,1679546602521
1679546602187,1679546602572
1679546602382,1679546602616
1679546602406,1679546602645
1679546602484,1679546602737
1679546602455,1679546602783
1679546602528,1679546602796
1679546602361,1679546602819
1679546602583,1679546602837
1679546602701,1679546602888
1679546602564,1679546602896
1679546602510,1679546602901
1679546602748,1679546603011
1679546602766,1679546603131
1679546602945,1679546603198
1679546602952,1679546603235
1679546602992,1679546603245
1679546603053,1679546603381
1679546603114,1679546603444
1679546603164,1679546603483
1679546603271,1679546603494
1679546603335,1679546603501
1679546603285,1679546603567
1679546603505,1679546603636
1679546603437,1679546603664
1679546603489,1679546603801
1679546603599,1679546603849
1679546603734,1679546603859
1679546603618,1679546603864
1679546603617,1679546603923
1679546603687,1679546603948
1679546603890,1679546604087
1679546603959,1679546604096
1679546603977,1679546604136
1679546603951,1679546604150
1679546603900,1679546604169
1679546603970,1679546604197
1679546603889,1679546604245
1679546604169,1679546604363
1679546604244,1679546604419
1679546604109,1679546604448
1679546604365,1679546604519
1679546604408,1679546604569
1679546604305,1679546604593
1679546604433,1679546604610
1679546604517,1679546604656
1679546604514,1679546604722
1679546604539,1679546604759
1679546604497,1679546604846
1679546604573,1679546604872
1679546604784,1679546604949
1679546604803,1679546605022
1679546604965,1679546605111
1679546604942,1679546605118
1679546604944,1679546605119
1679546604941,1679546605151
1679546604880,1679546605152
1679546604999,1679546605241
1679546604983,1679546605258
1679546605181,1679546605397
1679546605092,1679546605472
1679546605392,1679546605509
1679546605456,1679546605615
1679546605252,1679546605628
1679546605340,1679546605668
1679546605536,1679546605681
1679546605573,1679546605776
1679546605582,1679546605835
1679546605475,1679546605863
1679546605764,1679546605904
1679546605731,1679546605968
1679546605633,1679546606010
1679546605729,1679546606012
1679546605868,1679546606060
1679546605937,1679546606161
1679546605959,1679546606299
1679546606030,1679546606311
1679546606015,1679546606335
1679546606162,1679546606372
1679546606052,1679546606385
1679546606159,1679546606424
1679546606228,1679546606458
1679546606243,1679546606503
1679546606363,1679546606580
1679546606584,1679546606810
1679546606692,1679546606850
1679546606712,1679546607004
1679546606839,1679546607032
1679546606745,1679546607039
1679546606791,1679546607064
1679546606863,1679546607110
1679546606941,1679546607126
1679546607003,1679546607130
1679546606763,1679546607166
1679546606976,1679546607198
1679546607096,1679546607263
1679546607024,1679546607292
1679546607097,1679546607310
1679546607112,1679546607367
1679546607101,1679546607430
1679546607223,1679546607438
1679546607265,1679546607497
1679546607278,1679546607544
1679546607140,1679546607560
1679546607390,1679546607572
1679546607341,1679546607596
1679546607509,1679546607710
1679546607283,1679546607737
1679546607405,1679546607781
1679546607561,1679546607798
1679546607819,1679546607980
1679546607844,1679546607985
1679546607673,1679546608002
1679546607897,1679546608027
1679546607879,1679546608029
1679546607825,1679546608058
1679546607919,1679546608073
1679546607988,1679546608145
1679546608167,1679546608305
1679546608157,1679546608412
1679546608232,1679546608414
1679546608313,1679546608529
1679546608248,1679546608533
1679546608324,1679546608582
1679546608500,1679546608658
1679546608411,1679546608676
1679546608442,1679546608756
1679546608552,1679546608796
1679546608676,1679546608803
1679546608611,1679546608823
1679546608592,1679546608825
1679546608761,1679546608983
1679546608859,1679546608986
1679546608797,1679546609001
1679546608860,1679546609064
1679546608913,1679546609070
1679546608865,1679546609073
1679546608900,1679546609132
1679546609073,1679546609216
1679546609049,1679546609229
1679546608980,1679546609244
1679546609028,1679546609275
1679546609156,1679546609349
1679546609168,1679546609359
1679546609177,1679546609378
1679546609283,1679546609459
1679546609282,1679546609520
1679546609309,1679546609520
1679546609588,1679546609797
1679546609697,1679546609855
1679546609681,1679546609857
1679546609638,1679546609862
1679546609800,1679546609970
1679546609807,1679546609974
1679546609889,1679546610043
1679546609959,1679546610090
1679546609863,1679546610103
1679546610051,1679546610200
1679546610052,1679546610233
1679546609963,1679546610282
1679546609886,1679546610332
1679546610045,1679546610344
1679546610101,1679546610385
1679546610156,1679546610394
1679546610145,1679546610455
1679546610255,1679546610514
1679546610337,1679546610526
1679546610329,1679546610556
1679546610313,1679546610616
1679546610642,1679546610882
1679546610679,1679546610899
1679546610640,1679546610965
1679546610816,1679546611017
1679546610759,1679546611029
1679546610815,1679546611036
1679546610617,1679546611059
1679546610851,1679546611140
1679546610877,1679546611144
1679546610929,1679546611178
1679546611127,1679546611242
1679546611101,1679546611325
1679546611251,1679546611501
1679546611220,1679546611501
1679546611348,1679546611533
1679546611356,1679546611534
1679546611260,1679546611534
1679546611390,1679546611592
1679546611508,1679546611759
1679546611652,1679546611822
1679546611696,1679546611972
1679546611621,1679546611982
1679546611771,1679546611998
1679546611709,1679546612002
1679546611768,1679546612035
1679546611802,1679546612043
1679546611917,1679546612112
1679546611840,1679546612192
1679546612011,1679546612204
1679546612152,1679546612370
1679546612273,1679546612374
1679546612225,1679546612425
1679546612184,1679546612425
1679546612175,1679546612505
1679546612295,1679546612567
1679546612526,1679546612651
1679546612495,1679546612698
1679546612371,1679546612758
1679546612626,1679546612815
1679546612590,1679546612852
1679546612696,1679546612895
1679546612705,1679546612991
1679546612716,1679546613020
1679546612736,1679546613043
1679546612922,1679546613267
1679546613132,1679546613366
1679546613161,1679546613408
1679546613309,1679546613426
1679546613187,1679546613447
1679546613231,1679546613545
1679546613303,1679546613609
1679546613042,1679546613626
1679546613139,1679546613638
1679546613015,1679546613644
1679546613529,1679546613697
1679546613520,1679546613704
1679546613600,1679546613729
1679546613458,1679546613741
1679546613619,1679546613762
1679546613476,1679546613775
1679546613615,1679546613783
1679546613661,1679546613897
1679546613833,1679546614005
1679546613706,1679546614013
1679546613792,1679546614020
1679546613877,1679546614155
1679546614130,1679546614258
1679546614076,1679546614272
1679546614163,1679546614362
1679546614165,1679546614412
1679546614427,1679546614645
1679546614541,1679546614764
1679546614435,1679546614802
1679546614602,1679546614841
1679546614633,1679546614847
1679546614697,1679546614852
1679546614666,1679546614870
1679546614677,1679546614928
1679546614816,1679546614950
1679546614777,1679546614963
1679546614810,1679546615059
1679546614632,1679546615062
1679546614936,1679546615129
1679546614789,1679546615131
1679546615067,1679546615238
1679546615012,1679546615250
1679546615105,1679546615277
1679546615053,1679546615296
1679546615085,1679546615297
1679546615020,1679546615338
1679546615128,1679546615375
1679546615276,1679546615420
1679546615307,1679546615570
1679546615356,1679546615633
1679546615531,1679546615759
1679546615630,1679546615834
1679546615532,1679546615837
1679546615567,1679546615928
1679546615781,1679546615971
1679546615756,1679546615974
1679546615713,1679546615999
1679546615858,1679546616015
1679546616034,1679546616233
1679546616121,1679546616275
1679546615949,1679546616322
1679546616067,1679546616344
1679546616171,1679546616388
1679546616159,1679546616409
1679546616012,1679546616436
1679546616342,1679546616514
1679546616296,1679546616652
1679546616315,1679546616684
1679546616469,1679546616797
1679546616623,1679546616804
1679546616357,1679546616869
1679546616697,1679546616882
1679546616684,1679546616885
1679546616634,1679546616898
1679546616465,1679546616898
1679546616561,1679546616956
1679546616713,1679546617025
1679546616665,1679546617058
1679546616826,1679546617097
1679546616918,1679546617099
1679546616799,1679546617099
1679546617060,1679546617198
1679546616910,1679546617223
1679546616949,1679546617228
1679546617099,1679546617321
1679546617171,1679546617393
1679546617196,1679546617443
1679546617379,1679546617565
1679546617507,1679546617692
1679546617568,1679546617756
1679546617648,1679546617817
1679546617731,1679546617910
1679546617858,1679546617995
1679546617668,1679546617998
1679546617808,1679546618000
1679546617865,1679546618022
1679546617897,1679546618026
1679546617813,1679546618070
1679546617849,1679546618109
1679546617857,1679546618205
1679546617965,1679546618226
1679546617985,1679546618240
1679546617933,1679546618275
1679546618041,1679546618311
1679546618080,1679546618346
1679546618112,1679546618355
1679546618045,1679546618434
1679546618148,1679546618495
1679546618311,1679546618527
1679546618367,1679546618621
1679546618188,1679546618623
1679546618602,1679546618825
1679546618724,1679546618874
1679546618673,1679546618899
1679546618770,1679546618935
1679546618820,1679546618992
1679546618628,1679546619003
1679546618966,1679546619175
1679546619053,1679546619207
1679546619054,1679546619268
1679546619007,1679546619315
1679546619072,1679546619329
1679546619164,1679546619386
1679546619190,1679546619417
1679546619246,1679546619438
1679546619351,1679546619566
1679546619344,1679546619568
1679546619409,1679546619626
1679546619359,1679546619639
1679546619429,1679546619665
1679546619383,1679546619692
1679546619465,1679546619708
1679546619529,1679546619783
1679546619638,1679546619847
1679546619691,1679546619855
1679546619751,1679546619972
1679546619767,1679546620028
1679546619743,1679546620059
1679546619881,1679546620103
1679546619885,1679546620201
1679546619899,1679546620240
1679546620029,1679546620304
1679546620048,1679546620313
1679546619948,1679546620332
1679546620215,1679546620413
1679546620293,1679546620477
1679546620331,1679546620573
1679546620458,1679546620586
1679546620391,1679546620694
1679546620460,1679546620780
1679546620516,1679546620865
1679546620717,1679546620892
1679546620720,1679546620918
1679546620801,1679546620947
1679546620669,1679546620953
1679546620829,1679546621046
1679546620541,1679546621058
1679546620917,1679546621065
1679546621031,1679546621207
1679546621064,1679546621343
1679546621089,1679546621368
1679546621024,1679546621379
1679546621157,1679546621442
1679546621054,1679546621444
1679546621318,1679546621503
1679546621429,1679546621576
1679546621513,1679546621653
1679546621616,1679546621755
1679546621577,1679546621776
1679546621592,1679546621803
1679546621483,1679546621861
1679546621565,1679546621901
1679546621820,1679546622028
1679546621944,1679546622190
1679546621799,1679546622199
1679546622143,1679546622259
1679546621984,1679546622307
1679546621892,1679546622339
1679546622122,1679546622376
1679546622252,1679546622405
1679546622191,1679546622416
1679546622187,1679546622417
1679546622114,1679546622428
1679546622192,1679546622543
1679546622312,1679546622602
1679546622399,1679546622633
1679546622478,1679546622679
1679546622470,1679546622697
1679546622542,1679546622844
1679546622605,1679546622875
1679546622671,1679546622926
1679546622768,1679546622978
1679546622805,1679546623019
1679546622724,1679546623028
1679546622733,1679546623057
1679546622846,1679546623072
1679546622943,1679546623205
1679546622943,1679546623244
1679546623241,1679546623384
1679546623161,1679546623388
1679546623235,1679546623437
1679546623211,1679546623445
1679546623382,1679546623607
1679546623415,1679546623628
1679546623357,1679546623636
1679546623442,1679546623649
1679546623428,1679546623693
1679546623524,1679546623749
1679546623621,1679546623772
1679546623625,1679546623851
1679546623572,1679546623865
1679546623798,1679546623951
1679546623705,1679546624031
1679546623905,1679546624074
1679546623869,1679546624109
1679546623876,1679546624121
1679546623951,1679546624138
1679546623919,1679546624142
1679546623788,1679546624177
1679546623901,1679546624302
1679546624155,1679546624321
1679546624157,1679546624361
1679546624058,1679546624447
1679546624321,1679546624531
1679546624428,1679546624692
1679546624680,1679546624806
1679546624656,1679546624812
1679546624501,1679546624896
1679546624760,1679546624932
1679546624744,1679546624987
1679546624656,1679546625014
1679546624690,1679546625017
1679546624759,1679546625020
1679546624797,1679546625035
1679546624931,1679546625187
1679546624984,1679546625255
1679546624985,1679546625263
1679546625196,1679546625421
1679546625259,1679546625500
1679546625439,1679546625545
1679546625345,1679546625567
1679546625393,1679546625590
1679546625416,1679546625645
1679546625469,1679546625705
1679546625607,1679546625817
1679546625611,1679546625872
1679546625723,1679546625950
1679546625685,1679546625988
1679546625820,1679546626062
1679546625606,1679546626063
1679546625848,1679546626082
1679546625804,1679546626100
1679546625982,1679546626193
1679546625997,1679546626229
1679546625923,1679546626252
1679546626326,1679546626434
1679546626243,1679546626445
1679546626313,1679546626451
1679546626261,1679546626452
1679546626295,1679546626524
1679546626397,1679546626611
1679546626422,1679546626611
1679546626325,1679546626625
1679546626347,1679546626656
1679546626578,1679546626795
1679546626626,1679546626805
1679546626528,1679546626824
1679546626617,1679546626912
1679546626556,1679546626961
1679546626694,1679546627011
1679546626725,1679546627076
1679546626854,1679546627163
1679546627004,1679546627257
1679546627091,1679546627272
1679546627261,1679546627370
1679546627277,1679546627425
1679546627144,1679546627444
1679546627396,1679546627612
1679546627442,1679546627625
1679546627500,1679546627648
1679546627427,1679546627690
1679546627307,1679546627709
1679546627546,1679546627738
1679546627624,1679546627806
1679546627749,1679546627929
1679546627820,1679546628031
1679546627885,1679546628100
1679546627749,1679546628123
1679546628045,1679546628189
1679546628068,1679546628192
1679546627951,1679546628193
1679546627952,1679546628196
1679546628087,1679546628251
1679546628054,1679546628276
1679546628020,1679546628321
1679546628218,1679546628375
1679546628034,1679546628390
1679546628114,1679546628453
1679546628218,1679546628532
1679546628362,1679546628536
1679546628266,1679546628557
1679546628200,1679546628559
1679546628589,1679546628752
1679546628519,1679546628770
1679546628649,1679546628853
1679546628693,1679546628858
1679546628563,1679546628863
1679546628605,1679546628935
1679546628928,1679546629049
1679546628683,1679546629049
1679546628852,1679546629065
1679546628849,1679546629150
1679546629061,1679546629243
1679546628966,1679546629293
1679546629071,1679546629409
1679546629069,1679546629437
1679546629203,1679546629470
1679546629370,1679546629575
1679546629309,1679546629575
1679546629313,1679546629637
1679546629558,1679546629716
1679546629534,1679546629739
1679546629701,1679546629823
1679546629534,1679546629840
1679546629443,1679546629841
1679546629683,1679546630035
1679546629844,1679546630111
1679546629859,1679546630124
1679546629866,1679546630172
1679546629836,1679546630225
1679546629811,1679546630287
1679546630033,1679546630298
1679546630072,1679546630304
1679546630231,1679546630409
1679546630000,1679546630422
1679546629952,1679546630529
1679546630362,1679546630558
1679546630406,1679546630604
1679546630569,1679546630758
1679546630666,1679546630903
1679546630636,1679546630903
1679546630723,1679546630932
1679546630853,1679546630994
1679546630624,1679546631009
1679546630750,1679546631071
1679546630819,1679546631128
1679546630961,1679546631164
1679546630784,1679546631227
1679546631111,1679546631274
1679546631061,1679546631368
1679546631178,1679546631392
1679546631205,1679546631424
1679546631176,1679546631429
1679546631231,1679546631469
1679546631185,1679546631482
1679546631306,1679546631495
1679546631318,1679546631506
1679546631218,1679546631560
1679546631494,1679546631738
1679546631531,1679546631846
1679546631647,1679546631893
1679546631706,1679546631913
1679546631557,1679546631922
1679546631677,1679546631942
1679546631662,1679546631951
1679546631730,1679546631957
1679546631483,1679546631979
1679546631749,1679546632000
1679546631995,1679546632207
1679546632121,1679546632251
1679546631995,1679546632270
1679546631921,1679546632313
1679546632082,1679546632385
1679546632201,1679546632415
1679546632246,1679546632433
1679546632333,1679546632575
1679546632444,1679546632673
1679546632522,1679546632691
1679546632440,1679546632727
1679546632501,1679546632748
1679546632569,1679546632755
1679546632556,1679546632810
1679546632664,1679546632903
1679546632709,1679546632913
1679546632751,1679546632960
1679546632731,1679546632988
1679546632785,1679546633014
1679546632835,1679546633069
1679546632757,1679546633072
1679546632795,1679546633206
1679546632995,1679546633210
1679546633026,1679546633210
1679546633026,1679546633218
1679546632710,1679546633237
1679546633174,1679546633295
1679546633225,1679546633463
1679546633218,1679546633545
1679546633367,1679546633589
1679546633353,1679546633609
1679546633484,1679546633625
1679546633527,1679546633736
1679546633471,1679546633762
1679546633493,1679546633773
1679546633556,1679546633819
1679546633513,1679546633904
1679546633778,1679546633946
1679546633723,1679546633964
1679546633894,1679546634146
1679546633949,1679546634160
1679546633801,1679546634172
1679546633947,1679546634186
1679546634041,1679546634202
1679546633858,1679546634213
1679546633934,1679546634234
1679546633934,1679546634372
1679546634263,1679546634387
1679546634183,1679546634449
1679546634279,1679546634487
1679546634254,1679546634496
1679546634319,1679546634552
1679546634422,1679546634591
1679546634565,1679546634704
1679546634752,1679546634924
1679546634723,1679546634927
1679546634642,1679546634941
1679546634755,1679546634942
1679546634829,1679546635022
1679546634899,1679546635118
1679546634788,1679546635119
1679546634814,1679546635121
1679546635082,1679546635223
1679546635031,1679546635278
1679546635309,1679546635450
1679546635316,1679546635450
1679546635292,1679546635511
1679546635391,1679546635590
1679546635409,1679546635621
1679546635476,1679546635696
1679546635528,1679546635731
1679546635514,1679546635767
1679546635435,1679546635791
1679546635541,1679546635825
1679546635622,1679546635853
1679546635788,1679546635967
1679546635541,1679546636000
1679546635873,1679546636018
1679546635772,1679546636051
1679546635904,1679546636067
1679546635802,1679546636103
1679546635992,1679546636221
1679546636045,1679546636252
1679546636127,1679546636356
1679546636179,1679546636369
1679546636121,1679546636420
1679546636237,1679546636437
1679546636265,1679546636505
1679546636450,1679546636597
1679546636391,1679546636597
1679546636206,1679546636612
1679546636624,1679546636762
1679546636513,1679546636791
1679546636743,1679546636899
1679546636637,1679546636920
1679546636711,1679546637013
1679546636827,1679546637021
1679546636962,1679546637084
1679546636851,1679546637123
1679546636979,1679546637246
1679546637037,1679546637257
1679546636911,1679546637285
1679546637060,1679546637378
1679546637242,1679546637408
1679546637229,1679546637516
1679546637092,1679546637540
1679546637441,1679546637573
1679546637544,1679546637704
1679546637473,1679546637731
1679546637520,1679546637741
1679546637510,1679546637764
1679546637597,1679546637769
1679546637678,1679546637874
1679546637725,1679546637960
1679546637703,1679546637980
1679546637865,1679546638040
1679546637718,1679546638069
1679546637937,1679546638172
1679546638003,1679546638276
1679546638045,1679546638318
1679546638049,1679546638322
1679546638197,1679546638386
1679546638165,1679546638421
1679546638245,1679546638459
1679546638139,1679546638514
1679546638318,1679546638530
1679546638251,1679546638588
1679546638479,1679546638673
1679546638413,1679546638680
1679546638425,1679546638746
1679546638753,1679546638881
1679546638708,1679546638922
1679546638653,1679546638922
1679546638664,1679546638927
1679546638818,1679546638959
1679546638650,1679546638967
1679546638847,1679546638992
1679546638634,1679546639038
1679546638476,1679546639144
1679546638890,1679546639166
1679546639186,1679546639430
1679546639089,1679546639439
1679546639313,1679546639555
1679546639408,1679546639571
1679546639382,1679546639583
1679546639073,1679546639588
1679546639536,1679546639713
1679546639528,1679546639745
1679546639407,1679546639771
1679546639562,1679546639786
1679546639508,1679546639794
1679546639660,1679546639854
1679546639710,1679546639855
1679546639612,1679546639867
1679546639834,1679546639993
1679546639686,1679546639995
1679546639374,1679546640020
1679546639840,1679546640056
1679546639785,1679546640061
1679546639992,1679546640139
1679546640175,1679546640297
1679546640014,1679546640302
1679546640145,1679546640369
1679546640114,1679546640392
1679546640247,1679546640433
1679546640307,1679546640530
1679546640435,1679546640599
1679546640414,1679546640654
1679546640369,1679546640769
1679546640795,1679546640934
1679546640733,1679546640977
1679546640849,1679546641002
1679546640714,1679546641032
1679546640785,1679546641084
1679546640749,1679546641093
1679546641030,1679546641216
1679546640699,1679546641232
1679546641048,1679546641258
1679546640970,1679546641259
1679546641077,1679546641261
1679546641138,1679546641307
1679546641160,1679546641324
1679546640993,1679546641360
1679546641240,1679546641422
1679546641297,1679546641476
1679546641368,1679546641490
1679546641285,1679546641539
1679546641363,1679546641552
1679546641225,1679546641560
1679546641322,1679546641678
1679546641297,1679546641686
1679546641561,1679546641803
1679546641715,1679546641864
1679546641698,1679546641936
1679546641965,1679546642135
1679546641958,1679546642146
1679546642049,1679546642208
1679546642172,1679546642408
1679546642234,1679546642454
1679546642299,1679546642469
1679546642078,1679546642518
1679546642330,1679546642526
1679546642359,1679546642551
1679546642334,1679546642555
1679546642413,1679546642609
1679546642349,1679546642699
1679546642451,1679546642700
1679546642464,1679546642715
1679546642626,1679546642845
1679546642613,1679546642863
1679546642436,1679546642874
1679546642587,1679546642941
1679546642772,1679546642957
1679546642529,1679546643010
1679546642723,1679546643047
1679546642727,1679546643120
1679546642959,1679546643139
1679546642928,1679546643178
1679546643032,1679546643189
1679546643032,1679546643194
1679546643081,1679546643320
1679546643360,1679546643517
1679546643308,1679546643523
1679546643417,1679546643618
1679546643449,1679546643630
1679546643456,1679546643692
1679546643618,1679546643807
1679546643656,1679546643836
1679546643654,1679546643909
1679546643736,1679546644010
1679546643776,1679546644030
1679546643692,1679546644047
1679546643669,1679546644065
1679546643745,1679546644104
1679546643968,1679546644242
1679546644148,1679546644308
1679546644051,1679546644359
1679546644201,1679546644427
1679546644195,1679546644461
1679546644243,1679546644469
1679546644247,1679546644489
1679546644330,1679546644582
1679546644307,1679546644604
1679546644239,1679546644634
1679546644458,1679546644642
1679546644321,1679546644697
1679546644461,1679546644737
1679546644561,1679546644755
1679546644585,1679546644835
1679546644670,1679546644931
1679546644822,1679546645053
1679546644885,1679546645085
1679546644757,1679546645239
1679546644981,1679546645259
1679546645125,1679546645355
1679546645129,1679546645364
1679546645183,1679546645513
1679546645184,1679546645541
1679546645341,1679546645547
1679546645215,1679546645573
1679546645511,1679546645720
1679546645428,1679546645750
1679546645552,1679546645789
1679546645515,1679546645823
1679546645625,1679546645844
1679546645625,1679546645859
1679546645615,1679546645882
1679546645709,1679546645900
1679546645730,1679546645993
1679546645530,1679546646015
1679546645892,1679546646082
1679546645861,1679546646094
1679546645877,1679546646122
1679546645969,1679546646160
1679546645982,1679546646175
1679546645762,1679546646215
1679546646028,1679546646320
1679546646307,1679546646413
1679546646228,1679546646443
1679546646321,1679546646468
1679546646177,1679546646488
1679546646262,1679546646538
1679546646327,1679546646567
1679546646377,1679546646606
1679546646629,1679546646823
1679546646448,1679546646848
1679546646679,1679546646897
1679546646274,1679546646929
1679546646634,1679546646976
1679546646763,1679546647014
1679546647027,1679546647298
1679546647197,1679546647362
1679546647156,1679546647372
1679546647181,1679546647398
1679546647226,1679546647448
1679546647232,1679546647499
1679546647371,1679546647518
1679546647357,1679546647531
1679546647348,1679546647551
1679546647427,1679546647593
1679546647505,1679546647720
1679546647583,1679546647756
1679546647500,1679546647766
1679546647493,1679546647790
1679546647550,1679546647828
1679546647691,1679546647833
1679546647589,1679546647836
1679546647682,1679546647843
1679546647379,1679546647851
1679546647643,1679546647900
1679546647609,1679546647968
1679546647747,1679546648024
1679546647882,1679546648050
1679546647839,1679546648122
1679546648129,1679546648280
1679546648241,1679546648329
1679546648250,1679546648466
1679546648276,1679546648467
1679546648264,1679546648476
1679546648312,1679546648619
1679546648523,1679546648671
1679546648552,1679546648746
1679546648431,1679546648746
1679546648577,1679546648773
1679546648628,1679546648814
1679546648818,1679546648988
1679546648792,1679546648999
1679546648739,1679546649005
1679546648891,1679546649126
1679546648911,1679546649169
1679546649025,1679546649187
1679546649079,1679546649282
1679546649125,1679546649312
1679546649147,1679546649335
1679546649004,1679546649381
1679546649189,1679546649408
1679546649128,1679546649452
1679546649274,1679546649452
1679546649123,1679546649489
1679546649397,1679546649545
1679546649278,1679546649556
1679546649285,1679546649577
1679546649385,1679546649713
1679546649521,1679546649765
1679546649589,1679546649781
1679546649597,1679546649792
1679546649448,1679546649812
1679546649564,1679546649898
1679546649556,1679546650002
1679546649720,1679546650011
1679546649764,1679546650026
1679546650006,1679546650197
1679546649951,1679546650238
1679546650081,1679546650241
1679546650141,1679546650343
1679546650135,1679546650366
1679546650113,1679546650388
1679546650392,1679546650569
1679546650344,1679546650575
1679546650310,1679546650581
1679546650417,1679546650606
1679546650503,1679546650670
1679546650441,1679546650712
1679546650443,1679546650721
1679546650565,1679546650749
1679546650553,1679546650786
1679546650482,1679546650815
1679546650601,1679546650821
1679546650603,1679546650907
1679546650735,1679546650915
1679546650623,1679546650931
1679546650709,1679546650998
1679546650673,1679546651043
1679546650885,1679546651143
1679546651064,1679546651289
1679546651028,1679546651320
1679546651133,1679546651326
1679546651049,1679546651366
1679546651191,1679546651473
1679546651238,1679546651483
1679546651336,1679546651627
1679546651430,1679546651635
1679546651389,1679546651773
1679546651565,1679546651798
1679546651634,1679546651840
1679546651575,1679546651852
1679546651611,1679546651878
1679546651759,1679546651900
1679546651867,1679546651995
1679546651760,1679546652010
1679546651877,1679546652013
1679546651797,1679546652209
1679546652140,1679546652313
1679546652047,1679546652322
1679546652161,1679546652365
1679546652381,1679546652517
1679546652271,1679546652520
1679546652181,1679546652547
1679546652340,1679546652564
1679546652390,1679546652570
1679546652449,1679546652628
1679546652433,1679546652633
1679546652568,1679546652739
1679546652469,1679546652762
1679546652690,1679546652882
1679546652738,1679546652896
1679546652779,1679546652962
1679546652867,1679546653096
1679546652879,1679546653161
1679546652906,1679546653171
1679546653004,1679546653175
1679546652941,1679546653178
1679546653011,1679546653267
1679546653101,1679546653270
1679546653134,1679546653290
1679546653137,1679546653339
1679546653045,1679546653371
1679546653243,1679546653430
1679546653263,1679546653503
1679546653347,1679546653545
1679546653297,1679546653565
1679546653395,1679546653592
1679546653303,1679546653660
1679546653194,1679546653671
1679546653569,1679546653774
1679546653731,1679546653981
1679546653767,1679546654021
1679546653973,1679546654260
1679546654057,1679546654285
1679546653870,1679546654326
1679546654070,1679546654339
1679546654144,1679546654377
1679546654243,1679546654384
1679546654213,1679546654423
1679546654263,1679546654464
1679546654364,1679546654502
1679546654328,1679546654507
1679546654269,1679546654531
1679546654288,1679546654597
1679546654445,1679546654643
1679546654469,1679546654717
1679546654530,1679546654721
1679546654461,1679546654756
1679546654341,1679546654856
1679546654611,1679546654869
1679546654601,1679546654872
1679546654631,1679546654968
1679546654818,1679546654988
1679546654776,1679546655045
1679546654977,1679546655158
1679546654896,1679546655227
1679546655008,1679546655233
1679546654956,1679546655243
1679546655131,1679546655304
1679546655017,1679546655357
1679546655084,1679546655392
1679546655137,1679546655460
1679546655239,1679546655488
1679546655234,1679546655533
1679546655269,1679546655584
1679546655464,1679546655707
1679546655536,1679546655775
1679546655749,1679546655861
1679546655546,1679546655926
1679546655741,1679546655943
1679546655807,1679546655966
1679546655801,1679546655981
1679546655780,1679546656077
1679546655930,1679546656150
1679546656092,1679546656184
1679546655947,1679546656195
1679546655885,1679546656209
1679546656027,1679546656233
1679546656020,1679546656309
1679546656014,1679546656343
1679546656053,1679546656437
1679546656225,1679546656439
1679546656226,1679546656488
1679546656321,1679546656500
1679546656366,1679546656517
1679546656270,1679546656520
1679546656472,1679546656702
1679546656497,1679546656748
1679546656527,1679546656768
1679546656607,1679546656851
1679546656574,1679546656872
1679546656621,1679546656894
1679546656678,1679546656981
1679546657101,1679546657265
1679546656872,1679546657278
1679546657011,1679546657310
1679546657109,1679546657315
1679546657052,1679546657330
1679546657117,1679546657389
1679546657185,1679546657608
1679546657321,1679546657614
1679546657399,1679546657622
1679546657443,1679546657649
1679546657409,1679546657674
1679546657452,1679546657724
1679546657232,1679546657750
1679546657508,1679546657827
1679546657735,1679546657960
1679546657742,1679546657981
1679546657691,1679546657991
1679546657717,1679546658007
1679546657597,1679546658029
1679546657797,1679546658036
1679546657922,1679546658108
1679546657753,1679546658123
1679546657949,1679546658162
1679546657961,1679546658271
1679546658013,1679546658323
1679546658105,1679546658367
1679546658240,1679546658410
1679546658101,1679546658438
1679546658275,1679546658445
1679546658341,1679546658537
1679546658279,1679546658560
1679546658414,1679546658596
1679546658389,1679546658679
1679546658496,1679546658728
1679546658709,1679546658799
1679546658721,1679546658897
1679546658652,1679546658937
1679546658704,1679546658971
1679546658826,1679546659024
1679546658860,1679546659162
1679546659040,1679546659247
1679546659094,1679546659313
1679546659137,1679546659343
1679546659153,1679546659344
1679546658993,1679546659370
1679546659183,1679546659371
1679546659277,1679546659532
1679546659178,1679546659573
1679546659384,1679546659603
1679546659322,1679546659607
1679546659428,1679546659776
1679546659603,1679546659819
1679546659400,1679546659826
1679546659629,1679546659833
1679546659680,1679546659840
1679546659626,1679546659858
1679546659708,1679546659929
1679546659777,1679546659995
1679546659758,1679546660004
1679546659897,1679546660045
1679546659515,1679546660056
1679546659879,1679546660116
1679546659859,1679546660127
1679546659835,1679546660146
1679546659955,1679546660162
1679546659969,1679546660203
1679546660013,1679546660233
1679546660091,1679546660305
1679546660215,1679546660400
1679546660374,1679546660497
1679546660332,1679546660517
1679546660248,1679546660532
1679546660456,1679546660682
1679546660605,1679546660782
1679546660817,1679546660899
1679546660691,1679546660904
1679546660709,1679546660934
1679546660693,1679546660949
1679546660414,1679546661004
1679546660836,1679546661085
1679546660790,1679546661140
1679546660903,1679546661195
1679546661093,1679546661283
1679546661202,1679546661355
1679546661182,1679546661408
1679546661101,1679546661434
1679546661289,1679546661457
1679546661256,1679546661476
1679546661380,1679546661563
1679546661234,1679546661568
1679546661385,1679546661591
1679546661177,1679546661605
1679546661461,1679546661719
1679546661627,1679546661771
1679546661680,1679546661868
1679546661713,1679546661895
1679546661830,1679546661971
1679546661745,1679546661988
1679546661754,1679546662001
1679546661797,1679546662005
1679546661913,1679546662150
1679546661978,1679546662181
1679546662026,1679546662217
1679546662024,1679546662223
1679546662102,1679546662326
1679546662108,1679546662353
1679546662173,1679546662379
1679546662191,1679546662395
1679546662242,1679546662460
1679546662321,1679546662500
1679546662210,1679546662502
1679546662257,1679546662516
1679546662450,1679546662584
1679546662339,1679546662601
1679546662422,1679546662633
1679546662459,1679546662681
1679546662507,1679546662694
1679546662571,1679546662737
1679546662498,1679546662797
1679546662676,1679546662832
1679546662745,1679546662871
1679546662749,1679546662980
1679546662920,1679546663001
1679546662920,1679546663104
1679546662932,1679546663160
1679546662895,1679546663167
1679546662879,1679546663272
1679546662941,1679546663277
1679546663168,1679546663329
1679546663207,1679546663362
1679546663244,1679546663370
1679546663285,1679546663469
1679546663319,1679546663562
1679546663317,1679546663576
1679546663288,1679546663579
1679546663452,1679546663693
1679546663521,1679546663771
1679546663611,1679546663771
1679546663673,1679546663847
1679546663649,1679546663889
1679546663813,1679546663921
1679546663906,1679546664116
1679546663946,1679546664157
1679546663966,1679546664264
1679546664064,1679546664265
1679546664078,1679546664277
1679546663907,1679546664284
1679546663930,1679546664300
1679546664173,1679546664361
1679546664201,1679546664368
1679546664097,1679546664385
1679546664008,1679546664421
1679546664219,1679546664431
1679546664077,1679546664485
1679546664186,1679546664506
1679546664277,1679546664518
1679546664150,1679546664535
1679546664556,1679546664701
1679546664673,1679546664782
1679546664467,1679546664791
1679546664786,1679546664907
1679546664901,1679546665124
1679546665062,1679546665212
1679546665042,1679546665219
1679546665128,1679546665319
1679546665113,1679546665328
1679546664932,1679546665359
1679546665101,1679546665382
1679546665022,1679546665384
1679546665053,1679546665412
1679546665129,1679546665426
1679546665156,1679546665460
1679546665465,1679546665631
1679546665404,1679546665668
1679546665472,1679546665692
1679546665581,1679546665797
1679546665565,1679546665800
1679546665560,1679546665812
1679546665437,1679546665823
1679546665649,1679546665869
1679546665787,1679546665994
1679546665600,1679546665995
1679546665830,1679546666049
1679546665834,1679546666064
1679546665878,1679546666075
1679546665729,1679546666099
1679546665683,1679546666100
1679546665974,1679546666178
1679546665983,1679546666216
1679546665965,1679546666219
1679546665971,1679546666260
1679546666067,1679546666282
1679546666056,1679546666289
1679546666199,1679546666371
1679546666073,1679546666393
1679546666352,1679546666569
1679546666201,1679546666574
1679546666459,1679546666607
1679546666447,1679546666656
1679546666555,1679546666782
1679546666553,1679546666814
1679546666802,1679546666989
1679546666789,1679546666991
1679546666694,1679546667043
1679546666957,1679546667127
1679546666989,1679546667216
1679546666986,1679546667226
1679546667083,1679546667248
1679546667147,1679546667292
1679546667170,1679546667337
1679546666971,1679546667337
1679546667218,1679546667356
1679546667186,1679546667394
1679546667211,1679546667414
1679546667112,1679546667416
1679546667435,1679546667623
1679546667345,1679546667623
1679546667448,1679546667625
1679546667361,1679546667705
1679546667457,1679546667716
1679546667413,1679546667731
1679546667333,1679546667766
1679546667526,1679546667804
1679546667603,1679546667815
1679546667597,1679546667835
1679546667718,1679546667947
1679546667824,1679546668114
1679546667779,1679546668172
1679546668017,1679546668223
1679546667979,1679546668285
1679546668172,1679546668346
1679546668169,1679546668367
1679546668278,1679546668493
1679546668314,1679546668556
1679546668286,1679546668606
1679546668431,1679546668613
1679546668462,1679546668635
1679546668505,1679546668679
1679546668269,1679546668694
1679546668319,1679546668705
1679546668500,1679546668805
1679546668546,1679546668816
1679546668686,1679546668906
1679546668782,1679546668945
1679546668645,1679546668991
1679546668836,1679546669088
1679546668783,1679546669100
1679546668901,1679546669133
1679546669009,1679546669154
1679546669085,1679546669229
1679546669195,1679546669331
1679546669190,1679546669377
1679546669198,1679546669468
1679546669153,1679546669632
1679546669337,1679546669652
1679546669533,1679546669670
1679546669354,1679546669676
1679546669319,1679546669738
1679546669569,1679546669749
1679546669553,1679546669804
1679546669532,1679546669851
1679546669700,1679546669863
1679546669747,1679546669941
1679546669781,1679546670012
1679546669863,1679546670042
1679546669737,1679546670081
1679546669845,1679546670105
1679546669746,1679546670137
1679546669921,1679546670214
1679546670059,1679546670260
1679546670140,1679546670316
1679546669930,1679546670351
1679546670139,1679546670357
1679546670060,1679546670412
1679546670268,1679546670475
1679546670231,1679546670505
1679546670272,1679546670550
1679546670250,1679546670640
1679546670533,1679546670695
1679546670547,1679546670709
1679546670558,1679546670725
1679546670646,1679546670743
1679546670533,1679546670897
1679546670677,1679546670991
1679546670769,1679546671051
1679546670767,1679546671099
1679546670853,1679546671100
1679546670885,1679546671124
1679546671074,1679546671226
1679546670916,1679546671241
1679546671009,1679546671252
1679546670945,1679546671265
1679546671007,1679546671296
1679546671123,1679546671388
1679546671277,1679546671457
1679546671221,1679546671481
1679546671293,1679546671512
1679546671318,1679546671525
1679546671363,1679546671546
1679546671190,1679546671590
1679546671490,1679546671655
1679546671481,1679546671720
1679546671281,1679546671811
1679546671568,1679546671816
1679546671616,1679546671849
1679546671790,1679546671908
1679546671482,1679546671921
1679546671738,1679546671921
1679546671854,1679546672095
1679546671975,1679546672165
1679546671863,1679546672221
1679546671923,1679546672225
1679546672115,1679546672288
1679546672136,1679546672353
1679546672148,1679546672376
1679546672219,1679546672384
1679546672157,1679546672403
1679546672249,1679546672449
1679546672221,1679546672470
1679546672038,1679546672485
1679546672249,1679546672555
1679546672393,1679546672653
1679546672445,1679546672700
1679546672509,1679546672768
1679546672533,1679546672805
1679546672484,1679546672809
1679546672625,1679546672831
1679546672714,1679546672841
1679546672556,1679546672917
1679546672553,1679546672943
1679546672768,1679546672991
1679546672793,1679546673038
1679546672758,1679546673120
1679546673035,1679546673232
1679546672930,1679546673287
1679546673110,1679546673330
1679546673136,1679546673378
1679546673139,1679546673418
1679546673199,1679546673468
1679546673176,1679546673474
1679546673334,1679546673501
1679546673431,1679546673553
1679546673518,1679546673615
1679546673393,1679546673642
1679546673311,1679546673680
1679546673519,1679546673689
1679546673631,1679546673746
1679546673585,1679546673799
1679546673756,1679546673945
1679546673598,1679546673966
1679546673698,1679546674096
1679546673913,1679546674141
1679546673740,1679546674146
1679546673847,1679546674175
1679546673847,1679546674186
1679546674019,1679546674203
1679546674139,1679546674280
1679546674133,1679546674324
1679546674136,1679546674357
1679546674177,1679546674394
1679546674153,1679546674419
1679546674120,1679546674491
1679546674285,1679546674494
1679546674345,1679546674545
1679546674333,1679546674550
1679546674402,1679546674565
1679546674378,1679546674583
1679546674523,1679546674730
1679546674549,1679546674744
1679546674293,1679546674796
1679546674547,1679546674956
1679546674783,1679546674983
1679546674852,1679546675041
1679546674855,1679546675047
1679546674862,1679546675057
1679546674941,1679546675180
1679546674937,1679546675182
1679546675035,1679546675194
1679546674946,1679546675209
1679546675142,1679546675357
1679546675214,1679546675374
1679546674973,1679546675392
1679546675321,1679546675573
1679546675360,1679546675586
1679546675457,1679546675658
1679546675407,1679546675721
1679546675534,1679546675728
1679546675444,1679546675730
1679546675571,1679546675778
1679546675552,1679546675807
1679546675605,1679546675842
1679546675563,1679546675846
1679546675621,1679546675937
1679546675790,1679546675940
1679546675717,1679546675974
1679546675708,1679546676016
1679546675841,1679546676082
1679546675858,1679546676141
1679546676085,1679546676254
1679546676091,1679546676267
1679546675937,1679546676324
1679546676137,1679546676374
1679546676212,1679546676471
1679546676310,1679546676510
1679546676262,1679546676551
1679546676217,1679546676553
1679546676152,1679546676576
1679546676273,1679546676583
1679546676509,1679546676618
1679546676391,1679546676681
1679546676471,1679546676807
1679546676646,1679546676844
1679546676629,1679546676871
1679546676596,1679546676885
1679546676543,1679546676904
1679546676736,1679546676931
1679546676564,1679546676942
1679546676855,1679546677112
1679546676827,1679546677122
1679546676938,1679546677134
1679546676784,1679546677169
1679546677012,1679546677215
1679546677130,1679546677250
1679546677089,1679546677344
1679546677124,1679546677371
1679546677238,1679546677398
1679546677229,1679546677509
1679546677390,1679546677534
1679546677213,1679546677541
1679546677221,1679546677560
1679546677408,1679546677599
1679546677386,1679546677662
1679546677357,1679546677675
1679546677433,1679546677698
1679546677533,1679546677740
1679546677691,1679546677819
1679546677317,1679546677836
1679546677649,1679546677859
1679546677593,1679546677879
1679546677671,1679546677895
1679546677580,1679546677909
1679546677873,1679546678062
1679546677815,1679546678107
1679546677808,1679546678111
1679546677709,1679546678117
1679546677941,1679546678149
1679546677912,1679546678157
1679546677876,1679546678212
1679546677994,1679546678242
1679546678061,1679546678282
1679546678093,1679546678329
1679546678015,1679546678419
1679546678315,1679546678491
1679546678310,1679546678506
1679546678311,1679546678578
1679546678460,1679546678589
1679546678460,1679546678670
1679546678674,1679546678809
1679546678597,1679546678825
1679546678789,1679546679001
1679546678591,1679546679042
1679546678893,1679546679056
1679546678842,1679546679093
1679546679039,1679546679150
1679546679118,1679546679255
1679546678967,1679546679286
1679546679003,1679546679297
1679546679201,1679546679344
1679546679009,1679546679384
1679546679141,1679546679423
1679546679232,1679546679465
1679546679273,1679546679474
1679546679208,1679546679501
1679546679197,1679546679501
1679546679246,1679546679538
1679546679296,1679546679569
1679546679372,1679546679606
1679546679397,1679546679615
1679546679201,1679546679622
1679546679337,1679546679639
1679546679501,1679546679704
1679546679407,1679546679733
1679546679496,1679546679743
1679546679570,1679546679768
1679546679517,1679546679818
1679546679634,1679546679848
1679546679667,1679546679884
1679546679557,1679546679892
1679546679748,1679546679957
1679546679540,1679546680032
1679546679911,1679546680117
1679546679919,1679546680122
1679546680018,1679546680185
1679546679921,1679546680215
1679546679924,1679546680278
1679546679805,1679546680326
1679546680115,1679546680383
1679546680127,1679546680452
1679546680051,1679546680526
1679546680259,1679546680589
1679546680333,1679546680601
1679546680324,1679546680615
1679546680424,1679546680700
1679546680603,1679546680707
1679546680511,1679546680752
1679546680511,1679546680761
1679546680460,1679546680890
1679546680661,1679546680898
1679546680689,1679546680904
1679546680558,1679546681019
1679546680809,1679546681037
1679546680796,1679546681039
1679546680718,1679546681040
1679546680894,1679546681183
1679546680933,1679546681242
1679546681077,1679546681253
1679546681017,1679546681278
1679546680909,1679546681286
1679546681041,1679546681289
1679546680893,1679546681318
1679546681096,1679546681359
1679546681293,1679546681493
1679546681148,1679546681572
1679546681374,1679546681609
1679546681481,1679546681642
1679546681399,1679546681671
1679546681546,1679546681689
1679546681513,1679546681692
1679546681357,1679546681699
1679546681531,1679546681776
1679546681697,1679546681866
1679546681597,1679546681889
1679546681659,1679546681929
1679546681592,1679546681948
1679546681713,1679546681965
1679546681645,1679546681970
1679546681855,1679546682072
1679546681903,1679546682173
1679546681828,1679546682230
1679546682092,1679546682257
1679546681965,1679546682261
1679546681990,1679546682275
1679546682113,1679546682325
1679546682017,1679546682336
1679546682212,1679546682381
1679546682080,1679546682415
1679546682022,1679546682459
1679546682352,1679546682483
1679546682162,1679546682495
1679546682262,1679546682512
1679546682363,1679546682568
1679546682455,1679546682593
1679546682444,1679546682681
1679546682402,1679546682682
1679546682613,1679546682803
1679546682497,1679546682817
1679546682310,1679546682848
1679546682677,1679546682880
1679546682672,1679546682923
1679546682559,1679546682961
1679546682799,1679546683000
1679546682637,1679546683043
1679546682816,1679546683061
1679546682739,1679546683068
1679546682764,1679546683077
1679546682908,1679546683123
1679546683044,1679546683286
1679546683037,1679546683320
1679546682996,1679546683408
1679546683159,1679546683420
1679546683264,1679546683460
1679546683251,1679546683471
1679546683352,1679546683522
1679546683396,1679546683554
1679546683294,1679546683633
1679546683425,1679546683646
1679546683445,1679546683703
1679546683571,1679546683784
1679546683585,1679546683820
1679546683465,1679546683829
1679546683629,1679546683848
1679546683569,1679546683897
1679546683598,1679546683928
1679546683633,1679546683928
1679546683694,1679546683931
1679546683616,1679546683941
1679546683647,1679546683950
1679546683672,1679546683953
1679546683785,1679546683967
1679546683750,1679546684063
1679546683966,1679546684192
1679546683927,1679546684210
1679546684028,1679546684299
1679546684141,1679546684314
1679546684141,1679546684336
1679546684003,1679546684355
1679546684042,1679546684362
1679546684315,1679546684475
1679546684209,1679546684513
1679546684458,1679546684656
1679546684401,1679546684661
1679546684443,1679546684690
1679546684438,1679546684698
1679546684483,1679546684709
1679546684597,1679546684804
1679546684634,1679546684830
1679546684532,1679546684875
1679546684510,1679546684900
1679546684684,1679546684906
1679546684747,1679546684924
1679546684775,1679546684926
1679546684712,1679546684978
1679546684793,1679546684982
1679546684565,1679546684983
1679546684829,1679546685058
1679546684691,1679546685160
1679546685029,1679546685174
1679546684890,1679546685214
1679546685115,1679546685231
1679546684946,1679546685250
1679546685019,1679546685301
1679546685070,1679546685318
1679546685189,1679546685319
1679546685066,1679546685388
1679546685133,1679546685447
1679546685029,1679546685469
1679546684969,1679546685480
1679546685391,1679546685526
1679546685222,1679546685545
1679546685274,1679546685559
1679546685401,1679546685624
1679546685421,1679546685624
1679546685507,1679546685710
1679546685345,1679546685710
1679546685554,1679546685805
1679546685476,1679546685814
1679546685561,1679546685823
1679546685655,1679546685832
1679546685517,1679546685833
1679546685620,1679546685859
1679546685709,1679546685898
1679546685721,1679546685935
1679546685677,1679546686063
1679546685907,1679546686082
1679546685740,1679546686084
1679546685869,1679546686088
1679546685913,1679546686128
1679546685904,1679546686195
1679546685966,1679546686230
1679546686032,1679546686280
1679546686067,1679546686393
1679546686313,1679546686438
1679546686251,1679546686457
1679546686171,1679546686489
1679546686399,1679546686536
1679546686297,1679546686546
1679546686437,1679546686553
1679546686502,1679546686689
1679546686546,1679546686797
1679546686408,1679546686811
1679546686733,1679546686866
1679546686615,1679546686868
1679546686761,1679546686921
1679546686841,1679546686997
1679546686839,1679546687017
1679546686810,1679546687054
1679546686909,1679546687118
1679546686894,1679546687123
1679546686893,1679546687179
1679546686965,1679546687223
1679546686961,1679546687264
1679546687113,1679546687275
1679546687045,1679546687279
1679546686992,1679546687304
1679546687005,1679546687328
1679546687162,1679546687337
1679546686977,1679546687360
1679546687109,1679546687360
1679546687074,1679546687410
1679546687152,1679546687432
1679546687064,1679546687473
1679546687355,1679546687562
1679546687391,1679546687563
1679546687257,1679546687566
1679546687325,1679546687579
1679546687393,1679546687597
1679546687135,1679546687645
1679546687422,1679546687656
1679546687421,1679546687681
1679546687494,1679546687689
1679546687542,1679546687700
1679546687553,1679546687730
1679546687525,1679546687730
1679546687563,1679546687806
1679546687644,1679546687865
1679546687480,1679546687890
1679546687601,1679546687969
1679546687926,1679546688091
1679546687936,1679546688132
1679546687988,1679546688222
1679546688001,1679546688258
1679546688196,1679546688356
1679546688186,1679546688362
1679546688139,1679546688365
1679546688239,1679546688439
1679546688274,1679546688469
1679546688241,1679546688472
1679546688375,1679546688623
1679546688341,1679546688633
1679546688341,1679546688643
1679546688429,1679546688663
1679546688433,1679546688717
1679546688540,1679546688721
1679546688435,1679546688726
1679546688551,1679546688767
1679546688639,1679546688876
1679546688570,1679546688933
1679546688731,1679546688947
1679546688857,1679546688960
1679546688760,1679546689003
1679546688769,1679546689117
1679546688984,1679546689133
1679546688890,1679546689141
1679546688843,1679546689145
1679546688861,1679546689151
1679546688990,1679546689195
1679546688839,1679546689196
1679546689006,1679546689196
1679546688975,1679546689218
1679546689040,1679546689220
1679546689009,1679546689238
1679546689090,1679546689451
1679546689204,1679546689462
1679546689213,1679546689519
1679546689219,1679546689530
1679546689219,1679546689591
1679546689117,1679546689610
1679546689313,1679546689626
1679546689452,1679546689680
1679546689425,1679546689687
1679546689397,1679546689693
1679546689341,1679546689709
1679546689535,1679546689727
1679546689474,1679546689795
1679546689625,1679546689828
1679546689693,1679546689926
1679546689613,1679546689956
1679546689857,1679546690033
1679546689837,1679546690057
1679546689937,1679546690074
1679546689798,1679546690099
1679546689896,1679546690108
1679546690000,1679546690149
1679546689922,1679546690187
1679546689931,1679546690196
1679546689953,1679546690256
1679546690099,1679546690284
1679546690085,1679546690298
1679546689997,1679546690302
1679546690058,1679546690378
1679546690163,1679546690430
1679546690129,1679546690441
1679546690131,1679546690496
1679546690152,1679546690520
1679546690321,1679546690532
1679546690266,1679546690559
1679546690375,1679546690607
1679546690268,1679546690611
1679546690535,1679546690734
1679546690533,1679546690750
1679546690544,1679546690786
1679546690555,1679546690827
1679546690523,1679546690840
1679546690749,1679546690916
1679546690744,1679546691056
1679546690701,1679546691067
1679546690782,1679546691080
1679546690793,1679546691116
1679546690994,1679546691149
1679546691042,1679546691224
1679546691011,1679546691238
1679546690994,1679546691253
1679546691090,1679546691272
1679546691065,1679546691345
1679546691171,1679546691383
1679546691259,1679546691462
1679546691384,1679546691519
1679546691257,1679546691554
1679546691277,1679546691579
1679546691382,1679546691587
1679546691295,1679546691666
1679546691451,1679546691680
1679546691576,1679546691737
1679546691577,1679546691755
1679546691463,1679546691771
1679546691531,1679546691848
1679546691648,1679546691855
1679546691533,1679546691875
1679546691610,1679546691881
1679546691639,1679546691887
1679546691604,1679546691892
1679546691710,1679546691951
1679546691742,1679546691968
1679546691612,1679546691982
1679546691834,1679546692079
1679546691904,1679546692134
1679546691811,1679546692138
1679546691902,1679546692138
1679546691970,1679546692190
1679546691947,1679546692200
1679546692030,1679546692241
1679546691976,1679546692253
1679546692153,1679546692345
1679546692178,1679546692368
1679546692210,1679546692375
1679546692097,1679546692391
1679546692247,1679546692458
1679546692373,1679546692557
1679546692300,1679546692561
1679546692340,1679546692572
1679546692351,1679546692688
1679546692451,1679546692713
1679546692493,1679546692774
1679546692649,1679546692795
1679546692692,1679546692810
1679546692552,1679546692844
1679546692661,1679546692887
1679546692732,1679546692904
1679546692725,1679546692936
1679546692754,1679546692958
1679546692743,1679546692968
1679546692619,1679546692971
1679546692729,1679546693002
1679546692744,1679546693004
1679546692699,1679546693016
1679546692782,1679546693031
1679546692447,1679546693072
1679546692899,1679546693132
1679546692973,1679546693153
1679546692907,1679546693159
1679546693007,1679546693251
1679546693195,1679546693352
1679546692943,1679546693381
1679546693114,1679546693438
1679546693162,1679546693441
1679546693087,1679546693509
1679546693441,1679546693554
1679546693209,1679546693615
1679546693391,1679546693616
1679546693440,1679546693643
1679546693455,1679546693662
1679546693518,1679546693708
1679546693447,1679546693715
1679546693513,1679546693783
1679546693605,1679546693877
1679546693592,1679546693904
1679546693758,1679546693956
1679546693737,1679546693962
1679546693695,1679546693986
1679546693771,1679546694027
1679546693830,1679546694034
1679546693897,1679546694068
1679546693912,1679546694158
1679546693920,1679546694171
1679546693829,1679546694173
1679546693970,1679546694179
1679546693975,1679546694256
1679546694094,1679546694277
1679546694079,1679546694310
1679546694145,1679546694334
1679546694004,1679546694396
1679546694311,1679546694487
1679546694341,1679546694531
1679546694249,1679546694548
1679546694156,1679546694559
1679546694208,1679546694560
1679546694439,1679546694654
1679546694517,1679546694667
1679546694512,1679546694727
1679546694554,1679546694763
1679546694553,1679546694766
1679546694654,1679546694834
1679546694573,1679546694842
1679546694718,1679546694899
1679546694686,1679546694902
1679546694737,1679546694948
1679546694863,1679546694993
1679546694774,1679546695016
1679546694849,1679546695052
1679546694841,1679546695092
1679546694965,1679546695160
1679546694928,1679546695168
1679546694953,1679546695188
1679546694995,1679546695194
1679546695091,1679546695225
1679546694991,1679546695264
1679546695047,1679546695274
1679546695041,1679546695286
1679546695206,1679546695338
1679546695025,1679546695396
1679546695294,1679546695427
1679546695275,1679546695459
1679546695329,1679546695554
1679546695317,1679546695576
1679546695377,1679546695608
1679546695383,1679546695706
1679546695535,1679546695735
1679546695536,1679546695737
1679546695584,1679546695743
1679546695355,1679546695792
1679546695415,1679546695828
1679546695683,1679546695860
1679546695518,1679546695908
1679546695497,1679546695939
1679546695548,1679546696009
1679546695841,1679546696034
1679546695864,1679546696063
1679546695625,1679546696081
1679546695813,1679546696085
1679546695746,1679546696090
1679546695645,1679546696127
1679546695869,1679546696179
1679546695845,1679546696188
1679546695836,1679546696236
1679546695973,1679546696255
1679546696000,1679546696348
1679546696087,1679546696363
1679546696098,1679546696378
1679546696143,1679546696388
1679546696021,1679546696444
1679546696137,1679546696446
1679546696201,1679546696455
1679546696205,1679546696519
1679546696094,1679546696520
1679546696147,1679546696547
1679546696013,1679546696630
1679546696297,1679546696635
1679546696408,1679546696656
1679546696469,1679546696696
1679546696365,1679546696713
1679546696552,1679546696742
1679546696655,1679546696860
1679546696555,1679546696869
1679546696785,1679546696935
1679546696774,1679546696956
1679546696784,1679546696997
1679546696777,1679546696998
1679546696741,1679546697002
1679546696853,1679546697013
1679546696563,1679546697015
1679546696860,1679546697081
1679546696880,1679546697137
1679546697126,1679546697281
1679546697135,1679546697293
1679546697140,1679546697416
1679546697221,1679546697429
1679546697240,1679546697433
1679546697356,1679546697530
1679546696970,1679546697579
1679546697313,1679546697598
1679546697387,1679546697602
1679546697300,1679546697667
1679546697545,1679546697694
1679546697431,1679546697721
1679546697601,1679546697736
1679546697567,1679546697747
1679546697515,1679546697776
1679546697542,1679546697797
1679546697561,1679546697805
1679546697701,1679546697837
1679546697705,1679546697923
1679546697762,1679546697933
1679546697663,1679546697940
1679546697723,1679546697982
1679546697802,1679546698010
1679546697888,1679546698043
1679546697755,1679546698069
1679546697852,1679546698114
1679546697936,1679546698127
1679546697931,1679546698131
1679546697939,1679546698197
1679546697679,1679546698208
1679546697987,1679546698213
1679546698025,1679546698292
1679546698105,1679546698392
1679546698084,1679546698397
1679546698167,1679546698449
1679546698202,1679546698449
1679546698305,1679546698469
1679546698040,1679546698503
1679546698167,1679546698504
1679546698248,1679546698519
1679546698229,1679546698543
1679546698270,1679546698562
1679546698262,1679546698565
1679546698190,1679546698601
1679546698362,1679546698654
1679546698126,1679546698689
1679546698523,1679546698704
1679546698590,1679546698808
1679546698594,1679546698828
1679546698667,1679546698884
1679546698662,1679546698892
1679546698648,1679546698900
1679546698681,1679546698914
1679546698773,1679546698973
1679546698768,1679546698985
1679546698897,1679546699063
1679546698867,1679546699133
1679546698885,1679546699136
1679546699004,1679546699184
1679546698979,1679546699187
1679546699061,1679546699263
1679546699170,1679546699345
1679546699218,1679546699371
1679546699217,1679546699377
1679546699277,1679546699448
1679546699212,1679546699449
1679546699031,1679546699468
1679546699219,1679546699478
1679546699258,1679546699513
1679546699289,1679546699562
1679546699361,1679546699640
1679546699351,1679546699667
1679546699305,1679546699669
1679546699381,1679546699673
1679546699473,1679546699692
1679546699654,1679546699897
1679546699746,1679546699926
1679546699739,1679546699952
1679546699767,1679546700081
1679546699919,1679546700090
1679546699891,1679546700097
1679546699687,1679546700101
1679546699890,1679546700112
1679546699837,1679546700149
1679546699981,1679546700183
1679546699853,1679546700207
1679546700013,1679546700222
1679546700004,1679546700255
1679546700126,1679546700288
1679546700102,1679546700315
1679546699939,1679546700327
1679546700184,1679546700377
1679546700153,1679546700401
1679546700201,1679546700424
1679546700151,1679546700426
1679546700206,1679546700472
1679546700089,1679546700492
1679546700429,1679546700614
1679546700416,1679546700616
1679546700432,1679546700622
1679546700297,1679546700635
1679546700481,1679546700682
1679546700303,1679546700687
1679546700335,1679546700697
1679546700261,1679546700736
1679546700579,1679546700845
1679546700669,1679546700891
1679546700697,1679546700901
1679546700646,1679546700935
1679546700751,1679546700974
1679546700728,1679546700983
1679546700851,1679546700993
1679546700731,1679546701020
1679546700708,1679546701029
1679546700887,1679546701097
1679546700890,1679546701130
1679546700851,1679546701171
1679546700997,1679546701210
1679546700875,1679546701237
1679546700910,1679546701245
1679546700975,1679546701267
1679546701008,1679546701274
1679546701104,1679546701286
1679546701038,1679546701296
1679546701031,1679546701302
1679546701267,1679546701448
1679546701164,1679546701455
1679546701268,1679546701486
1679546701510,1679546701615
1679546701409,1679546701677
1679546701438,1679546701688
1679546701492,1679546701706
1679546701514,1679546701712
1679546701417,1679546701738
1679546701551,1679546701742
1679546701341,1679546701793
1679546701558,1679546701873
1679546701601,1679546701896
1679546701681,1679546701902
1679546701765,1679546701984
1679546701665,1679546701988
1679546701859,1679546702005
1679546701591,1679546702076
1679546701850,1679546702080
1679546701932,1679546702101
1679546701908,1679546702137
1679546701931,1679546702188
1679546702055,1679546702236
1679546702053,1679546702346
1679546702100,1679546702350
1679546702249,1679546702372
1679546702218,1679546702399
1679546702038,1679546702426
1679546702300,1679546702452
1679546702308,1679546702494
1679546702177,1679546702516
1679546702175,1679546702517
1679546702305,1679546702570
1679546702353,1679546702582
1679546702239,1679546702607
1679546702433,1679546702630
1679546702441,1679546702653
1679546702567,1679546702772
1679546702628,1679546702792
1679546702607,1679546702845
1679546702698,1679546702872
1679546702719,1679546702927
1679546702596,1679546702989
1679546702697,1679546702996
1679546702781,1679546703066
1679546702832,1679546703088
1679546702885,1679546703134
1679546703009,1679546703172
1679546702809,1679546703181
1679546703067,1679546703211
1679546702839,1679546703234
1679546702985,1679546703258
1679546703052,1679546703261
1679546702996,1679546703271
1679546702691,1679546703282
1679546702927,1679546703314
1679546702824,1679546703314
1679546703106,1679546703329
1679546703257,1679546703402
1679546703157,1679546703404
1679546703137,1679546703413
1679546703177,1679546703416
1679546702941,1679546703449
1679546702981,1679546703451
1679546703206,1679546703467
1679546703212,1679546703562
1679546703349,1679546703604
1679546703479,1679546703791
1679546703602,1679546703835
1679546703592,1679546703860
1679546703615,1679546703863
1679546703697,1679546703893
1679546703689,1679546703895
1679546703727,1679546703949
1679546703616,1679546703967
1679546703853,1679546704028
1679546703901,1679546704098
1679546703957,1679546704132
1679546704020,1679546704168
1679546703923,1679546704174
1679546704139,1679546704318
1679546704089,1679546704340
1679546704161,1679546704351
1679546704238,1679546704360
1679546704075,1679546704363
1679546704147,1679546704394
1679546704077,1679546704414
1679546704141,1679546704426
1679546704273,1679546704465
1679546704277,1679546704508
1679546704119,1679546704532
1679546704397,1679546704569
1679546704344,1679546704583
1679546704411,1679546704630
1679546704529,1679546704766
1679546704595,1679546704787
1679546704367,1679546704805
1679546704423,1679546704807
1679546704613,1679546704831
1679546704643,1679546704842
1679546704604,1679546704884
1679546704620,1679546704903
1679546704683,1679546704904
1679546704603,1679546704936
1679546704638,1679546704939
1679546704789,1679546704961
1679546704673,1679546704978
1679546704842,1679546705007
1679546704845,1679546705076
1679546704750,1679546705089
1679546704759,1679546705182
1679546704818,1679546705186
1679546704820,1679546705239
1679546705084,1679546705240
1679546704909,1679546705291
1679546705021,1679546705294
1679546705135,1679546705342
1679546705207,1679546705425
1679546705140,1679546705427
1679546705207,1679546705440
1679546704705,1679546705441
1679546705288,1679546705501
1679546705289,1679546705506
1679546705262,1679546705588
1679546705493,1679546705669
1679546705490,1679546705670
1679546705377,1679546705699
1679546705397,1679546705709
1679546705456,1679546705772
1679546705570,1679546705821
1679546705658,1679546705871
1679546705662,1679546705899
1679546705686,1679546705947
1679546705744,1679546705955
1679546705795,1679546706011
1679546705749,1679546706015
1679546705803,1679546706052
1679546705824,1679546706107
1679546705632,1679546706174
1679546705821,1679546706178
1679546705882,1679546706185
1679546705954,1679546706188
1679546705930,1679546706211
1679546705925,1679546706217
1679546705930,1679546706259
1679546706018,1679546706259
1679546706075,1679546706296
1679546706134,1679546706342
1679546705881,1679546706353
1679546706167,1679546706421
1679546705876,1679546706430
1679546706368,1679546706471
1679546706303,1679546706497
1679546706314,1679546706576
1679546706284,1679546706612
1679546706392,1679546706619
1679546706643,1679546706724
1679546706559,1679546706729
1679546706381,1679546706742
1679546706393,1679546706748
1679546706492,1679546706781
1679546706405,1679546706798
1679546706811,1679546706946
1679546706686,1679546706996
1679546706773,1679546707008
1679546706750,1679546707048
1679546706922,1679546707079
1679546706785,1679546707253
1679546707253,1679546707381
1679546707050,1679546707387
1679546707163,1679546707405
1679546707084,1679546707437
1679546707253,1679546707444
1679546707130,1679546707514
1679546707293,1679546707520
1679546707113,1679546707526
1679546707282,1679546707577
1679546707179,1679546707597
1679546707393,1679546707613
1679546707155,1679546707645
1679546707381,1679546707657
1679546707279,1679546707660
1679546707505,1679546707661
1679546707353,1679546707687
1679546707448,1679546707688
1679546707319,1679546707747
1679546707460,1679546707801
1679546707549,1679546707805
1679546707533,1679546707807
1679546707537,1679546707815
1679546707574,1679546707820
1679546707445,1679546707846
1679546707392,1679546707847
1679546707428,1679546707861
1679546707745,1679546707931
1679546707601,1679546707958
1679546707660,1679546707966
1679546707895,1679546708118
1679546707750,1679546708143
1679546707670,1679546708167
1679546707853,1679546708168
1679546707912,1679546708281
1679546707868,1679546708307
1679546707935,1679546708322
1679546707994,1679546708330
1679546708097,1679546708335
1679546708125,1679546708336
1679546708148,1679546708353
1679546708123,1679546708403
1679546708285,1679546708512
1679546708232,1679546708572
1679546708404,1679546708581
1679546708404,1679546708606
1679546708524,1679546708764
1679546708557,1679546708824
1679546708441,1679546708831
1679546708568,1679546708833
1679546708690,1679546708849
1679546708687,1679546708856
1679546708586,1679546708884
1679546708690,1679546708884
1679546708731,1679546708948
1679546708765,1679546709070
1679546708886,1679546709111
1679546708945,1679546709141
1679546708872,1679546709242
1679546709058,1679546709254
1679546708997,1679546709263
1679546708968,1679546709299
1679546709174,1679546709303
1679546709154,1679546709322
1679546709079,1679546709324
1679546709040,1679546709404
1679546709088,1679546709404
1679546709117,1679546709420
1679546709199,1679546709445
1679546709334,1679546709483
1679546709221,1679546709491
1679546709343,1679546709525
1679546709420,1679546709629
1679546709500,1679546709688
1679546709446,1679546709689
1679546709437,1679546709703
1679546709300,1679546709731
1679546709582,1679546709786
1679546709577,1679546709813
1679546709609,1679546709824
1679546709668,1679546709828
1679546709549,1679546709840
1679546709624,1679546709870
1679546709779,1679546709946
1679546709690,1679546709981
1679546709788,1679546710001
1679546709687,1679546710037
1679546709787,1679546710081
1679546710012,1679546710241
1679546710044,1679546710249
1679546709683,1679546710256
1679546710195,1679546710319
1679546710163,1679546710365
1679546710193,1679546710392
1679546710242,1679546710449
1679546710317,1679546710451
1679546710161,1679546710459
1679546710120,1679546710471
1679546710325,1679546710488
1679546710177,1679546710517
1679546710341,1679546710573
1679546710434,1679546710612
1679546710405,1679546710635
1679546710407,1679546710670
1679546710401,1679546710739
1679546710403,1679546710762
1679546710549,1679546710765
1679546710617,1679546710773
1679546710649,1679546710830
1679546710517,1679546710831
1679546710313,1679546710838
1679546710575,1679546710920
1679546710353,1679546710932
1679546710740,1679546710937
1679546710561,1679546710950
1679546710633,1679546710983
1679546710781,1679546710998
1679546710803,1679546711019
1679546710684,1679546711125
1679546711006,1679546711172
1679546710980,1679546711176
1679546710879,1679546711208
1679546710989,1679546711248
1679546711122,1679546711292
1679546710952,1679546711323
1679546711058,1679546711324
1679546710837,1679546711389
1679546711141,1679546711398
1679546711055,1679546711401
1679546711121,1679546711424
1679546711103,1679546711446
1679546711146,1679546711475
1679546711281,1679546711531
1679546711407,1679546711683
1679546711382,1679546711683
1679546711460,1679546711699
1679546711531,1679546711707
1679546711602,1679546711826
1679546711457,1679546711827
1679546711536,1679546711833
1679546711333,1679546711837
1679546711740,1679546711983
1679546711821,1679546712035
1679546711674,1679546712079
1679546711940,1679546712089
1679546711913,1679546712166
1679546711897,1679546712184
1679546711947,1679546712188
1679546711992,1679546712233
1679546712079,1679546712295
1679546712052,1679546712299
1679546712040,1679546712339
1679546712049,1679546712340
1679546712232,1679546712377
1679546712099,1679546712377
1679546712053,1679546712415
1679546712166,1679546712416
1679546712046,1679546712442
1679546711977,1679546712443
1679546712206,1679546712447
1679546712147,1679546712503
1679546712188,1679546712510
1679546712349,1679546712533
1679546712361,1679546712648
1679546712531,1679546712697
1679546712407,1679546712701
1679546712452,1679546712702
1679546712615,1679546712739
1679546712490,1679546712742
1679546712659,1679546712840
1679546712523,1679546712846
1679546712670,1679546712877
1679546712399,1679546712889
1679546712563,1679546712910
1679546712747,1679546712922
1679546712483,1679546712926
1679546712577,1679546712933
1679546712701,1679546712973
1679546712701,1679546712974
1679546712668,1679546712981
1679546712800,1679546712983
1679546712847,1679546713046
1679546712809,1679546713056
1679546712894,1679546713076
1679546712975,1679546713136
1679546712921,1679546713235
1679546713075,1679546713239
1679546712965,1679546713271
1679546713008,1679546713280
1679546713071,1679546713366
1679546712931,1679546713386
1679546713157,1679546713410
1679546713156,1679546713414
1679546713317,1679546713476
1679546713304,1679546713494
1679546713077,1679546713512
1679546713418,1679546713601
1679546713305,1679546713617
1679546713345,1679546713619
1679546713524,1679546713654
1679546713388,1679546713692
1679546713461,1679546713737
1679546713327,1679546713765
1679546713222,1679546713779
1679546713584,1679546713826
1679546713611,1679546713900
1679546713744,1679546713939
1679546713835,1679546713983
1679546713821,1679546714021
1679546713933,1679546714126
1679546714013,1679546714221
1679546713891,1679546714222
1679546713859,1679546714227
1679546713977,1679546714260
1679546714112,1679546714301
1679546714067,1679546714307
1679546714123,1679546714310
1679546714104,1679546714374
1679546714112,1679546714378
1679546714229,1679546714404
1679546714275,1679546714422
1679546714141,1679546714432
1679546714209,1679546714448
1679546714359,1679546714501
1679546714337,1679546714585
1679546714271,1679546714619
1679546714416,1679546714635
1679546714377,1679546714680
1679546714416,1679546714718
1679546714625,1679546714797
1679546714504,1679546714817
1679546714645,1679546714830
1679546714665,1679546714900
1679546714682,1679546714900
1679546714732,1679546714905
1679546714621,1679546714960
1679546714860,1679546714978
1679546714778,1679546715009
1679546714821,1679546715026
1679546714809,1679546715047
1679546714897,1679546715127
1679546714921,1679546715153
1679546714777,1679546715176
1679546714867,1679546715186
1679546714988,1679546715187
1679546714804,1679546715190
1679546714927,1679546715214
1679546714901,1679546715227
1679546714907,1679546715281
1679546715019,1679546715318
1679546715096,1679546715396
1679546715168,1679546715400
1679546715021,1679546715416
1679546714968,1679546715439
1679546715179,1679546715444
1679546715215,1679546715495
1679546715272,1679546715502
1679546715152,1679546715529
1679546715252,1679546715532
1679546715253,1679546715592
1679546715458,1679546715705
1679546715457,1679546715742
1679546715569,1679546715769
1679546715501,1679546715788
1679546715453,1679546715795
1679546715561,1679546715833
1679546715643,1679546715893
1679546715761,1679546715965
1679546715730,1679546715972
1679546715723,1679546716006
1679546715825,1679546716011
1679546715778,1679546716022
1679546715817,1679546716060
1679546715875,1679546716063
1679546715931,1679546716073
1679546715861,1679546716144
1679546715941,1679546716152
1679546715957,1679546716201
1679546715887,1679546716213
1679546716041,1679546716285
1679546716250,1679546716381
1679546716223,1679546716396
1679546716097,1679546716401
1679546716325,1679546716489
1679546716170,1679546716536
1679546716401,1679546716549
1679546716277,1679546716549
1679546716343,1679546716592
1679546716430,1679546716636
1679546716339,1679546716644
1679546716437,1679546716712
1679546716401,1679546716724
1679546716536,1679546716732
1679546716488,1679546716739
1679546716413,1679546716759
1679546716509,1679546716800
1679546716421,1679546716812
1679546716533,1679546716825
1679546716654,1679546716875
1679546716581,1679546716880
1679546716639,1679546716880
1679546716608,1679546716885
1679546716869,1679546717021
1679546716777,1679546717022
1679546716776,1679546717033
1679546716863,1679546717055
1679546716844,1679546717091
1679546716871,1679546717104
1679546716641,1679546717133
1679546716962,1679546717146
1679546716841,1679546717184
1679546717070,1679546717206
1679546716798,1679546717239
1679546716977,1679546717255
1679546717021,1679546717265
1679546717124,1679546717305
1679546716901,1679546717330
1679546717143,1679546717338
1679546717083,1679546717365
1679546717286,1679546717419
1679546717105,1679546717427
1679546717262,1679546717474
1679546717100,1679546717484
1679546717198,1679546717503
1679546717200,1679546717558
1679546717413,1679546717635
1679546717397,1679546717680
1679546717489,1679546717706
1679546717425,1679546717756
1679546717621,1679546717802
1679546717521,1679546717932
1679546717632,1679546717936
1679546717714,1679546717985
1679546717832,1679546718042
1679546717853,1679546718051
1679546717673,1679546718063
1679546717877,1679546718083
1679546717965,1679546718131
1679546717803,1679546718133
1679546717830,1679546718140
1679546717931,1679546718207
1679546718037,1679546718247
1679546718003,1679546718284
1679546718159,1679546718296
1679546718015,1679546718299
1679546718129,1679546718302
1679546718049,1679546718326
1679546718153,1679546718384
1679546718079,1679546718408
1679546718316,1679546718485
1679546718305,1679546718504
1679546718296,1679546718533
1679546718289,1679546718557
1679546718267,1679546718569
1679546718309,1679546718599
1679546718305,1679546718647
1679546718329,1679546718652
1679546718361,1679546718654
1679546718582,1679546718678
1679546718479,1679546718692
1679546718398,1679546718697
1679546718471,1679546718732
1679546718361,1679546718737
1679546718553,1679546718749
1679546718497,1679546718757
1679546718557,1679546718789
1679546718479,1679546718848
1679546718751,1679546718863
1679546718718,1679546718943
1679546718730,1679546718950
1679546718664,1679546718972
1679546718769,1679546719031
1679546718884,1679546719091
1679546718755,1679546719095
1679546718773,1679546719149
1679546718920,1679546719156
1679546718932,1679546719226
1679546719016,1679546719280
1679546719152,1679546719370
1679546719157,1679546719393
1679546718977,1679546719427
1679546719063,1679546719427
1679546719232,1679546719469
1679546719246,1679546719527
1679546719145,1679546719570
1679546719379,1679546719577
1679546719242,1679546719602
1679546719330,1679546719606
1679546719153,1679546719634
1679546719324,1679546719641
1679546719395,1679546719653
1679546719370,1679546719690
1679546719200,1679546719712
1679546719607,1679546719737
1679546719386,1679546719776
1679546719521,1679546719780
1679546719574,1679546719783
1679546719490,1679546719794
1679546719602,1679546719862
1679546719664,1679546719958
1679546719629,1679546719964
1679546719721,1679546720016
1679546719776,1679546720044
1679546719911,1679546720058
1679546719630,1679546720136
1679546719967,1679546720140
1679546719864,1679546720174
1679546720033,1679546720215
1679546720064,1679546720293
1679546720129,1679546720310
1679546720054,1679546720347
1679546720145,1679546720360
1679546720192,1679546720396
1679546720219,1679546720422
1679546720261,1679546720465
1679546720271,1679546720484
1679546720290,1679546720503
1679546720169,1679546720528
1679546720287,1679546720547
1679546720356,1679546720576
1679546720444,1679546720581
1679546720356,1679546720595
1679546720293,1679546720667
1679546720473,1679546720681
1679546720471,1679546720687
1679546720629,1679546720746
1679546720349,1679546720777
1679546720603,1679546720864
1679546720747,1679546720940
1679546720809,1679546720976
1679546720483,1679546720983
1679546720696,1679546720985
1679546720811,1679546721007
1679546720693,1679546721014
1679546720879,1679546721055
1679546720930,1679546721097
1679546720519,1679546721099
1679546720868,1679546721111
1679546720675,1679546721134
1679546720741,1679546721142
1679546720743,1679546721170
1679546720960,1679546721175
1679546721079,1679546721228
1679546721091,1679546721273
1679546721039,1679546721298
1679546720942,1679546721305
1679546721074,1679546721356
1679546721175,1679546721385
1679546721149,1679546721420
1679546721237,1679546721563
1679546721305,1679546721620
1679546721375,1679546721621
1679546721419,1679546721633
1679546721473,1679546721659
1679546721497,1679546721671
1679546721449,1679546721717
1679546721536,1679546721718
1679546721436,1679546721731
1679546721629,1679546721751
1679546721502,1679546721827
1679546721406,1679546721847
1679546721663,1679546721878
1679546721621,1679546721879
1679546721513,1679546721891
1679546721809,1679546721966
1679546721607,1679546722044
1679546721903,1679546722073
1679546721809,1679546722076
1679546721643,1679546722097
1679546721766,1679546722133
1679546721933,1679546722185
1679546721682,1679546722192
1679546721644,1679546722207
1679546721850,1679546722238
1679546721915,1679546722249
1679546721816,1679546722253
1679546721916,1679546722355
1679546721980,1679546722375
1679546722049,1679546722417
1679546722219,1679546722452
1679546722212,1679546722466
1679546722289,1679546722500
1679546722279,1679546722501
1679546722212,1679546722510
1679546722151,1679546722529
1679546722215,1679546722530
1679546722312,1679546722557
1679546722314,1679546722567
1679546722323,1679546722622
1679546722329,1679546722627
1679546722458,1679546722720
1679546722510,1679546722734
1679546722693,1679546722928
1679546722693,1679546722931
1679546722733,1679546722940
1679546722557,1679546722969
1679546722681,1679546723003
1679546722816,1679546723023
1679546722816,1679546723024
1679546723050,1679546723256
1679546722992,1679546723264
1679546723142,1679546723315
1679546723052,1679546723324
1679546723073,1679546723353
1679546723165,1679546723369
1679546723226,1679546723413
1679546723194,1679546723431
1679546723340,1679546723468
1679546723349,1679546723474
1679546723255,1679546723552
1679546723303,1679546723606
1679546723413,1679546723607
1679546723322,1679546723610
1679546723437,1679546723635
1679546723308,1679546723670
1679546723505,1679546723741
1679546723453,1679546723759
1679546723521,1679546723801
1679546723333,1679546723806
1679546723465,1679546723812
1679546723609,1679546723827
1679546723689,1679546723861
1679546723630,1679546723871
1679546723685,1679546723897
1679546723774,1679546723953
1679546723713,1679546723962
1679546723729,1679546723985
1679546723785,1679546724085
1679546723914,1679546724206
1679546724004,1679546724243
1679546723879,1679546724251
1679546724000,1679546724309
1679546724093,1679546724323
1679546724163,1679546724345
1679546724020,1679546724367
1679546724192,1679546724370
1679546724173,1679546724404
1679546724052,1679546724407
1679546724128,1679546724414
1679546724090,1679546724418
1679546724073,1679546724427
1679546724003,1679546724430
1679546724273,1679546724572
1679546724423,1679546724637
1679546724301,1679546724658
1679546724437,1679546724667
1679546724412,1679546724690
1679546724302,1679546724693
1679546724571,1679546724714
1679546724458,1679546724717
1679546724417,1679546724737
1679546724376,1679546724750
1679546724522,1679546724763
1679546724411,1679546724765
1679546724714,1679546724886
1679546724718,1679546724896
1679546724748,1679546724931
1679546724658,1679546724968
1679546724644,1679546724976
1679546724949,1679546725041
1679546724910,1679546725057
1679546724776,1679546725080
1679546724712,1679546725160
1679546725034,1679546725186
1679546724977,1679546725204
1679546724976,1679546725217
1679546724937,1679546725281
1679546725121,1679546725298
1679546725005,1679546725313
1679546725053,1679546725319
1679546724867,1679546725336
1679546725045,1679546725358
1679546724879,1679546725359
1679546725059,1679546725380
1679546725202,1679546725412
1679546725037,1679546725472
1679546725374,1679546725476
1679546725272,1679546725528
1679546725323,1679546725533
1679546725029,1679546725558
1679546725431,1679546725667
1679546725397,1679546725672
1679546725419,1679546725762
1679546725623,1679546725884
1679546725669,1679546725898
1679546725708,1679546725932
1679546725717,1679546725953
1679546725514,1679546726028
1679546725884,1679546726051
1679546725809,1679546726098
1679546725793,1679546726098
1679546725835,1679546726122
1679546725822,1679546726141
1679546726015,1679546726159
1679546725931,1679546726221
1679546726053,1679546726274
1679546726101,1679546726310
1679546726015,1679546726315
1679546725967,1679546726317
1679546726170,1679546726339
1679546726139,1679546726366
1679546726267,1679546726438
1679546726287,1679546726520
1679546726345,1679546726532
1679546726183,1679546726552
1679546726351,1679546726623
1679546726412,1679546726663
1679546726303,1679546726669
1679546726375,1679546726694
1679546726475,1679546726725
1679546726565,1679546726774
1679546726557,1679546726795
1679546726465,1679546726803
1679546726569,1679546726823
1679546726593,1679546726835
1679546726585,1679546726856
1679546726461,1679546726863
1679546726678,1679546726874
1679546726630,1679546726890
1679546726662,1679546726905
1679546726757,1679546726937
1679546726557,1679546726964
1679546726690,1679546726967
1679546726572,1679546726986
1679546726822,1679546726993
1679546726730,1679546727031
1679546726792,1679546727075
1679546726729,1679546727076
1679546726937,1679546727116
1679546726585,1679546727129
1679546726841,1679546727144
1679546726951,1679546727272
1679546726955,1679546727301
1679546727023,1679546727353
1679546726901,1679546727383
1679546726985,1679546727426
1679546727253,1679546727427
1679546726999,1679546727471
1679546727117,1679546727490
1679546727205,1679546727511
1679546727190,1679546727515
1679546726916,1679546727533
1679546727200,1679546727535
1679546727308,1679546727538
1679546727227,1679546727554
1679546727174,1679546727571
1679546727350,1679546727585
1679546727022,1679546727599
1679546727425,1679546727660
1679546727513,1679546727736
1679546727538,1679546727769
1679546727494,1679546727832
1679546727555,1679546727846
1679546727664,1679546727863
1679546727715,1679546727890
1679546727574,1679546727914
1679546727773,1679546727921
1679546727469,1679546728003
1679546727795,1679546728019
1679546727786,1679546728071
1679546727939,1679546728076
1679546727776,1679546728084
1679546727933,1679546728126
1679546727890,1679546728137
1679546727795,1679546728158
1679546727861,1679546728179
1679546727866,1679546728229
1679546728121,1679546728246
1679546728037,1679546728276
1679546728054,1679546728301
1679546728076,1679546728343
1679546728112,1679546728354
1679546728193,1679546728480
1679546728379,1679546728573
1679546728402,1679546728583
1679546728391,1679546728594
1679546728322,1679546728610
1679546728321,1679546728652
1679546728439,1679546728676
1679546728492,1679546728687
1679546728498,1679546728722
1679546728530,1679546728736
1679546728637,1679546728797
1679546728530,1679546728804
1679546728555,1679546728812
1679546728543,1679546728884
1679546728752,1679546728908
1679546728536,1679546728941
1679546728691,1679546728961
1679546728857,1679546729019
1679546728760,1679546729045
1679546728872,1679546729048
1679546728745,1679546729052
1679546728908,1679546729064
1679546728765,1679546729090
1679546728935,1679546729120
1679546728878,1679546729128
1679546728808,1679546729153
1679546728975,1679546729154
1679546728964,1679546729221
1679546728871,1679546729226
1679546728977,1679546729253
1679546728863,1679546729268
1679546729026,1679546729276
1679546729136,1679546729363
1679546729065,1679546729392
1679546729211,1679546729395
1679546728967,1679546729423
1679546729161,1679546729453
1679546729260,1679546729500
1679546729463,1679546729588
1679546729444,1679546729656
1679546729365,1679546729663
1679546729335,1679546729677
1679546729463,1679546729701
1679546729536,1679546729726
1679546729561,1679546729752
1679546729562,1679546729790
1679546729426,1679546729865
1679546729730,1679546729917
1679546729792,1679546729975
1679546729702,1679546729992
1679546729605,1679546730034
1679546729862,1679546730079
1679546729913,1679546730118
1679546729992,1679546730134
1679546729970,1679546730181
1679546729892,1679546730192
1679546730025,1679546730197
1679546730000,1679546730226
1679546730111,1679546730328
1679546730124,1679546730359
1679546730155,1679546730387
1679546730312,1679546730451
1679546730315,1679546730452
1679546730250,1679546730460
1679546730309,1679546730556
1679546730486,1679546730632
1679546730442,1679546730632
1679546730467,1679546730646
1679546730525,1679546730754
1679546730467,1679546730801
1679546730569,1679546730875
1679546730629,1679546730926
1679546730623,1679546730938
1679546730685,1679546730972
1679546730610,1679546730982
1679546730630,1679546731005
1679546730672,1679546731013
1679546730839,1679546731121
1679546730846,1679546731160
1679546730841,1679546731163
1679546730825,1679546731176
1679546730929,1679546731181
1679546731029,1679546731192
1679546730769,1679546731199
1679546730964,1679546731203
1679546730752,1679546731226
1679546730955,1679546731275
1679546731126,1679546731313
1679546730974,1679546731362
1679546731089,1679546731372
1679546730943,1679546731399
1679546731057,1679546731410
1679546731029,1679546731437
1679546731165,1679546731447
1679546731142,1679546731453
1679546731195,1679546731469
1679546731128,1679546731512
1679546731260,1679546731527
1679546731237,1679546731539
1679546731363,1679546731551
1679546731086,1679546731611
1679546731318,1679546731725
1679546731449,1679546731738
1679546731257,1679546731739
1679546731377,1679546731756
1679546731455,1679546731765
1679546731494,1679546731770
1679546731425,1679546731806
1679546731629,1679546731832
1679546731434,1679546731836
1679546731515,1679546731844
1679546731381,1679546731851
1679546731551,1679546731888
1679546731389,1679546731888
1679546731337,1679546731902
1679546731697,1679546731912
1679546731736,1679546731991
1679546731787,1679546732030
1679546731729,1679546732049
1679546731826,1679546732081
1679546731760,1679546732131
1679546732130,1679546732304
1679546731885,1679546732343
1679546732187,1679546732391
1679546731986,1679546732396
1679546732248,1679546732520
1679546732292,1679546732544
1679546732401,1679546732635
1679546732477,1679546732659
1679546732374,1679546732686
1679546732477,1679546732767
1679546732509,1679546732788
1679546732712,1679546732937
1679546732715,1679546732939
1679546732786,1679546732967
1679546732787,1679546733001
1679546732815,1679546733006
1679546732850,1679546733006
1679546732879,1679546733082
1679546732952,1679546733131
1679546732893,1679546733136
1679546732949,1679546733210
1679546732841,1679546733223
1679546733095,1679546733256
1679546732869,1679546733296
1679546733029,1679546733326
1679546733045,1679546733330
1679546733108,1679546733342
1679546733125,1679546733346
1679546733121,1679546733356
1679546733250,1679546733442
1679546733362,1679546733499
1679546733355,1679546733610
1679546733402,1679546733694
1679546733511,1679546733704
1679546733438,1679546733749
1679546733601,1679546733793
1679546733594,1679546733797
1679546733691,1679546733897
1679546733631,1679546733928
1679546733814,1679546733941
1679546733908,1679546734109
1679546733827,1679546734116
1679546733860,1679546734125
1679546733893,1679546734161
1679546733969,1679546734162
1679546733982,1679546734165
1679546733860,1679546734174
1679546734035,1679546734207
1679546733872,1679546734243
1679546734094,1679546734263
1679546733908,1679546734283
1679546733939,1679546734349
1679546734084,1679546734371
1679546734217,1679546734387
1679546734019,1679546734392
1679546734187,1679546734429
1679546734134,1679546734447
1679546734133,1679546734451
1679546734161,1679546734468
1679546734358,1679546734480
1679546734285,1679546734485
1679546734213,1679546734524
1679546734167,1679546734551
1679546734274,1679546734574
1679546734298,1679546734672
1679546734249,1679546734673
1679546734462,1679546734695
1679546734451,1679546734761
1679546734519,1679546734785
1679546734491,1679546734788
1679546734678,1679546734829
1679546734589,1679546734830
1679546734525,1679546734854
1679546734504,1679546734896
1679546734675,1679546734916
1679546734636,1679546734916
1679546734783,1679546734943
1679546734792,1679546734953
1679546734449,1679546734994
1679546734910,1679546735034
1679546734717,1679546735056
1679546734940,1679546735098
1679546734877,1679546735108
1679546734685,1679546735116
1679546735012,1679546735165
1679546734989,1679546735193
1679546735105,1679546735229
1679546734977,1679546735280
1679546734917,1679546735295
1679546734873,1679546735328
1679546735102,1679546735404
1679546735268,1679546735561
1679546735399,1679546735561
1679546735366,1679546735569
1679546735425,1679546735581
1679546735395,1679546735602
1679546735310,1679546735628
1679546735107,1679546735672
1679546735497,1679546735710
1679546735372,1679546735890
1679546735658,1679546735927
1679546735725,1679546735934
1679546735692,1679546735996
1679546735813,1679546735999
1679546735823,1679546736038
1679546735855,1679546736063
1679546735902,1679546736096
1679546735802,1679546736153
1679546735972,1679546736193
1679546735951,1679546736219
1679546736038,1679546736220
1679546736123,1679546736311
1679546736145,1679546736343
1679546736145,1679546736373
1679546736156,1679546736380
1679546736079,1679546736381
1679546736038,1679546736386
1679546736202,1679546736395
1679546736197,1679546736398
1679546736238,1679546736440
1679546736185,1679546736513
1679546736229,1679546736539
1679546736293,1679546736559
1679546736274,1679546736564
1679546736313,1679546736579
1679546736497,1679546736626
1679546736454,1679546736630
1679546736265,1679546736648
1679546736225,1679546736686
1679546736445,1679546736697
1679546736342,1679546736707
1679546736360,1679546736714
1679546736349,1679546736725
1679546736407,1679546736762
1679546736408,1679546736827
1679546736610,1679546736859
1679546736727,1679546736892
1679546736568,1679546736896
1679546736687,1679546736942
1679546736399,1679546736994
1679546736579,1679546736999
1679546736771,1679546737013
1679546736803,1679546737025
1679546736782,1679546737032
1679546736895,1679546737065
1679546736781,1679546737073
1679546736291,1679546737078
1679546736867,1679546737113
1679546736953,1679546737185
1679546736871,1679546737240
1679546736959,1679546737250
1679546736946,1679546737268
1679546737131,1679546737328
1679546737045,1679546737362
1679546737207,1679546737423
1679546737185,1679546737458
1679546737342,1679546737485
1679546737347,1679546737531
1679546737191,1679546737534
1679546737363,1679546737600
1679546737416,1679546737636
1679546737355,1679546737669
1679546737528,1679546737685
1679546737433,1679546737712
1679546737511,1679546737758
1679546737545,1679546737771
1679546737575,1679546737828
1679546737643,1679546737916
1679546737785,1679546737919
1679546737553,1679546737969
1679546737722,1679546737993
1679546737574,1679546738005
1679546737783,1679546738006
1679546737638,1679546738012
1679546737824,1679546738036
1679546737839,1679546738054
1679546737811,1679546738092
1679546737774,1679546738103
1679546738021,1679546738193
1679546737961,1679546738223
1679546738012,1679546738258
1679546738010,1679546738265
1679546738033,1679546738286
1679546738141,1679546738331
1679546737905,1679546738356
1679546738109,1679546738356
1679546738125,1679546738391
1679546738177,1679546738408
1679546738045,1679546738471
1679546738264,1679546738487
1679546738245,1679546738522
1679546738329,1679546738543
1679546738361,1679546738556
1679546738209,1679546738578
1679546738401,1679546738591
1679546738267,1679546738604
1679546738033,1679546738609
1679546738519,1679546738637
1679546738436,1679546738649
1679546738337,1679546738723
1679546738401,1679546738749
1679546738601,1679546738790
1679546738580,1679546738873
1679546738651,1679546738873
1679546738594,1679546738896
1679546738661,1679546738923
1679546738629,1679546738961
1679546738770,1679546739009
1679546738906,1679546739029
1679546738722,1679546739063
1679546738838,1679546739065
1679546738844,1679546739093
1679546738869,1679546739108
1679546738788,1679546739120
1679546738969,1679546739149
1679546738924,1679546739156
1679546739107,1679546739195
1679546738801,1679546739231
1679546739103,1679546739254
1679546739005,1679546739287
1679546738997,1679546739291
1679546739170,1679546739370
1679546739075,1679546739388
1679546739256,1679546739434
1679546739200,1679546739435
1679546739178,1679546739474
1679546739275,1679546739505
1679546739384,1679546739578
1679546739361,1679546739602
1679546739337,1679546739609
1679546739261,1679546739622
1679546739394,1679546739639
1679546739350,1679546739668
1679546739415,1679546739676
1679546739249,1679546739679
1679546739515,1679546739717
1679546739443,1679546739774
1679546739575,1679546739817
1679546739621,1679546739866
1679546739531,1679546739884
1679546739555,1679546739900
1679546739493,1679546739968
1679546739734,1679546739979
1679546739517,1679546739995
1679546739669,1679546740038
1679546739682,1679546740039
1679546739859,1679546740068
1679546739420,1679546740097
1679546739837,1679546740135
1679546739721,1679546740137
1679546739995,1679546740167
1679546739904,1679546740172
1679546739780,1679546740195
1679546739946,1679546740209
1679546739853,1679546740223
1679546740007,1679546740268
1679546740136,1679546740312
1679546740210,1679546740461
1679546740248,1679546740473
1679546740303,1679546740487
1679546740355,1679546740502
1679546740251,1679546740527
1679546739824,1679546740541
1679546740366,1679546740548
1679546740419,1679546740556
1679546740413,1679546740618
1679546740430,1679546740697
1679546740455,1679546740717
1679546740571,1679546740761
1679546740780,1679546740883
1679546740634,1679546740891
1679546740626,1679546740898
1679546740623,1679546740951
1679546740731,1679546740954
1679546740725,1679546740997
1679546740703,1679546740999
1679546740849,1679546741021
1679546740664,1679546741051
1679546740799,1679546741079
1679546740616,1679546741125
1679546740939,1679546741161
1679546740999,1679546741190
1679546740901,1679546741199
1679546741050,1679546741234
1679546741024,1679546741277
1679546741021,1679546741293
1679546741063,1679546741323
1679546741137,1679546741354
1679546741100,1679546741378
1679546741187,1679546741385
1679546741043,1679546741391
1679546741271,1679546741455
1679546740878,1679546741493
1679546741336,1679546741497
1679546741313,1679546741564
1679546741359,1679546741582
1679546741209,1679546741607
1679546741411,1679546741640
1679546741531,1679546741659
1679546741439,1679546741678
1679546741572,1679546741698
1679546741437,1679546741796
1679546741602,1679546741799
1679546741688,1679546741854
1679546741739,1679546741873
1679546741643,1679546741880
1679546741628,1679546741884
1679546741703,1679546741951
1679546741684,1679546741961
1679546741750,1679546742033
1679546741789,1679546742034
1679546741744,1679546742057
1679546741708,1679546742072
1679546741867,1679546742167
1679546741932,1679546742190
1679546741871,1679546742192
1679546741751,1679546742228
1679546742071,1679546742239
1679546741955,1679546742249
1679546742118,1679546742260
1679546742149,1679546742379
1679546742002,1679546742396
1679546742123,1679546742404
1679546742237,1679546742458
1679546742333,1679546742488
1679546742189,1679546742555
1679546742085,1679546742573
1679546742205,1679546742614
1679546742453,1679546742615
1679546742274,1679546742624
1679546742406,1679546742645
1679546742512,1679546742649
1679546742446,1679546742666
1679546742271,1679546742670
1679546742289,1679546742679
1679546742547,1679546742683
1679546742666,1679546742769
1679546742547,1679546742815
1679546742544,1679546742825
1679546742434,1679546742834
1679546742681,1679546742913
1679546742712,1679546742914
1679546742613,1679546742924
1679546742773,1679546742966
1679546742766,1679546743010
1679546742873,1679546743035
1679546742703,1679546743081
1679546742888,1679546743092
1679546742907,1679546743095
1679546742803,1679546743112
1679546742799,1679546743130
1679546742976,1679546743180
1679546742964,1679546743186
1679546743051,1679546743203
1679546742937,1679546743219
1679546743061,1679546743293
1679546743064,1679546743356
1679546743263,1679546743393
1679546743234,1679546743423
1679546743285,1679546743447
1679546743156,1679546743461
1679546743045,1679546743501
1679546743298,1679546743532
1679546743263,1679546743544
1679546743191,1679546743563
1679546743142,1679546743571
1679546743270,1679546743596
1679546743284,1679546743626
1679546743381,1679546743671
1679546743368,1679546743697
1679546743526,1679546743706
1679546743395,1679546743709
1679546743542,1679546743767
1679546743519,1679546743820
1679546743442,1679546743826
1679546743693,1679546743835
1679546743682,1679546743843
1679546743422,1679546743857
1679546743731,1679546743931
1679546743690,1679546743989
1679546743809,1679546744075
1679546743868,1679546744105
1679546743980,1679546744140
1679546744022,1679546744186
1679546744123,1679546744204
1679546743914,1679546744262
1679546744071,1679546744275
1679546743783,1679546744295
1679546743947,1679546744305
1679546744129,1679546744331
1679546744091,1679546744391
1679546744198,1679546744435
1679546744242,1679546744452
1679546744209,1679546744464
1679546744186,1679546744508
1679546744260,1679546744520
1679546744419,1679546744578
1679546744309,1679546744591
1679546744409,1679546744618
1679546744519,1679546744681
1679546744522,1679546744731
1679546744497,1679546744755
1679546744636,1679546744796
1679546744557,1679546744812
1679546744577,1679546744821
1679546744581,1679546744835
1679546744644,1679546744839
1679546744642,1679546744844
1679546744530,1679546744860
1679546744685,1679546744863
1679546744645,1679546744871
1679546744600,1679546744872
1679546744730,1679546744895
1679546744771,1679546744971
1679546744819,1679546745035
1679546744788,1679546745051
1679546744647,1679546745119
1679546744995,1679546745162
1679546744874,1679546745193
1679546744828,1679546745198
1679546744954,1679546745199
1679546745039,1679546745246
1679546745075,1679546745249
1679546745170,1679546745297
1679546744929,1679546745313
1679546745017,1679546745328
1679546745129,1679546745353
1679546745122,1679546745380
1679546745047,1679546745383
1679546745029,1679546745390
1679546745164,1679546745441
1679546745073,1679546745448
1679546745257,1679546745483
1679546745267,1679546745561
1679546745370,1679546745621
1679546745353,1679546745629
1679546745283,1679546745629
1679546745411,1679546745633
1679546745404,1679546745667
1679546745110,1679546745719
1679546745463,1679546745729
1679546745320,1679546745746
1679546745457,1679546745805
1679546745529,1679546745823
1679546745343,1679546745874
1679546745694,1679546745938
1679546745649,1679546745961
1679546745465,1679546745970
1679546745743,1679546745986
1679546745821,1679546745994
1679546745840,1679546746015
1679546745617,1679546746027
1679546745717,1679546746073
1679546745671,1679546746083
1679546745885,1679546746089
1679546745697,1679546746110
1679546745936,1679546746129
1679546745521,1679546746163
1679546746034,1679546746179
1679546745407,1679546746181
1679546746039,1679546746245
1679546746084,1679546746333
1679546746232,1679546746356
1679546746125,1679546746366
1679546746180,1679546746384
1679546746269,1679546746391
1679546746054,1679546746419
1679546746155,1679546746435
1679546746158,1679546746453
1679546746208,1679546746473
1679546746257,1679546746513
1679546746181,1679546746544
1679546746399,1679546746570
1679546746363,1679546746627
1679546746445,1679546746675
1679546746536,1679546746735
1679546746341,1679546746737
1679546746397,1679546746763
1679546746653,1679546746843
1679546746319,1679546746852
1679546746599,1679546746981
1679546746798,1679546746993
1679546746882,1679546747088
1679546746778,1679546747094
1679546746919,1679546747128
1679546746957,1679546747135
1679546746974,1679546747146
1679546747011,1679546747195
1679546747003,1679546747195
1679546747070,1679546747231
1679546746902,1679546747277
1679546747054,1679546747307
1679546747085,1679546747309
1679546747077,1679546747331
1679546747107,1679546747342
1679546747087,1679546747401
1679546747057,1679546747401
1679546747207,1679546747425
1679546747197,1679546747455
1679546747181,1679546747464
1679546747373,1679546747521
1679546747258,1679546747562
1679546747227,1679546747567
1679546747318,1679546747571
1679546747150,1679546747582
1679546747401,1679546747584
1679546747256,1679546747611
1679546747177,1679546747642
1679546747509,1679546747666
1679546747329,1679546747667
1679546747398,1679546747691
1679546747507,1679546747723
1679546747404,1679546747735
1679546747417,1679546747798
1679546747734,1679546747903
1679546747637,1679546747930
1679546747781,1679546747944
1679546747506,1679546747960
1679546747664,1679546747988
1679546747721,1679546747999
1679546747769,1679546748002
1679546747704,1679546748009
1679546747648,1679546748030
1679546747873,1679546748050
1679546747995,1679546748157
1679546747965,1679546748163
1679546747939,1679546748184
1679546748014,1679546748204
1679546747861,1679546748205
1679546747925,1679546748234
1679546748032,1679546748290
1679546748010,1679546748301
1679546747852,1679546748312
1679546748023,1679546748394
1679546748079,1679546748480
1679546748165,1679546748523
1679546748213,1679546748548
1679546748133,1679546748571
1679546748261,1679546748576
1679546748171,1679546748581
1679546748121,1679546748584
1679546748203,1679546748602
1679546748305,1679546748620
1679546748278,1679546748632
1679546748161,1679546748653
1679546748408,1679546748673
1679546748539,1679546748733
1679546748528,1679546748760
1679546748675,1679546748843
1679546748733,1679546748871
1679546748788,1679546748895
1679546748664,1679546748917
1679546748750,1679546749029
1679546748921,1679546749061
1679546748722,1679546749070
1679546748792,1679546749079
1679546748921,1679546749091
1679546748862,1679546749117
1679546748964,1679546749170
1679546748993,1679546749213
1679546749123,1679546749221
1679546749076,1679546749241
1679546749065,1679546749277
1679546749130,1679546749306
1679546748786,1679546749338
1679546749109,1679546749356
1679546749142,1679546749379
1679546749145,1679546749494
1679546749295,1679546749507
1679546749256,1679546749509
1679546749286,1679546749535
1679546749213,1679546749559
1679546749261,1679546749629
1679546749359,1679546749630
1679546749316,1679546749638
1679546749383,1679546749669
1679546749369,1679546749676
1679546749487,1679546749727
1679546749555,1679546749791
1679546749622,1679546749792
1679546749644,1679546749846
1679546749671,1679546749887
1679546749521,1679546749915
1679546749625,1679546749930
1679546749657,1679546749973
1679546749774,1679546749986
1679546749699,1679546749993
1679546749841,1679546750066
1679546749746,1679546750073
1679546749917,1679546750078
1679546749725,1679546750111
1679546749863,1679546750139
1679546749911,1679546750154
1679546749620,1679546750162
1679546749823,1679546750195
1679546749779,1679546750230
1679546750037,1679546750233
1679546749849,1679546750244
1679546750043,1679546750255
1679546750062,1679546750309
1679546750137,1679546750373
1679546750144,1679546750379
1679546750252,1679546750418
1679546750279,1679546750421
1679546750048,1679546750426
1679546750313,1679546750499
1679546750217,1679546750624
1679546750377,1679546750652
1679546750276,1679546750673
1679546750299,1679546750714
1679546750396,1679546750732
1679546750504,1679546750760
1679546750517,1679546750761
1679546750384,1679546750764
1679546750363,1679546750784
1679546750624,1679546750814
1679546750433,1679546750818
1679546750523,1679546750826
1679546750510,1679546750834
1679546750426,1679546750840
1679546750623,1679546750842
1679546750589,1679546750873
1679546750561,1679546750879
1679546750785,1679546750910
1679546750785,1679546750970
1679546750823,1679546751001
1679546750752,1679546751021
1679546750643,1679546751045
1679546750709,1679546751050
1679546750681,1679546751089
1679546750823,1679546751107
1679546750737,1679546751179
1679546750937,1679546751200
1679546750967,1679546751204
1679546751111,1679546751243
1679546751069,1679546751324
1679546751004,1679546751328
1679546751148,1679546751364
1679546751175,1679546751371
1679546751141,1679546751488
1679546751076,1679546751501
1679546751252,1679546751506
1679546750943,1679546751511
1679546751201,1679546751541
1679546751317,1679546751571
1679546751298,1679546751607
1679546751416,1679546751626
1679546751499,1679546751687
1679546751398,1679546751699
1679546751465,1679546751717
1679546751549,1679546751732
1679546751523,1679546751735
1679546751454,1679546751822
1679546751486,1679546751833
1679546751665,1679546751846
1679546751461,1679546751847
1679546751680,1679546751898
1679546751617,1679546751977
1679546751630,1679546752030
1679546751856,1679546752033
1679546751828,1679546752040
1679546751862,1679546752089
1679546751895,1679546752091
1679546751995,1679546752119
1679546751827,1679546752149
1679546752067,1679546752214
1679546752025,1679546752263
1679546751915,1679546752297
1679546752099,1679546752304
1679546752151,1679546752403
1679546752223,1679546752445
1679546752185,1679546752464
1679546752217,1679546752490
1679546752207,1679546752491
1679546752191,1679546752496
1679546752297,1679546752525
1679546752321,1679546752568
1679546752420,1679546752638
1679546752485,1679546752665
1679546752407,1679546752668
1679546752442,1679546752685
1679546752449,1679546752689
1679546752529,1679546752720
1679546752436,1679546752723
1679546752287,1679546752739
1679546752371,1679546752758
1679546752625,1679546752781
1679546752553,1679546752833
1679546752537,1679546752898
1679546752791,1679546752924
1679546752756,1679546753020
1679546752794,1679546753071
1679546752687,1679546753089
1679546752843,1679546753102
1679546752711,1679546753105
1679546752629,1679546753126
1679546752952,1679546753142
1679546752872,1679546753169
1679546752701,1679546753193
1679546753049,1679546753217
1679546752797,1679546753267
1679546752988,1679546753304
1679546752941,1679546753343
1679546752992,1679546753406
1679546753069,1679546753417
1679546753086,1679546753432
1679546752794,1679546753500
1679546753316,1679546753511
1679546753081,1679546753525
1679546753285,1679546753536
1679546753286,1679546753541
1679546753237,1679546753590
1679546753188,1679546753600
1679546753221,1679546753600
1679546753228,1679546753613
1679546753214,1679546753622
1679546753131,1679546753632
1679546753063,1679546753632
1679546753185,1679546753681
1679546753444,1679546753700
1679546753227,1679546753708
1679546753522,1679546753845
1679546753633,1679546753861
1679546753649,1679546753947
1679546753554,1679546753991
1679546753964,1679546754078
1679546753687,1679546754079
1679546754019,1679546754114
1679546753863,1679546754140
1679546753907,1679546754144
1679546754015,1679546754155
1679546753918,1679546754156
1679546753962,1679546754194
1679546754032,1679546754266
1679546754005,1679546754297
1679546754056,1679546754329
1679546754160,1679546754469
1679546754313,1679546754477
1679546754251,1679546754515
1679546754156,1679546754563
1679546754391,1679546754576
1679546754304,1679546754618
1679546754301,1679546754619
1679546754247,1679546754622
1679546754235,1679546754638
1679546754409,1679546754642
1679546754572,1679546754771
1679546754586,1679546754786
1679546754199,1679546754804
1679546754549,1679546754815
1679546754490,1679546754837
1679546754513,1679546754853
1679546754611,1679546754888
1679546754657,1679546754889
1679546754782,1679546754911
1679546754720,1679546754912
1679546754870,1679546754959
1679546754906,1679546755084
1679546754844,1679546755123
1679546754938,1679546755149
1679546754916,1679546755175
1679546754937,1679546755183
1679546754759,1679546755196
1679546754920,1679546755275
1679546754949,1679546755307
1679546755055,1679546755308
1679546755090,1679546755348
1679546755199,1679546755392
1679546755099,1679546755395
1679546755149,1679546755399
1679546755075,1679546755407
1679546755165,1679546755428
1679546755005,1679546755453
1679546755224,1679546755460
1679546755230,1679546755483
1679546755158,1679546755486
1679546755167,1679546755525
1679546755029,1679546755538
1679546755245,1679546755571
1679546755392,1679546755583
1679546755245,1679546755606
1679546755255,1679546755620
1679546755477,1679546755670
1679546755306,1679546755684
1679546755277,1679546755685
1679546755400,1679546755696
1679546755554,1679546755735
1679546755537,1679546755787
1679546755654,1679546755879
1679546755570,1679546755905
1679546755406,1679546755924
1679546755501,1679546755924
1679546755691,1679546755945
1679546755903,1679546756064
1679546755935,1679546756118
1679546755722,1679546756128
1679546755956,1679546756128
1679546756001,1679546756205
1679546755961,1679546756224
1679546755912,1679546756267
1679546755952,1679546756299
1679546756165,1679546756344
1679546755880,1679546756365
1679546756093,1679546756380
1679546756062,1679546756399
1679546756017,1679546756414
1679546756003,1679546756415
1679546756271,1679546756475
1679546756253,1679546756488
1679546756267,1679546756509
1679546756334,1679546756513
1679546756328,1679546756560
1679546756179,1679546756567
1679546756392,1679546756586
1679546756485,1679546756642
1679546756389,1679546756658
1679546756405,1679546756693
1679546756220,1679546756694
1679546756411,1679546756723
1679546756439,1679546756799
1679546756431,1679546756836
1679546756578,1679546756843
1679546756748,1679546756918
1679546756629,1679546756927
1679546756669,1679546756939
1679546756648,1679546756966
1679546756713,1679546756995
1679546756725,1679546757016
1679546756770,1679546757040
1679546756906,1679546757069
1679546756780,1679546757073
1679546756871,1679546757111
1679546756900,1679546757127
1679546756977,1679546757152
1679546756852,1679546757202
1679546756924,1679546757217
1679546756940,1679546757252
1679546756997,1679546757271
1679546756852,1679546757312
1679546756667,1679546757331
1679546757127,1679546757447
1679546757249,1679546757489
1679546757037,1679546757496
1679546757044,1679546757502
1679546756872,1679546757523
1679546757222,1679546757527
1679546757075,1679546757537
1679546757271,1679546757558
1679546757357,1679546757564
1679546756997,1679546757601
1679546757270,1679546757607
1679546757344,1679546757609
1679546757371,1679546757621
1679546757292,1679546757625
1679546757187,1679546757638
1679546757333,1679546757642
1679546757393,1679546757658
1679546757465,1679546757671
1679546757287,1679546757671
1679546757333,1679546757772
1679546757486,1679546757829
1679546757511,1679546757832
1679546757402,1679546757878
1679546757624,1679546757960
1679546757472,1679546757964
1679546757440,1679546757967
1679546757640,1679546757972
1679546757761,1679546758000
1679546757732,1679546758025
1679546757788,1679546758087
1679546757876,1679546758096
1679546757677,1679546758138
1679546758021,1679546758141
1679546757998,1679546758173
1679546758027,1679546758204
1679546758014,1679546758241
1679546758093,1679546758385
1679546758286,1679546758414
1679546758095,1679546758447
1679546758197,1679546758452
1679546758239,1679546758485
1679546758269,1679546758510
1679546758317,1679546758525
1679546758384,1679546758550
1679546758376,1679546758574
1679546758657,1679546758750
1679546758486,1679546758756
1679546758569,1679546758817
1679546758535,1679546758853
1679546758641,1679546758855
1679546758693,1679546758856
1679546758617,1679546758860
1679546758619,1679546758870
1679546758740,1679546758948
1679546758788,1679546758967
1679546758715,1679546759009
1679546758702,1679546759040
1679546758577,1679546759052
1679546758791,1679546759069
1679546758745,1679546759074
1679546758606,1679546759081
1679546758895,1679546759143
1679546758877,1679546759151
1679546758937,1679546759187
1679546758921,1679546759209
1679546759016,1679546759220
1679546758908,1679546759228
1679546759108,1679546759290
1679546758940,1679546759336
1679546759137,1679546759372
1679546759045,1679546759405
1679546759061,1679546759410
1679546759237,1679546759429
1679546759176,1679546759484
1679546759118,1679546759485
1679546759190,1679546759508
1679546759225,1679546759522
1679546759246,1679546759548
1679546759395,1679546759596
1679546759135,1679546759609
1679546759390,1679546759617
1679546759106,1679546759625
1679546759441,1679546759642
1679546759374,1679546759643
1679546759419,1679546759758
1679546759548,1679546759799
1679546759284,1679546759802
1679546759443,1679546759810
1679546759342,1679546759826
1679546759624,1679546759849
1679546759678,1679546759889
1679546759718,1679546759917
1679546759765,1679546759974
1679546759756,1679546759980
1679546759726,1679546759981
1679546759853,1679546760033
1679546759777,1679546760066
1679546759721,1679546760121
1679546759937,1679546760162
1679546759941,1679546760169
1679546759786,1679546760175
1679546759811,1679546760198
1679546760100,1679546760246
1679546760022,1679546760270
1679546760163,1679546760359
1679546760049,1679546760363
1679546760246,1679546760380
1679546760177,1679546760392
1679546760240,1679546760403
1679546760339,1679546760517
1679546760298,1679546760521
1679546760305,1679546760564
1679546760252,1679546760600
1679546760357,1679546760624
1679546760269,1679546760628
1679546760402,1679546760654
1679546760476,1679546760700
1679546760507,1679546760703
1679546760492,1679546760705
1679546760369,1679546760718
1679546760362,1679546760744
1679546760499,1679546760751
1679546760596,1679546760760
1679546760644,1679546760793
1679546760742,1679546760990
1679546760633,1679546761013
1679546760881,1679546761040
1679546760871,1679546761045
1679546760721,1679546761046
1679546760725,1679546761080
1679546760857,1679546761095
1679546760788,1679546761113
1679546760832,1679546761113
1679546760955,1679546761160
1679546760926,1679546761175
1679546760937,1679546761210
1679546760993,1679546761240
1679546761093,1679546761285
1679546761145,1679546761305
1679546761057,1679546761311
1679546761086,1679546761329
1679546761129,1679546761373
1679546761211,1679546761411
1679546761209,1679546761442
1679546761247,1679546761510
1679546761381,1679546761529
1679546761232,1679546761533
1679546761382,1679546761593
1679546761289,1679546761600
1679546761224,1679546761605
1679546761474,1679546761624
1679546761286,1679546761629
1679546761052,1679546761639
1679546761410,1679546761688
1679546761490,1679546761722
1679546761514,1679546761788
1679546761404,1679546761814
1679546761401,1679546761867
1679546761573,1679546761876
1679546761585,1679546761956
1679546761775,1679546761970
1679546761752,1679546761971
1679546761562,1679546761974
1679546761794,1679546762018
1679546761699,1679546762022
1679546761766,1679546762044
1679546761849,1679546762049
1679546761922,1679546762131
1679546762024,1679546762198
1679546761877,1679546762218
1679546762011,1679546762223
1679546761897,1679546762247
1679546762049,1679546762254
1679546761917,1679546762347
1679546762230,1679546762357
1679546762060,1679546762366
1679546762026,1679546762381
1679546761895,1679546762393
1679546761921,1679546762404
1679546762002,1679546762408
1679546762103,1679546762426
1679546761969,1679546762433
1679546761922,1679546762434
1679546761947,1679546762444
1679546762299,1679546762511
1679546762253,1679546762549
1679546762256,1679546762568
1679546762483,1679546762616
1679546762358,1679546762616
1679546762093,1679546762623
1679546762390,1679546762710
1679546762507,1679546762780
1679546762255,1679546762785
1679546762540,1679546762813
1679546762486,1679546762825
1679546762492,1679546762830
1679546762727,1679546762878
1679546762660,1679546762889
1679546762748,1679546762895
1679546762590,1679546762911
1679546762662,1679546762981
1679546762723,1679546763020
1679546762777,1679546763035
1679546762790,1679546763036
1679546762670,1679546763040
1679546762913,1679546763124
1679546762953,1679546763127
1679546763089,1679546763236
1679546762986,1679546763284
1679546762870,1679546763292
1679546763133,1679546763324
1679546763104,1679546763347
1679546763097,1679546763406
1679546763239,1679546763421
1679546763126,1679546763449
1679546763201,1679546763512
1679546763347,1679546763518
1679546763419,1679546763550
1679546763247,1679546763586
1679546763364,1679546763589
1679546763298,1679546763593
1679546763464,1679546763631
1679546763293,1679546763660
1679546763487,1679546763667
1679546763514,1679546763691
1679546763420,1679546763694
1679546763633,1679546763809
1679546763586,1679546763818
1679546763441,1679546763852
1679546763418,1679546763863
1679546763536,1679546763893
1679546763669,1679546763906
1679546763712,1679546763912
1679546763593,1679546763930
1679546763741,1679546763936
1679546763735,1679546763985
1679546763831,1679546763998
1679546763716,1679546764013
1679546763787,1679546764022
1679546763764,1679546764039
1679546763689,1679546764082
1679546763768,1679546764089
1679546763867,1679546764141
1679546763875,1679546764208
1679546763843,1679546764231
1679546763992,1679546764273
1679546764151,1679546764342
1679546764128,1679546764353
1679546763808,1679546764359
1679546763989,1679546764365
1679546764020,1679546764388
1679546763872,1679546764406
1679546764011,1679546764410
1679546764053,1679546764428
1679546764120,1679546764485
1679546764155,1679546764487
1679546764068,1679546764492
1679546763875,1679546764512
1679546764339,1679546764536
1679546764251,1679546764542
1679546764320,1679546764552
1679546764297,1679546764560
1679546764424,1679546764683
1679546764466,1679546764734
1679546764456,1679546764736
1679546764376,1679546764746
1679546764264,1679546764754
1679546764361,1679546764778
1679546764426,1679546764792
1679546764626,1679546764856
1679546764715,1679546764871
1679546764620,1679546764894
1679546764561,1679546764912
1679546764713,1679546764951
1679546764753,1679546764954
1679546764761,1679546764996
1679546764846,1679546765019
1679546764895,1679546765077
1679546764819,1679546765118
1679546764975,1679546765144
1679546765003,1679546765224
1679546765050,1679546765235
1679546765091,1679546765376
1679546765220,1679546765403
1679546765133,1679546765411
1679546765189,1679546765427
1679546765183,1679546765440
1679546765209,1679546765530
1679546765422,1679546765591
1679546765422,1679546765631
1679546765500,1679546765760
1679546765572,1679546765779
1679546765557,1679546765795
1679546765581,1679546765861
1679546765658,1679546765873
1679546765644,1679546765909
1679546765657,1679546765924
1679546765713,1679546765929
1679546765747,1679546765950
1679546765769,1679546765957
1679546765720,1679546765980
1679546765725,1679546765997
1679546765813,1679546766040
1679546765786,1679546766136
1679546765822,1679546766158
1679546765817,1679546766168
1679546765882,1679546766172
1679546765900,1679546766226
1679546766035,1679546766257
1679546766056,1679546766263
1679546766085,1679546766275
1679546765911,1679546766291
1679546766193,1679546766315
1679546766067,1679546766357
1679546766120,1679546766402
1679546766246,1679546766414
1679546766208,1679546766533
1679546766272,1679546766541
1679546766405,1679546766579
1679546766443,1679546766605
1679546766432,1679546766608
1679546766378,1679546766666
1679546766353,1679546766735
1679546766520,1679546766756
1679546766463,1679546766760
1679546766625,1679546766784
1679546766485,1679546766831
1679546766582,1679546766876
1679546766411,1679546766877
1679546766619,1679546766899
1679546766704,1679546766901
1679546766657,1679546766919
1679546766466,1679546766937
1679546766663,1679546766994
1679546766888,1679546767051
1679546766871,1679546767083
1679546766967,1679546767142
1679546766852,1679546767148
1679546766905,1679546767150
1679546766825,1679546767187
1679546766880,1679546767188
1679546766932,1679546767240
1679546767033,1679546767246
1679546766918,1679546767248
1679546766979,1679546767263
1679546767034,1679546767268
1679546766891,1679546767291
1679546767138,1679546767329
1679546767097,1679546767344
1679546767020,1679546767353
1679546767111,1679546767426
1679546767253,1679546767427
1679546767035,1679546767438
1679546767083,1679546767463
1679546767193,1679546767480
1679546767161,1679546767500
1679546767353,1679546767538
1679546767404,1679546767573
1679546767336,1679546767583
1679546766932,1679546767586
1679546767387,1679546767591
1679546767289,1679546767620
1679546767280,1679546767643
1679546767465,1679546767699
1679546767415,1679546767707
1679546767467,1679546767741
1679546767448,1679546767761
1679546767442,1679546767763
1679546767456,1679546767794
1679546767435,1679546767836
1679546767319,1679546767837
1679546767507,1679546767874
1679546767673,1679546767905
1679546767545,1679546767908
1679546767637,1679546767941
1679546767780,1679546767973
1679546767532,1679546767993
1679546767888,1679546768062
1679546767809,1679546768078
1679546767801,1679546768133
1679546767885,1679546768135
1679546767809,1679546768192
1679546767879,1679546768220
1679546767961,1679546768222
1679546768076,1679546768291
1679546767977,1679546768311
1679546767936,1679546768337
1679546768103,1679546768354
1679546768227,1679546768357
1679546768094,1679546768378
1679546768189,1679546768379
1679546768207,1679546768384
1679546768215,1679546768468
1679546768240,1679546768482
1679546768300,1679546768555
1679546768346,1679546768604
1679546768128,1679546768608
1679546768417,1679546768655
1679546768576,1679546768803
1679546768572,1679546768861
1679546768710,1679546768890
1679546768485,1679546768921
1679546768745,1679546768939
1679546768733,1679546768953
1679546768871,1679546769014
1679546768740,1679546769082
1679546768939,1679546769095
1679546768825,1679546769095
1679546768848,1679546769127
1679546768846,1679546769219
1679546768788,1679546769314
1679546769031,1679546769334
1679546768962,1679546769343
1679546769038,1679546769347
1679546768909,1679546769384
1679546769069,1679546769391
1679546769095,1679546769415
1679546769119,1679546769416
1679546769210,1679546769468
1679546769321,1679546769474
1679546769140,1679546769487
1679546769088,1679546769522
1679546769255,1679546769530
1679546769362,1679546769554
1679546769261,1679546769571
1679546769301,1679546769585
1679546769236,1679546769587
1679546769076,1679546769595
1679546769253,1679546769625
1679546769153,1679546769641
1679546769435,1679546769680
1679546769460,1679546769788
1679546769511,1679546769790
1679546769448,1679546769817
1679546769614,1679546769831
1679546769634,1679546769862
1679546769648,1679546769875
1679546769640,1679546769892
1679546769411,1679546769953
1679546769515,1679546769966
1679546769571,1679546769974
1679546769686,1679546770027
1679546769763,1679546770048
1679546769651,1679546770049
1679546769776,1679546770061
1679546769742,1679546770097
1679546769901,1679546770107
1679546769924,1679546770119
1679546769921,1679546770142
1679546769829,1679546770147
1679546769819,1679546770169
1679546769701,1679546770180
1679546769923,1679546770206
1679546770020,1679546770305
1679546770094,1679546770306
1679546770138,1679546770308
1679546770110,1679546770341
1679546770213,1679546770358
1679546770181,1679546770376
1679546770096,1679546770430
1679546770093,1679546770439
1679546770188,1679546770441
1679546770049,1679546770470
1679546770176,1679546770487
1679546770123,1679546770504
1679546770233,1679546770510
1679546770137,1679546770596
1679546770185,1679546770641
1679546770404,1679546770682
1679546770233,1679546770698
1679546770415,1679546770758
1679546770673,1679546770831
1679546770266,1679546770832
1679546770489,1679546770862
1679546770351,1679546770869
1679546770704,1679546770879
1679546770467,1679546770926
1679546770608,1679546770935
1679546770688,1679546770971
1679546770717,1679546770971
1679546770707,1679546771027
1679546770791,1679546771040
1679546770672,1679546771078
1679546770769,1679546771081
1679546770445,1679546771126
1679546770993,1679546771150
1679546771014,1679546771288
1679546771194,1679546771323
1679546771170,1679546771387
1679546771215,1679546771394
1679546771093,1679546771439
1679546771299,1679546771471
1679546771247,1679546771481
1679546771454,1679546771569
1679546771205,1679546771626
1679546771280,1679546771627
1679546771479,1679546771641
1679546771335,1679546771645
1679546771497,1679546771669
1679546771389,1679546771684
1679546771590,1679546771743
1679546771562,1679546771768
1679546771674,1679546771833
1679546771718,1679546771889
1679546771635,1679546771911
1679546771729,1679546771925
1679546771796,1679546771950
1679546771801,1679546771971
1679546771865,1679546772007
1679546771862,1679546772033
1679546771725,1679546772055
1679546771917,1679546772060
1679546771714,1679546772077
1679546771684,1679546772108
1679546771969,1679546772119
1679546771981,1679546772149
1679546771971,1679546772229
1679546772114,1679546772280
1679546772150,1679546772341
1679546772194,1679546772360
1679546772089,1679546772424
1679546772165,1679546772433
1679546772243,1679546772479
1679546772167,1679546772533
1679546772242,1679546772560
1679546772267,1679546772573
1679546772383,1679546772630
1679546772440,1679546772666
1679546772308,1679546772695
1679546772437,1679546772696
1679546772495,1679546772698
1679546772573,1679546772698
1679546772532,1679546772736
1679546772382,1679546772793
1679546772458,1679546772795
1679546772389,1679546772800
1679546772613,1679546772801
1679546772596,1679546772810
1679546772375,1679546772830
1679546772515,1679546772847
1679546772568,1679546772847
1679546772409,1679546772877
1679546772539,1679546772939
1679546772733,1679546772997
1679546772707,1679546773040
1679546772763,1679546773088
1679546772752,1679546773122
1679546772875,1679546773155
1679546772720,1679546773158
1679546772949,1679546773201
1679546772932,1679546773227
1679546773061,1679546773230
1679546773086,1679546773257
1679546772970,1679546773284
1679546773082,1679546773338
1679546772773,1679546773343
1679546772855,1679546773351
1679546772701,1679546773371
1679546772917,1679546773402
1679546773007,1679546773408
1679546773103,1679546773422
1679546773101,1679546773428
1679546773056,1679546773450
1679546772961,1679546773451
1679546773188,1679546773472
1679546772906,1679546773502
1679546773266,1679546773533
1679546773041,1679546773552
1679546773302,1679546773596
1679546773026,1679546773696
1679546772916,1679546773696
1679546773247,1679546773732
1679546773549,1679546773740
1679546773330,1679546773752
1679546773474,1679546773779
1679546773424,1679546773845
1679546773636,1679546773887
1679546773727,1679546773940
1679546773484,1679546773941
1679546773799,1679546774046
1679546773875,1679546774056
1679546773846,1679546774124
1679546773854,1679546774134
1679546773889,1679546774135
1679546773934,1679546774151
1679546773874,1679546774189
1679546773949,1679546774207
1679546773887,1679546774214
1679546773911,1679546774220
1679546773832,1679546774264
1679546774025,1679546774274
1679546774076,1679546774329
1679546773971,1679546774361
1679546773942,1679546774387
1679546774268,1679546774465
1679546774038,1679546774465
1679546774280,1679546774508
1679546774398,1679546774508
1679546774214,1679546774577
1679546774367,1679546774612
1679546774329,1679546774616
1679546774397,1679546774631
1679546774413,1679546774653
1679546774345,1679546774685
1679546774401,1679546774708
1679546774509,1679546774734
1679546774605,1679546774791
1679546774636,1679546774792
1679546774572,1679546774793
1679546774636,1679546774825
1679546774681,1679546774865
1679546774603,1679546774876
1679546774747,1679546774896
1679546774752,1679546774934
1679546774553,1679546775000
1679546774733,1679546775018
1679546774866,1679546775070
1679546774824,1679546775113
1679546775072,1679546775203
1679546775010,1679546775211
1679546775010,1679546775278
1679546774829,1679546775287
1679546775084,1679546775299
1679546775112,1679546775327
1679546775182,1679546775466
1679546775345,1679546775503
1679546775190,1679546775505
1679546775274,1679546775506
1679546775288,1679546775544
1679546775322,1679546775545
1679546775443,1679546775597
1679546775389,1679546775607
1679546775428,1679546775613
1679546775526,1679546775704
1679546775440,1679546775773
1679546775510,1679546775784
1679546775605,1679546775794
1679546775600,1679546775838
1679546775599,1679546775845
1679546775597,1679546775888
1679546775699,1679546775898
1679546775747,1679546775925
1679546775669,1679546775926
1679546775607,1679546775955
1679546775651,1679546775984
1679546775690,1679546775999
1679546775628,1679546776049
1679546775923,1679546776088
1679546775848,1679546776134
1679546775940,1679546776167
1679546776025,1679546776185
1679546775857,1679546776220
1679546776181,1679546776324
1679546775917,1679546776355
1679546776075,1679546776356
1679546775955,1679546776373
1679546776094,1679546776384
1679546776163,1679546776384
1679546776198,1679546776409
1679546776078,1679546776418
1679546776271,1679546776454
1679546776311,1679546776473
1679546776335,1679546776490
1679546776159,1679546776521
1679546776271,1679546776526
1679546776025,1679546776530
1679546776335,1679546776530
1679546776363,1679546776583
1679546776275,1679546776626
1679546776495,1679546776680
1679546776486,1679546776683
1679546776289,1679546776736
1679546776445,1679546776737
1679546776619,1679546776742
1679546776542,1679546776756
1679546776617,1679546776776
1679546776539,1679546776797
1679546776661,1679546776871
1679546776620,1679546776946
1679546776692,1679546776978
1679546776655,1679546776996
1679546776774,1679546777042
1679546776732,1679546777051
1679546776916,1679546777064
1679546776891,1679546777081
1679546776767,1679546777119
1679546776825,1679546777189
1679546776903,1679546777209
1679546777009,1679546777214
1679546776925,1679546777268
1679546777069,1679546777285
1679546777046,1679546777320
1679546777181,1679546777361
1679546777150,1679546777437
1679546777133,1679546777545
1679546777525,1679546777616
1679546777364,1679546777626
1679546777170,1679546777665
1679546777275,1679546777676
1679546777541,1679546777700
1679546777400,1679546777711
1679546777475,1679546777716
1679546777529,1679546777736
1679546777345,1679546777741
1679546777353,1679546777785
1679546777399,1679546777806
1679546777341,1679546777812
1679546777594,1679546777825
1679546777532,1679546777832
1679546777533,1679546777841
1679546777594,1679546777872
1679546777683,1679546777901
1679546777409,1679546777909
1679546777635,1679546777920
1679546777558,1679546777923
1679546777449,1679546777943
1679546777537,1679546777989
1679546777693,1679546778002
1679546777517,1679546778077
1679546777307,1679546778092
1679546777764,1679546778109
1679546777764,1679546778152
1679546777733,1679546778176
1679546777666,1679546778180
1679546777878,1679546778211
1679546777978,1679546778219
1679546777814,1679546778236
1679546777890,1679546778240
1679546777785,1679546778277
1679546778030,1679546778349
1679546778030,1679546778352
1679546778189,1679546778431
1679546778002,1679546778438
1679546778031,1679546778455
1679546778117,1679546778459
1679546778231,1679546778548
1679546777994,1679546778551
1679546778421,1679546778554
1679546778315,1679546778592
1679546778062,1679546778598
1679546778273,1679546778617
1679546778413,1679546778690
1679546778434,1679546778695
1679546778526,1679546778739
1679546778612,1679546778743
1679546778374,1679546778760
1679546778402,1679546778765
1679546778319,1679546778775
1679546778577,1679546778795
1679546778308,1679546778800
1679546778532,1679546778817
1679546778710,1679546778860
1679546778751,1679546778925
1679546778750,1679546778926
1679546778651,1679546779004
1679546778630,1679546779020
1679546778823,1679546779028
1679546778870,1679546779031
1679546778783,1679546779055
1679546778885,1679546779116
1679546778845,1679546779116
1679546778943,1679546779165
1679546778798,1679546779237
1679546779070,1679546779262
1679546778942,1679546779278
1679546778953,1679546779290
1679546779157,1679546779323
1679546778813,1679546779360
1679546779033,1679546779369
1679546778967,1679546779380
1679546779151,1679546779393
1679546779129,1679546779428
1679546779427,1679546779560
1679546779343,1679546779606
1679546779336,1679546779618
1679546779169,1679546779622
1679546779293,1679546779666
1679546779260,1679546779667
1679546779449,1679546779672
1679546779518,1679546779773
1679546779470,1679546779801
1679546779420,1679546779813
1679546779525,1679546779820
1679546779556,1679546779831
1679546779671,1679546779845
1679546779555,1679546779848
1679546779595,1679546779852
1679546779769,1679546779974
1679546779585,1679546779995
1679546779618,1679546780074
1679546779843,1679546780082
1679546779911,1679546780088
1679546780033,1679546780159
1679546780001,1679546780182
1679546780028,1679546780255
1679546780025,1679546780267
1679546780113,1679546780289
1679546780064,1679546780305
1679546780173,1679546780371
1679546779943,1679546780388
1679546780112,1679546780412
1679546780217,1679546780420
1679546780274,1679546780422
1679546780160,1679546780453
1679546780307,1679546780537
1679546780337,1679546780565
1679546780480,1679546780616
1679546780397,1679546780618
1679546780476,1679546780704
1679546780445,1679546780708
1679546780651,1679546780837
1679546780557,1679546780857
1679546780599,1679546780898
1679546780738,1679546780929
1679546780700,1679546780972
1679546780814,1679546780972
1679546780820,1679546780975
1679546780741,1679546780998
1679546780800,1679546781041
1679546780868,1679546781047
1679546780917,1679546781075
1679546780839,1679546781086
1679546780912,1679546781087
1679546780837,1679546781107
1679546780873,1679546781116
1679546780910,1679546781159
1679546780654,1679546781170
1679546780911,1679546781174
1679546780900,1679546781174
1679546781069,1679546781219
1679546781084,1679546781351
1679546781164,1679546781351
1679546780953,1679546781367
1679546781198,1679546781410
1679546781265,1679546781416
1679546781010,1679546781454
1679546781242,1679546781455
1679546781237,1679546781459
1679546781161,1679546781464
1679546781280,1679546781489
1679546781382,1679546781504
1679546781317,1679546781555
1679546781350,1679546781599
1679546781468,1679546781628
1679546781459,1679546781733
1679546781534,1679546781784
1679546781553,1679546781790
1679546781405,1679546781827
1679546781670,1679546781827
1679546781684,1679546781872
1679546781726,1679546781917
1679546781625,1679546781920
1679546781783,1679546781989
1679546781809,1679546782070
1679546781857,1679546782088
1679546781986,1679546782111
1679546781869,1679546782142
1679546782019,1679546782151
1679546781929,1679546782154
1679546782011,1679546782196
1679546781937,1679546782217
1679546781994,1679546782245
1679546782049,1679546782247
1679546782147,1679546782310
1679546782194,1679546782355
1679546782131,1679546782372
1679546782235,1679546782378
1679546782078,1679546782479
1679546782355,1679546782622
1679546782402,1679546782627
1679546782435,1679546782662
1679546782551,1679546782713
1679546782541,1679546782715
1679546782553,1679546782726
1679546782456,1679546782755
1679546782586,1679546782757
1679546782485,1679546782766
1679546782544,1679546782788
1679546782580,1679546782839
1679546782490,1679546782839
1679546782683,1679546782867
1679546782635,1679546782880
1679546782483,1679546782883
1679546782747,1679546782921
1679546782575,1679546782967
1679546782599,1679546782968
1679546782781,1679546783013
1679546782727,1679546783020
1679546782913,1679546783051
1679546782679,1679546783053
1679546782840,1679546783065
1679546782894,1679546783151
1679546782937,1679546783170
1679546783002,1679546783276
1679546783013,1679546783288
1679546783109,1679546783362
1679546783199,1679546783374
1679546783161,1679546783382
1679546783011,1679546783437
1679546783106,1679546783444
1679546783025,1679546783453
1679546783093,1679546783489
1679546783097,1679546783516
1679546783225,1679546783530
1679546783183,1679546783537
1679546783216,1679546783537
1679546783320,1679546783583
1679546783055,1679546783612
1679546783328,1679546783629
1679546783331,1679546783630
1679546783263,1679546783650
1679546783480,1679546783779
1679546783497,1679546783826
1679546783674,1679546783856
1679546783661,1679546783870
1679546783576,1679546783920
1679546783669,1679546783930
1679546783525,1679546783936
1679546783522,1679546783939
1679546783628,1679546783941
1679546783671,1679546783962
1679546783643,1679546783969
1679546783757,1679546783973
1679546783715,1679546784003
1679546783721,1679546784021
1679546783948,1679546784169
1679546783944,1679546784180
1679546783868,1679546784199
1679546783910,1679546784201
1679546783888,1679546784201
1679546784082,1679546784210
1679546783978,1679546784261
1679546784042,1679546784323
1679546784153,1679546784332
1679546784125,1679546784371
1679546784186,1679546784398
1679546784012,1679546784406
1679546784181,1679546784431
1679546784126,1679546784436
1679546784025,1679546784456
1679546784177,1679546784502
1679546784348,1679546784508
1679546784143,1679546784551
1679546784148,1679546784591
1679546784401,1679546784617
1679546784161,1679546784625
1679546784278,1679546784631
1679546784302,1679546784684
1679546784539,1679546784705
1679546784327,1679546784732
1679546784529,1679546784735
1679546784553,1679546784757
1679546784303,1679546784757
1679546784510,1679546784760
1679546784545,1679546784785
1679546784231,1679546784785
1679546784508,1679546784790
1679546784584,1679546784828
1679546784586,1679546784849
1679546784759,1679546785006
1679546784755,1679546785007
1679546784703,1679546785018
1679546784605,1679546785027
1679546784624,1679546785043
1679546784847,1679546785045
1679546784677,1679546785050
1679546784724,1679546785081
1679546784809,1679546785085
1679546784789,1679546785120
1679546784741,1679546785178
1679546784755,1679546785178
1679546784907,1679546785180
1679546784531,1679546785182
1679546784707,1679546785227
1679546784903,1679546785252
1679546785169,1679546785296
1679546785039,1679546785389
1679546785064,1679546785409
1679546785052,1679546785419
1679546785216,1679546785436
1679546785090,1679546785440
1679546785339,1679546785475
1679546785235,1679546785622
1679546785301,1679546785633
1679546785327,1679546785637
1679546785466,1679546785681
1679546785494,1679546785759
1679546785455,1679546785810
1679546785570,1679546785815
1679546785618,1679546785827
1679546785451,1679546785839
1679546785532,1679546785880
1679546785555,1679546785890
1679546785536,1679546785936
1679546785829,1679546785983
1679546785814,1679546786008
1679546785727,1679546786046
1679546785772,1679546786053
1679546785774,1679546786075
1679546785859,1679546786094
1679546785908,1679546786177
1679546785669,1679546786207
1679546786020,1679546786218
1679546785929,1679546786234
1679546786137,1679546786250
1679546785880,1679546786263
1679546786112,1679546786286
1679546786053,1679546786316
1679546786148,1679546786332
1679546786197,1679546786341
1679546786073,1679546786355
1679546786196,1679546786380
1679546786144,1679546786400
1679546786272,1679546786452
1679546786169,1679546786468
1679546786150,1679546786474
1679546786270,1679546786493
1679546786445,1679546786571
1679546786490,1679546786646
1679546786271,1679546786655
1679546786613,1679546786753
1679546786362,1679546786774
1679546786540,1679546786904
1679546786661,1679546786930
1679546786684,1679546786951
1679546786609,1679546787002
1679546786627,1679546787010
1679546786830,1679546787028
1679546786783,1679546787033
1679546786808,1679546787083
1679546786919,1679546787099
1679546786915,1679546787106
1679546786539,1679546787112
1679546786883,1679546787132
1679546787051,1679546787226
1679546787092,1679546787303
1679546787119,1679546787385
1679546787013,1679546787418
1679546787127,1679546787448
1679546787080,1679546787456
1679546787300,1679546787507
1679546787374,1679546787574
1679546787333,1679546787590
1679546787157,1679546787602
1679546787193,1679546787609
1679546787482,1679546787609
1679546787386,1679546787634
1679546787500,1679546787664
1679546787397,1679546787671
1679546787498,1679546787775
1679546787329,1679546787820
1679546787543,1679546787847
1679546787594,1679546787870
1679546787673,1679546787872
1679546787603,1679546787894
1679546787477,1679546787922
1679546787681,1679546787959
1679546787843,1679546788019
1679546787865,1679546788054
1679546787691,1679546788066
1679546787649,1679546788088
1679546787595,1679546788089
1679546787857,1679546788111
1679546787798,1679546788137
1679546787943,1679546788156
1679546787690,1679546788158
1679546787929,1679546788250
1679546787789,1679546788283
1679546788009,1679546788329
1679546788100,1679546788330
1679546788117,1679546788330
1679546788105,1679546788345
1679546788077,1679546788345
1679546788141,1679546788394
1679546788188,1679546788394
1679546788182,1679546788398
1679546788161,1679546788399
1679546787829,1679546788407
1679546787951,1679546788439
1679546788289,1679546788507
1679546788292,1679546788510
1679546788345,1679546788538
1679546788312,1679546788546
1679546788370,1679546788599
1679546788333,1679546788645
1679546788475,1679546788693
1679546788473,1679546788720
1679546788501,1679546788731
1679546788549,1679546788762
1679546788590,1679546788815
1679546788466,1679546788834
1679546788537,1679546788851
1679546788499,1679546788872
1679546788553,1679546788900
1679546788600,1679546788906
1679546788628,1679546788913
1679546788725,1679546788938
1679546788785,1679546788983
1679546788765,1679546789004
1679546788661,1679546789012
1679546788873,1679546789025
1679546788789,1679546789026
1679546788804,1679546789040
1679546788895,1679546789041
1679546788936,1679546789133
1679546788872,1679546789169
1679546788793,1679546789213
1679546789029,1679546789218
1679546789074,1679546789343
1679546788996,1679546789371
1679546789070,1679546789373
1679546789260,1679546789453
1679546789250,1679546789461
1679546789221,1679546789510
1679546789244,1679546789521
1679546789343,1679546789531
1679546789201,1679546789538
1679546789227,1679546789563
1679546789277,1679546789585
1679546789300,1679546789608
1679546789340,1679546789620
1679546789418,1679546789657
1679546789474,1679546789686
1679546789389,1679546789699
1679546789513,1679546789715
1679546789573,1679546789727
1679546789564,1679546789793
1679546789645,1679546789824
1679546789653,1679546789843
1679546789570,1679546789872
1679546789655,1679546789922
1679546789708,1679546789942
1679546789514,1679546790026
1679546789705,1679546790076
1679546789904,1679546790133
1679546789800,1679546790145
1679546789869,1679546790177
1679546790000,1679546790185
1679546789812,1679546790196
1679546789972,1679546790223
1679546789925,1679546790226
1679546790056,1679546790237
1679546790113,1679546790256
1679546789906,1679546790280
1679546790013,1679546790287
1679546789829,1679546790288
1679546790143,1679546790289
1679546789896,1679546790296
1679546790114,1679546790410
1679546790326,1679546790462
1679546790082,1679546790497
1679546790042,1679546790514
1679546790266,1679546790516
1679546790311,1679546790533
1679546790366,1679546790536
1679546790367,1679546790582
1679546790305,1679546790595
1679546790428,1679546790698
1679546790502,1679546790732
1679546790425,1679546790758
1679546790334,1679546790777
1679546790596,1679546790887
1679546790651,1679546790918
1679546790489,1679546790939
1679546790739,1679546790958
1679546790709,1679546790973
1679546790477,1679546790982
1679546790638,1679546790989
1679546790661,1679546791005
1679546790612,1679546791030
1679546790753,1679546791048
1679546790777,1679546791063
1679546790613,1679546791086
1679546790830,1679546791110
1679546790928,1679546791152
1679546790763,1679546791177
1679546791015,1679546791217
1679546790957,1679546791285
1679546791077,1679546791418
1679546791177,1679546791465
1679546791091,1679546791496
1679546791116,1679546791506
1679546791179,1679546791511
1679546791337,1679546791511
1679546791077,1679546791601
1679546791180,1679546791604
1679546791308,1679546791614
1679546791149,1679546791640
1679546791445,1679546791659
1679546791361,1679546791673
1679546791302,1679546791705
1679546791518,1679546791716
1679546791541,1679546791723
1679546791428,1679546791744
1679546791593,1679546791779
1679546791459,1679546791780
1679546791509,1679546791792
1679546791409,1679546791797
1679546791509,1679546791815
1679546791265,1679546791867
1679546791502,1679546791914
1679546791800,1679546791992
1679546791769,1679546792034
1679546791868,1679546792072
1679546791817,1679546792092
1679546791794,1679546792169
1679546791986,1679546792180
1679546792023,1679546792243
1679546792004,1679546792249
1679546792053,1679546792268
1679546792075,1679546792284
1679546792211,1679546792335
1679546792066,1679546792359
1679546792102,1679546792394
1679546792084,1679546792438
1679546792256,1679546792453
1679546792207,1679546792474
1679546792262,1679546792498
1679546792387,1679546792562
1679546792201,1679546792584
1679546792469,1679546792585
1679546792229,1679546792593
1679546792345,1679546792621
1679546792377,1679546792627
1679546792387,1679546792651
1679546792539,1679546792700
1679546792487,1679546792743
1679546792649,1679546792861
1679546792573,1679546792863
1679546792631,1679546792872
1679546792505,1679546792927
1679546792803,1679546792949
1679546792561,1679546792956
1679546792663,1679546792956
1679546792773,1679546792957
1679546792715,1679546792991
1679546792857,1679546792993
1679546792901,1679546793020
1679546792789,1679546793076
1679546792781,1679546793119
1679546792897,1679546793144
1679546792853,1679546793161
1679546792984,1679546793217
1679546792922,1679546793226
1679546792965,1679546793252
1679546792968,1679546793263
1679546792941,1679546793274
1679546793109,1679546793281
1679546792989,1679546793290
1679546793182,1679546793293
1679546793029,1679546793299
1679546792893,1679546793301
1679546793019,1679546793302
1679546793077,1679546793321
1679546793035,1679546793324
1679546793053,1679546793368
1679546793073,1679546793395
1679546792999,1679546793527
1679546793162,1679546793530
1679546793215,1679546793566
1679546793295,1679546793568
1679546793361,1679546793611
1679546793301,1679546793633
1679546793364,1679546793720
1679546793482,1679546793723
1679546793536,1679546793810
1679546793610,1679546793818
1679546793410,1679546793835
1679546793637,1679546793852
1679546793657,1679546793872
1679546793697,1679546793910
1679546793687,1679546793949
1679546793837,1679546793989
1679546793741,1679546793998
1679546793758,1679546794007
1679546793686,1679546794013
1679546793919,1679546794078
1679546793924,1679546794111
1679546793929,1679546794114
1679546793886,1679546794124
1679546793981,1679546794193
1679546794092,1679546794200
1679546793912,1679546794206
1679546793913,1679546794211
1679546793969,1679546794362
1679546794087,1679546794385
1679546794135,1679546794390
1679546794137,1679546794431
1679546794045,1679546794432
1679546794053,1679546794471
1679546794253,1679546794471
1679546794277,1679546794477
1679546794225,1679546794481
1679546794201,1679546794481
1679546794153,1679546794505
1679546794352,1679546794514
1679546794219,1679546794529
1679546794213,1679546794545
1679546794347,1679546794555
1679546794037,1679546794556
1679546794399,1679546794570
1679546794021,1679546794602
1679546794437,1679546794617
1679546794301,1679546794644
1679546794289,1679546794653
1679546794451,1679546794654
1679546794265,1679546794677
1679546794365,1679546794704
1679546794342,1679546794748
1679546794533,1679546794758
1679546794541,1679546794772
1679546794540,1679546794788
1679546794518,1679546794791
1679546794509,1679546794819
1679546794548,1679546794838
1679546794504,1679546794883
1679546794512,1679546794908
1679546794681,1679546795025
1679546794457,1679546795032
1679546794819,1679546795041
1679546794801,1679546795043
1679546794606,1679546795053
1679546794793,1679546795098
1679546794841,1679546795101
1679546794571,1679546795102
1679546794677,1679546795104
1679546794649,1679546795146
1679546794615,1679546795160
1679546794909,1679546795253
1679546794945,1679546795260
1679546794995,1679546795270
1679546794685,1679546795271
1679546794881,1679546795319
1679546795042,1679546795371
1679546795121,1679546795372
1679546795117,1679546795397
1679546795182,1679546795411
1679546795053,1679546795435
1679546795201,1679546795445
1679546794872,1679546795471
1679546795121,1679546795481
1679546795087,1679546795491
1679546795280,1679546795498
1679546795271,1679546795592
1679546795277,1679546795606
1679546795373,1679546795623
1679546795498,1679546795701
1679546795513,1679546795735
1679546795555,1679546795751
1679546795464,1679546795788
1679546795432,1679546795814
1679546795631,1679546795839
1679546795497,1679546795852
1679546795608,1679546795879
1679546795245,1679546795900
1679546795484,1679546795905
1679546795576,1679546795923
1679546795709,1679546795933
1679546795617,1679546795966
1679546795800,1679546796013
1679546795781,1679546796018
1679546795762,1679546796027
1679546795777,1679546796103
1679546795911,1679546796108
1679546795882,1679546796173
1679546795832,1679546796203
1679546795840,1679546796209
1679546795942,1679546796259
1679546796110,1679546796300
1679546796115,1679546796336
1679546796097,1679546796352
1679546796023,1679546796359
1679546796121,1679546796362
1679546796174,1679546796369
1679546796196,1679546796377
1679546796070,1679546796377
1679546796273,1679546796401
1679546796261,1679546796412
1679546796145,1679546796420
1679546796159,1679546796524
1679546796400,1679546796528
1679546796257,1679546796552
1679546796331,1679546796654
1679546796487,1679546796685
1679546796531,1679546796742
1679546796513,1679546796748
1679546796618,1679546796807
1679546796179,1679546796815
1679546796591,1679546796829
1679546796503,1679546796853
1679546796577,1679546796860
1679546796599,1679546796861
1679546796678,1679546796889
1679546796493,1679546796891
1679546796501,1679546796908
1679546796623,1679546796921
1679546796633,1679546796939
1679546796769,1679546796960
1679546796786,1679546797015
1679546796602,1679546797021
1679546796760,1679546797037
1679546796741,1679546797055
1679546796790,1679546797059
1679546796850,1679546797065
1679546796865,1679546797121
1679546796960,1679546797163
1679546796964,1679546797176
1679546796901,1679546797187
1679546796999,1679546797221
1679546796911,1679546797313
1679546797052,1679546797317
1679546797027,1679546797335
1679546797188,1679546797389
1679546796993,1679546797390
1679546797123,1679546797423
1679546797347,1679546797454
1679546797244,1679546797473
1679546797152,1679546797487
1679546797169,1679546797504
1679546797328,1679546797506
1679546797174,1679546797511
1679546797316,1679546797521
1679546797353,1679546797556
1679546797255,1679546797618
1679546797370,1679546797649
1679546797249,1679546797656
1679546797409,1679546797658
1679546797527,1679546797663
1679546797457,1679546797705
1679546797376,1679546797730
1679546797530,1679546797778
1679546797613,1679546797788
1679546797425,1679546797824
1679546797752,1679546797824
1679546797496,1679546797832
1679546797643,1679546797860
1679546797695,1679546797871
1679546797523,1679546797875
1679546797587,1679546797890
1679546797482,1679546797914
1679546797520,1679546797941
1679546797771,1679546797969
1679546797811,1679546798048
1679546797750,1679546798062
1679546797761,1679546798064
1679546797895,1679546798121
1679546797896,1679546798125
1679546797878,1679546798137
1679546797939,1679546798156
1679546797930,1679546798187
1679546797958,1679546798189
1679546797952,1679546798228
1679546798046,1679546798246
1679546797957,1679546798275
1679546797903,1679546798276
1679546798066,1679546798287
1679546798116,1679546798301
1679546798048,1679546798304
1679546798161,1679546798311
1679546798060,1679546798325
1679546798087,1679546798339
1679546798152,1679546798367
1679546798245,1679546798377
1679546798105,1679546798382
1679546797983,1679546798425
1679546798145,1679546798446
1679546798364,1679546798521
1679546798230,1679546798536
1679546798174,1679546798550
1679546798339,1679546798563
1679546798297,1679546798577
1679546798413,1679546798584
1679546798452,1679546798674
1679546798471,1679546798760
1679546798443,1679546798833
1679546798637,1679546798840
1679546798340,1679546798860
1679546798653,1679546798900
1679546798735,1679546798947
1679546798766,1679546798954
1679546798544,1679546798958
1679546798863,1679546799103
1679546798919,1679546799109
1679546798886,1679546799119
1679546798943,1679546799127
1679546798923,1679546799153
1679546798929,1679546799162
1679546798913,1679546799180
1679546798902,1679546799183
1679546799028,1679546799212
1679546799013,1679546799286
1679546799199,1679546799293
1679546798948,1679546799314
1679546799101,1679546799332
1679546799024,1679546799343
1679546799227,1679546799375
1679546799272,1679546799393
1679546799253,1679546799449
1679546799387,1679546799485
1679546799368,1679546799506
1679546799292,1679546799514
1679546798975,1679546799521
1679546799291,1679546799575
1679546799400,1679546799605
1679546799386,1679546799642
1679546799305,1679546799646
1679546799518,1679546799753
1679546799473,1679546799771
1679546799343,1679546799801
1679546799542,1679546799806
1679546799688,1679546799862
1679546799609,1679546799902
1679546799684,1679546799922
1679546799564,1679546799942
1679546799616,1679546799954
1679546799615,1679546800005
1679546799865,1679546800014
1679546799809,1679546800020
1679546799884,1679546800024
1679546799811,1679546800025
1679546799530,1679546800043
1679546799914,1679546800070
1679546799920,1679546800078
1679546799788,1679546800107
1679546799661,1679546800144
1679546799921,1679546800199
1679546799995,1679546800271
1679546800039,1679546800295
1679546800021,1679546800309
1679546800153,1679546800343
1679546800201,1679546800356
1679546800154,1679546800357
1679546800155,1679546800388
1679546800117,1679546800418
1679546800162,1679546800453
1679546800221,1679546800508
1679546800315,1679546800535
1679546800222,1679546800545
1679546800329,1679546800551
1679546800405,1679546800644
1679546800247,1679546800666
1679546800366,1679546800675
1679546800442,1679546800676
1679546800479,1679546800705
1679546800493,1679546800711
1679546800539,1679546800722
1679546800621,1679546800810
1679546800497,1679546800838
1679546800549,1679546800843
1679546800582,1679546800914
1679546800601,1679546800916
1679546800794,1679546800941
1679546800707,1679546800947
1679546800650,1679546800957
1679546800693,1679546800973
1679546800709,1679546801050
1679546800758,1679546801071
1679546800737,1679546801093
1679546800633,1679546801099
1679546800931,1679546801134
1679546800892,1679546801148
1679546801084,1679546801221
1679546801081,1679546801251
1679546801146,1679546801263
1679546801006,1679546801279
1679546800821,1679546801288
1679546801078,1679546801289
1679546800937,1679546801295
1679546801183,1679546801357
1679546801090,1679546801359
1679546801171,1679546801399
1679546801126,1679546801400
1679546801257,1679546801408
1679546801253,1679546801448
1679546801133,1679546801461
1679546801313,1679546801468
1679546801359,1679546801528
1679546801425,1679546801566
1679546801388,1679546801591
1679546801224,1679546801592
1679546801284,1679546801597
1679546801474,1679546801639
1679546801466,1679546801692
1679546801385,1679546801708
1679546801533,1679546801751
1679546801458,1679546801838
1679546801676,1679546801870
1679546801746,1679546801875
1679546801665,1679546801895
1679546801737,1679546801901
1679546801769,1679546801934
1679546801573,1679546801942
1679546801878,1679546802073
1679546801936,1679546802089
1679546801898,1679546802102
1679546801989,1679546802120
1679546802037,1679546802194
1679546801820,1679546802195
1679546801728,1679546802212
1679546802009,1679546802216
1679546801953,1679546802222
1679546802033,1679546802324
1679546802071,1679546802327
1679546802122,1679546802335
1679546802100,1679546802369
1679546802151,1679546802369
1679546802120,1679546802405
1679546802279,1679546802486
1679546802297,1679546802486
1679546802214,1679546802486
1679546802244,1679546802505
1679546802337,1679546802559
1679546802268,1679546802575
1679546802312,1679546802583
1679546802423,1679546802590
1679546802192,1679546802594
1679546802289,1679546802595
1679546802278,1679546802598
1679546802428,1679546802676
1679546802554,1679546802792
1679546802455,1679546802792
1679546802555,1679546802811
1679546802625,1679546802827
1679546802631,1679546802836
1679546802616,1679546802878
1679546802639,1679546802882
1679546802711,1679546802966
1679546802834,1679546802977
1679546802886,1679546803000
1679546802833,1679546803044
1679546802805,1679546803063
1679546802637,1679546803130
1679546803018,1679546803166
1679546803050,1679546803186
1679546803081,1679546803189
1679546802947,1679546803201
1679546802995,1679546803277
1679546803079,1679546803287
1679546803156,1679546803308
1679546803109,1679546803377
1679546802994,1679546803393
1679546803049,1679546803399
1679546803157,1679546803421
1679546803245,1679546803444
1679546803398,1679546803586
1679546803279,1679546803600
1679546803420,1679546803607
1679546803235,1679546803609
1679546803387,1679546803609
1679546803365,1679546803621
1679546803508,1679546803664
1679546803413,1679546803681
1679546803540,1679546803772
1679546803521,1679546803782
1679546803181,1679546803783
1679546803335,1679546803787
1679546803579,1679546803792
1679546803500,1679546803817
1679546803656,1679546803892
1679546803519,1679546803895
1679546803635,1679546803897
1679546803637,1679546803918
1679546803545,1679546803933
1679546803569,1679546803965
1679546803723,1679546804022
1679546803827,1679546804096
1679546803945,1679546804183
1679546803956,1679546804204
1679546804044,1679546804267
1679546803997,1679546804312
1679546804066,1679546804333
1679546804149,1679546804364
1679546803950,1679546804366
1679546804343,1679546804452
1679546804172,1679546804469
1679546804196,1679546804492
1679546804225,1679546804524
1679546804297,1679546804527
1679546804397,1679546804541
1679546804455,1679546804624
1679546804412,1679546804651
1679546804445,1679546804733
1679546804694,1679546804900
1679546804720,1679546804951
1679546804729,1679546804957
1679546804688,1679546804958
1679546804812,1679546804964
1679546804722,1679546804967
1679546804749,1679546805000
1679546804737,1679546805045
1679546804787,1679546805064
1679546804968,1679546805117
1679546804886,1679546805147
1679546804939,1679546805156
1679546804930,1679546805230
1679546804782,1679546805238
1679546805030,1679546805357
1679546805177,1679546805362
1679546805135,1679546805364
1679546805135,1679546805373
1679546805219,1679546805436
1679546805191,1679546805473
1679546805189,1679546805489
1679546805301,1679546805509
1679546805166,1679546805518
1679546805155,1679546805533
1679546805386,1679546805553
1679546805347,1679546805589
1679546805373,1679546805621
1679546805268,1679546805645
1679546805251,1679546805677
1679546805216,1679546805696
1679546805403,1679546805709
1679546805351,1679546805762
1679546805317,1679546805781
1679546805753,1679546805957
1679546805685,1679546805961
1679546805850,1679546806070
1679546805766,1679546806090
1679546805877,1679546806124
1679546805891,1679546806129
1679546806078,1679546806232
1679546805794,1679546806287
1679546806149,1679546806309
1679546806087,1679546806312
1679546805985,1679546806323
1679546806138,1679546806352
1679546806213,1679546806370
1679546806056,1679546806381
1679546806359,1679546806521
1679546806277,1679546806527
1679546806297,1679546806547
1679546806463,1679546806696
1679546806446,1679546806718
1679546806413,1679546806727
1679546806499,1679546806728
1679546806319,1679546806755
1679546806497,1679546806772
1679546806505,1679546806776
1679546806374,1679546806810
1679546806780,1679546806919
1679546806622,1679546806945
1679546806753,1679546806966
1679546806794,1679546806983
1679546806783,1679546806991
1679546806749,1679546807027
1679546806813,1679546807092
1679546806815,1679546807124
1679546806931,1679546807141
1679546806977,1679546807186
1679546806977,1679546807195
1679546806960,1679546807227
1679546807081,1679546807336
1679546807163,1679546807458
1679546807324,1679546807469
1679546807208,1679546807571
1679546807345,1679546807580
1679546807406,1679546807610
1679546807267,1679546807622
1679546807386,1679546807630
1679546807386,1679546807643
1679546807355,1679546807678
1679546807560,1679546807693
1679546807476,1679546807713
1679546807496,1679546807739
1679546807507,1679546807740
1679546807611,1679546807837
1679546807681,1679546807891
1679546807593,1679546807892
1679546807656,1679546807993
1679546807753,1679546808038
1679546807924,1679546808114
1679546807899,1679546808140
1679546808145,1679546808300
1679546808073,1679546808339
1679546808061,1679546808380
1679546807957,1679546808410
1679546808193,1679546808423
1679546808275,1679546808455
1679546808312,1679546808469
1679546808322,1679546808485
1679546808326,1679546808487
1679546808392,1679546808540
1679546808349,1679546808541
1679546808469,1679546808657
1679546808484,1679546808695
1679546808542,1679546808741
1679546808540,1679546808764
1679546808343,1679546808771
1679546808572,1679546808836
1679546808662,1679546808852
1679546808417,1679546808879
1679546808695,1679546808898
1679546808749,1679546808939
1679546808665,1679546808942
1679546808750,1679546808968
1679546808757,1679546809056
1679546808814,1679546809069
1679546808745,1679546809082
1679546808813,1679546809085
1679546809055,1679546809177
1679546809009,1679546809195
1679546808947,1679546809208
1679546809111,1679546809224
1679546809044,1679546809284
1679546809062,1679546809297
1679546809199,1679546809395
1679546809297,1679546809447
1679546809205,1679546809450
1679546809224,1679546809467
1679546809041,1679546809473
1679546809296,1679546809527
1679546809386,1679546809534
1679546809303,1679546809599
1679546809592,1679546809731
1679546809636,1679546809798
1679546809562,1679546809802
1679546809589,1679546809867
1679546809808,1679546809942
1679546809516,1679546809952
1679546809814,1679546809952
1679546809658,1679546809968
1679546809680,1679546810056
1679546809962,1679546810124
1679546809890,1679546810137
1679546809922,1679546810191
1679546809800,1679546810215
1679546809820,1679546810231
1679546809969,1679546810239
1679546810050,1679546810296
1679546810064,1679546810351
1679546810189,1679546810426
1679546810105,1679546810445
1679546810240,1679546810486
1679546810406,1679546810530
1679546810243,1679546810536
1679546810315,1679546810597
1679546810464,1679546810612
1679546810379,1679546810689
1679546810311,1679546810704
1679546810542,1679546810717
1679546810570,1679546810782
1679546810397,1679546810789
1679546810519,1679546810819
1679546810459,1679546810830
1679546810576,1679546810841
1679546810593,1679546810868
1679546810652,1679546810877
1679546810627,1679546810881
1679546810554,1679546810917
1679546810813,1679546810962
1679546810860,1679546810996
1679546810892,1679546811023
1679546810722,1679546811111
1679546810932,1679546811143
1679546810879,1679546811196
1679546810793,1679546811206
1679546811027,1679546811215
1679546811090,1679546811237
1679546811053,1679546811254
1679546810970,1679546811309
1679546811158,1679546811403
1679546811269,1679546811502
1679546811374,1679546811562
1679546811261,1679546811612
1679546811534,1679546811719
1679546811564,1679546811831
1679546811400,1679546811849
1679546811737,1679546811893
1679546811608,1679546811922
1679546811736,1679546811945
1679546811755,1679546811998
1679546811947,1679546812087
1679546811987,1679546812141
1679546812014,1679546812203
1679546811913,1679546812206
1679546811857,1679546812257
1679546811793,1679546812264
1679546812074,1679546812278
1679546812056,1679546812293
1679546812002,1679546812303
1679546812111,1679546812310
1679546812105,1679546812385
1679546812153,1679546812397
1679546812237,1679546812424
1679546812249,1679546812430
1679546812221,1679546812487
1679546812293,1679546812503
1679546812248,1679546812540
1679546812371,1679546812542
1679546812309,1679546812546
1679546812285,1679546812574
1679546812398,1679546812625
1679546812381,1679546812674
1679546812447,1679546812687
1679546812381,1679546812703
1679546812457,1679546812704
1679546812712,1679546812898
1679546812676,1679546812952
1679546812721,1679546812997
1679546812861,1679546813006
1679546812786,1679546813106
1679546812845,1679546813116
1679546812905,1679546813147
1679546813055,1679546813205
1679546813120,1679546813297
1679546813071,1679546813336
1679546813095,1679546813353
1679546813264,1679546813442
1679546813192,1679546813455
1679546813302,1679546813475
1679546813215,1679546813498
1679546813321,1679546813592
1679546813331,1679546813698
1679546813491,1679546813728
1679546813532,1679546813742
1679546813513,1679546813768
1679546813650,1679546813852
1679546813605,1679546813892
1679546813563,1679546813906
1679546813619,1679546813910
1679546813587,1679546813920
1679546813705,1679546813932
1679546813689,1679546813952
1679546813837,1679546814012
1679546813765,1679546814017
1679546813778,1679546814036
1679546813619,1679546814042
1679546813963,1679546814162
1679546813879,1679546814223
1679546814050,1679546814266
1679546814003,1679546814281
1679546814129,1679546814332
1679546814307,1679546814424
1679546814353,1679546814545
1679546814410,1679546814574
1679546814369,1679546814600
1679546814589,1679546814738
1679546814468,1679546814788
1679546814584,1679546814811
1679546814595,1679546814818
1679546814677,1679546814824
1679546814516,1679546814864
1679546814645,1679546814882
1679546814621,1679546814887
1679546814670,1679546814891
1679546814579,1679546814911
1679546814838,1679546814982
1679546814789,1679546814994
1679546814926,1679546815077
1679546814886,1679546815105
1679546814897,1679546815107
1679546814926,1679546815136
1679546814964,1679546815153
1679546814990,1679546815229
1679546814997,1679546815250
1679546815127,1679546815344
1679546815122,1679546815360
1679546815193,1679546815396
1679546815201,1679546815405
1679546815305,1679546815511
1679546815371,1679546815588
1679546815381,1679546815626
1679546815497,1679546815651
1679546815543,1679546815752
1679546815505,1679546815797
1679546815451,1679546815814
1679546815680,1679546815860
1679546815577,1679546815890
1679546815678,1679546815914
1679546815859,1679546816001
1679546815921,1679546816074
1679546815893,1679546816106
1679546815865,1679546816175
1679546815857,1679546816181
1679546815962,1679546816201
1679546815789,1679546816223
1679546815913,1679546816389
1679546816145,1679546816469
1679546816175,1679546816479
1679546816204,1679546816512
1679546816262,1679546816527
1679546816345,1679546816581
1679546816429,1679546816597
1679546816357,1679546816669
1679546816370,1679546816686
1679546816400,1679546816687
1679546816435,1679546816692
1679546816530,1679546816703
1679546816524,1679546816737
1679546816553,1679546816753
1679546816594,1679546816824
1679546816574,1679546816842
1679546816767,1679546816976
1679546816662,1679546817009
1679546816861,1679546817024
1679546816785,1679546817098
1679546816920,1679546817114
1679546816899,1679546817132
1679546817111,1679546817219
1679546817148,1679546817324
1679546817094,1679546817324
1679546817017,1679546817417
1679546817278,1679546817555
1679546817451,1679546817579
1679546817456,1679546817620
1679546817572,1679546817730
1679546817595,1679546817742
1679546817488,1679546817767
1679546817636,1679546817878
1679546817737,1679546817903
1679546817756,1679546817913
1679546817729,1679546817970
1679546817634,1679546817975
1679546817879,1679546817979
1679546817784,1679546818019
1679546817766,1679546818030
1679546817707,1679546818041
1679546817639,1679546818052
1679546817902,1679546818135
1679546817965,1679546818162
1679546817810,1679546818183
1679546818025,1679546818231
1679546817995,1679546818252
1679546818144,1679546818280
1679546818166,1679546818408
1679546818218,1679546818496
1679546818347,1679546818504
1679546818373,1679546818517
1679546818358,1679546818550
1679546818278,1679546818585
1679546818233,1679546818624
1679546818418,1679546818638
1679546818302,1679546818667
1679546818405,1679546818725
1679546818537,1679546818825
1679546818653,1679546818887
1679546818713,1679546818892
1679546818728,1679546819014
1679546818814,1679546819042
1679546818926,1679546819095
1679546818897,1679546819097
1679546818879,1679546819132
1679546818837,1679546819160
1679546819211,1679546819417
1679546819291,1679546819469
1679546819295,1679546819542
1679546819289,1679546819577
1679546819413,1679546819652
1679546819374,1679546819700
1679546819536,1679546819725
1679546819600,1679546819736
1679546819508,1679546819801
1679546819588,1679546819824
1679546819537,1679546819824
1679546819556,1679546819832
1679546819558,1679546819855
1679546819647,1679546819900
1679546819531,1679546819906
1679546819759,1679546819945
1679546819494,1679546819950
1679546819853,1679546819982
1679546819607,1679546819987
1679546819769,1679546820010
1679546819683,1679546820085
1679546819893,1679546820157
1679546819879,1679546820210
1679546819818,1679546820211
1679546820055,1679546820211
1679546820045,1679546820252
1679546820033,1679546820256
1679546820037,1679546820302
1679546820189,1679546820343
1679546820119,1679546820414
1679546820041,1679546820561
1679546820403,1679546820568
1679546820436,1679546820646
1679546820553,1679546820850
1679546820665,1679546820865
1679546820763,1679546820927
1679546820723,1679546821032
1679546820870,1679546821051
1679546820866,1679546821072
1679546820791,1679546821100
1679546820996,1679546821163
1679546821091,1679546821245
1679546820892,1679546821250
1679546820882,1679546821297
1679546821082,1679546821380
1679546821221,1679546821413
1679546821216,1679546821419
1679546821206,1679546821433
1679546821192,1679546821447
1679546821227,1679546821497
1679546821281,1679546821548
1679546821445,1679546821581
1679546821359,1679546821582
1679546821357,1679546821584
1679546821458,1679546821813
1679546821609,1679546821858
1679546821585,1679546821943
1679546821604,1679546821954
1679546821639,1679546821999
1679546821553,1679546822009
1679546821751,1679546822058
1679546821771,1679546822069
1679546821956,1679546822102
1679546822035,1679546822266
1679546821720,1679546822327
1679546822011,1679546822335
1679546822087,1679546822381
1679546822283,1679546822457
1679546822155,1679546822524
1679546822249,1679546822545
1679546822270,1679546822556
1679546822033,1679546822587
1679546822406,1679546822596
1679546822283,1679546822623
1679546822430,1679546822648
1679546822458,1679546822654
1679546822487,1679546822684
1679546822652,1679546822832
1679546822601,1679546822848
1679546822620,1679546822848
1679546822605,1679546822919
1679546822559,1679546823035
1679546822871,1679546823053
1679546822821,1679546823090
1679546822949,1679546823164
1679546822805,1679546823170
1679546822945,1679546823171
1679546822977,1679546823176
1679546822971,1679546823213
1679546823099,1679546823258
1679546823002,1679546823260
1679546823060,1679546823318
1679546823239,1679546823398
1679546823279,1679546823470
1679546823165,1679546823472
1679546823166,1679546823472
1679546823241,1679546823479
1679546823252,1679546823533
1679546823431,1679546823575
1679546823470,1679546823676
1679546823461,1679546823714
1679546823373,1679546823745
1679546823565,1679546823815
1679546823676,1679546823875
1679546823571,1679546823934
1679546823614,1679546823965
1679546823864,1679546824021
1679546823977,1679546824131
1679546824079,1679546824199
1679546824081,1679546824211
1679546824125,1679546824338
1679546824145,1679546824342
1679546824104,1679546824387
1679546824328,1679546824458
1679546824185,1679546824528
1679546824361,1679546824555
1679546824444,1679546824613
1679546824408,1679546824621
1679546824265,1679546824653
1679546824560,1679546824704
1679546824472,1679546824769
1679546824523,1679546824793
1679546824623,1679546824808
1679546824545,1679546824813
1679546824761,1679546824877
1679546824638,1679546824903
1679546824763,1679546824973
1679546824840,1679546824995
1679546824621,1679546825003
1679546824715,1679546825026
1679546824744,1679546825033
1679546824809,1679546825094
1679546824963,1679546825116
1679546824945,1679546825130
1679546824968,1679546825184
1679546824956,1679546825190
1679546824988,1679546825218
1679546825041,1679546825218
1679546825030,1679546825301
1679546825065,1679546825323
1679546825099,1679546825364
1679546825253,1679546825438
1679546825339,1679546825518
1679546825335,1679546825583
1679546825319,1679546825675
1679546825426,1679546825682
1679546825538,1679546825744
1679546825530,1679546825789
1679546825743,1679546825877
1679546825821,1679546825983
1679546825790,1679546826009
1679546825892,1679546826070
1679546825902,1679546826160
1679546826000,1679546826162
1679546825690,1679546826166
1679546826028,1679546826300
1679546826209,1679546826319
1679546825963,1679546826356
1679546826102,1679546826436
1679546826188,1679546826458
1679546826233,1679546826458
1679546826243,1679546826460
1679546826287,1679546826564
1679546826297,1679546826566
1679546826166,1679546826581
1679546826282,1679546826641
1679546826355,1679546826651
1679546826666,1679546826797
1679546826518,1679546826798
1679546826462,1679546826850
1679546826673,1679546826887
1679546826508,1679546826911
1679546826682,1679546826916
1679546826501,1679546826991
1679546826860,1679546827017
1679546826663,1679546827088
1679546826941,1679546827134
1679546827057,1679546827298
1679546827337,1679546827419
1679546827361,1679546827491
1679546827339,1679546827521
1679546827350,1679546827530
1679546827225,1679546827541
1679546827199,1679546827553
1679546827206,1679546827574
1679546827476,1679546827731
1679546827530,1679546827743
1679546827643,1679546827789
1679546827601,1679546827790
1679546827580,1679546827811
1679546827672,1679546827896
1679546827749,1679546827955
1679546827783,1679546827971
1679546827705,1679546827985
1679546827833,1679546828020
1679546827745,1679546828052
1679546827872,1679546828079
1679546827769,1679546828089
1679546827688,1679546828107
1679546827823,1679546828145
1679546827932,1679546828173
1679546828045,1679546828194
1679546827781,1679546828202
1679546827967,1679546828292
1679546827929,1679546828346
1679546828046,1679546828377
1679546828195,1679546828393
1679546828279,1679546828532
1679546828364,1679546828613
1679546828572,1679546828727
1679546828591,1679546828779
1679546828579,1679546828815
1679546828782,1679546828906
1679546828704,1679546828938
1679546828696,1679546828968
1679546828829,1679546829026
1679546828911,1679546829109
1679546829048,1679546829234
1679546828973,1679546829242
1679546828989,1679546829257
1679546829044,1679546829260
1679546829129,1679546829308
1679546829173,1679546829345
1679546829066,1679546829354
1679546829222,1679546829404
1679546829253,1679546829406
1679546829205,1679546829441
1679546829078,1679546829480
1679546829217,1679546829484
1679546829250,1679546829552
1679546829283,1679546829571
1679546829366,1679546829583
1679546829459,1679546829646
1679546829385,1679546829669
1679546829426,1679546829720
1679546829601,1679546829745
1679546829598,1679546829766
1679546829605,1679546829789
1679546829620,1679546829836
1679546829474,1679546829848
1679546829614,1679546829887
1679546829865,1679546830073
1679546829917,1679546830147
1679546829997,1679546830211
1679546829980,1679546830242
1679546830057,1679546830255
1679546830141,1679546830321
1679546830073,1679546830327
1679546829865,1679546830329
1679546829919,1679546830429
1679546830179,1679546830494
1679546830317,1679546830555
1679546830296,1679546830559
1679546830412,1679546830565
1679546830374,1679546830569
1679546830359,1679546830665
1679546830571,1679546830710
1679546830539,1679546830757
1679546830602,1679546830783
1679546830651,1679546830834
1679546830735,1679546830944
1679546830846,1679546830982
1679546830617,1679546830983
1679546830741,1679546831004
1679546830844,1679546831026
1679546830877,1679546831060
1679546830901,1679546831069
1679546831076,1679546831235
1679546830919,1679546831260
1679546831122,1679546831262
1679546831280,1679546831415
1679546831062,1679546831437
1679546831243,1679546831461
1679546831365,1679546831541
1679546831112,1679546831575
1679546831311,1679546831650
1679546831414,1679546831655
1679546831518,1679546831661
1679546831505,1679546831670
1679546831522,1679546831696
1679546831603,1679546831803
1679546831524,1679546831897
1679546831781,1679546831981
1679546831755,1679546832029
1679546831747,1679546832039
1679546831872,1679546832045
1679546831929,1679546832105
1679546831841,1679546832141
1679546831935,1679546832148
1679546832050,1679546832173
1679546832129,1679546832288
1679546832125,1679546832298
1679546832087,1679546832339
1679546832055,1679546832353
1679546832111,1679546832421
1679546832254,1679546832514
1679546832038,1679546832531
1679546832365,1679546832561
1679546832383,1679546832633
1679546832412,1679546832711
1679546832501,1679546832733
1679546832437,1679546832751
1679546832524,1679546832798
1679546832596,1679546832816
1679546832622,1679546832851
1679546832615,1679546832876
1679546832617,1679546832898
1679546832726,1679546832914
1679546832713,1679546832957
1679546832696,1679546832969
1679546832597,1679546832987
1679546832767,1679546833068
1679546832921,1679546833103
1679546832906,1679546833152
1679546833047,1679546833277
1679546833269,1679546833433
1679546833263,1679546833494
1679546833326,1679546833516
1679546833367,1679546833559
1679546833383,1679546833631
1679546833471,1679546833642
1679546833497,1679546833685
1679546833183,1679546833735
1679546833455,1679546833741
1679546833562,1679546833886
1679546833436,1679546833895
1679546833446,1679546833924
1679546833537,1679546833969
1679546833796,1679546834002
1679546833747,1679546834007
1679546833721,1679546834054
1679546833857,1679546834113
1679546833954,1679546834138
1679546833961,1679546834139
1679546834118,1679546834231
1679546834189,1679546834288
1679546834076,1679546834360
1679546834205,1679546834421
1679546834259,1679546834466
1679546834099,1679546834494
1679546834218,1679546834495
1679546834205,1679546834513
1679546834310,1679546834555
1679546834320,1679546834625
1679546834360,1679546834628
1679546834360,1679546834654
1679546834545,1679546834701
1679546834646,1679546834793
1679546834573,1679546834801
1679546834659,1679546834883
1679546834816,1679546834958
1679546834776,1679546835003
1679546834805,1679546835056
1679546834857,1679546835061
1679546834947,1679546835118
1679546834731,1679546835158
1679546835027,1679546835202
1679546835029,1679546835217
1679546834940,1679546835268
1679546835148,1679546835279
1679546835178,1679546835387
1679546835255,1679546835433
1679546835083,1679546835466
1679546835233,1679546835493
1679546835275,1679546835508
1679546835071,1679546835510
1679546835325,1679546835527
1679546835390,1679546835572
1679546835539,1679546835671
1679546835447,1679546835823
1679546835666,1679546835849
1679546835533,1679546835864
1679546835711,1679546835910
1679546835755,1679546836007
1679546835790,1679546836026
1679546835713,1679546836038
1679546835693,1679546836059
1679546835905,1679546836171
1679546836049,1679546836195
1679546836126,1679546836308
1679546836289,1679546836429
1679546836280,1679546836430
1679546836233,1679546836445
1679546836311,1679546836490
1679546836308,1679546836504
1679546836352,1679546836529
1679546836428,1679546836599
1679546836335,1679546836631
1679546836369,1679546836642
1679546836392,1679546836690
1679546836451,1679546836697
1679546836443,1679546836765
1679546836344,1679546836776
1679546836624,1679546836787
1679546836690,1679546836803
1679546836494,1679546836823
1679546836573,1679546836875
1679546836685,1679546836929
1679546836830,1679546836961
1679546836813,1679546837049
1679546836877,1679546837079
1679546836786,1679546837090
1679546837008,1679546837125
1679546837021,1679546837208
1679546836878,1679546837241
1679546837130,1679546837307
1679546837116,1679546837358
1679546837218,1679546837468
1679546837225,1679546837545
1679546837458,1679546837637
1679546837396,1679546837708
1679546837552,1679546837767
1679546837487,1679546837802
1679546837602,1679546837882
1679546837637,1679546837930
1679546837648,1679546837943
1679546837642,1679546837980
1679546837770,1679546837981
1679546837749,1679546838058
1679546837943,1679546838097
1679546837801,1679546838105
1679546837870,1679546838128
1679546837949,1679546838140
1679546837933,1679546838141
1679546837823,1679546838246
1679546838077,1679546838279
1679546837866,1679546838298
1679546837965,1679546838329
1679546838003,1679546838340
1679546838107,1679546838357
1679546838131,1679546838489
1679546838404,1679546838552
1679546838431,1679546838572
1679546838175,1679546838628
1679546838391,1679546838640
1679546838478,1679546838650
1679546838519,1679546838701
1679546838533,1679546838865
1679546838745,1679546838917
1679546838757,1679546838956
1679546838856,1679546838976
1679546838812,1679546838993
1679546838838,1679546839050
1679546838909,1679546839072
1679546838634,1679546839205
1679546839054,1679546839316
1679546839092,1679546839353
1679546839107,1679546839354
1679546839099,1679546839408
1679546839165,1679546839429
1679546839300,1679546839468
1679546839265,1679546839485
1679546839285,1679546839535
1679546839480,1679546839590
1679546839274,1679546839693
1679546839381,1679546839694
1679546839408,1679546839694
1679546839567,1679546839761
1679546839463,1679546839762
1679546839636,1679546839876
1679546839501,1679546839876
1679546839597,1679546839891
1679546839741,1679546839924
1679546839746,1679546839940
1679546839699,1679546839985
1679546839577,1679546840006
1679546839865,1679546840028
1679546839809,1679546840057
1679546840009,1679546840272
1679546840106,1679546840303
1679546840113,1679546840326
1679546840035,1679546840371
1679546840263,1679546840456
1679546840175,1679546840458
1679546840226,1679546840519
1679546840382,1679546840521
1679546840389,1679546840589
1679546840467,1679546840656
1679546840377,1679546840656
1679546840461,1679546840779
1679546840570,1679546840793
1679546840562,1679546840839
1679546840639,1679546840925
1679546840754,1679546840967
1679546840569,1679546841065
1679546840674,1679546841102
1679546840916,1679546841138
1679546840828,1679546841143
1679546840891,1679546841193
1679546840843,1679546841279
1679546841148,1679546841284
1679546840799,1679546841294
1679546841134,1679546841324
1679546841167,1679546841327
1679546841060,1679546841376
1679546841165,1679546841385
1679546841294,1679546841411
1679546841295,1679546841588
1679546841371,1679546841619
1679546841379,1679546841627
1679546841456,1679546841697
1679546841377,1679546841700
1679546841523,1679546841724
1679546841552,1679546841822
1679546841688,1679546841897
1679546841837,1679546841998
1679546841709,1679546842001
1679546841811,1679546842024
1679546841929,1679546842105
1679546841920,1679546842167
1679546841909,1679546842189
1679546841993,1679546842210
1679546842128,1679546842314
1679546841920,1679546842330
1679546842161,1679546842375
1679546842163,1679546842380
1679546842061,1679546842439
1679546842240,1679546842497
1679546842273,1679546842521
1679546841945,1679546842533
1679546842289,1679546842606
1679546842477,1679546842719
1679546842566,1679546842756
1679546842609,1679546842813
1679546842575,1679546842844
1679546842566,1679546842919
1679546842688,1679546842974
1679546842749,1679546842985
1679546842758,1679546843057
1679546842994,1679546843143
1679546842963,1679546843205
1679546842952,1679546843208
1679546843063,1679546843325
1679546843079,1679546843392
1679546843079,1679546843393
1679546843357,1679546843507
1679546843336,1679546843529
1679546843284,1679546843548
1679546843310,1679546843555
1679546843115,1679546843585
1679546843256,1679546843655
1679546843596,1679546843786
1679546843596,1679546843801
1679546843686,1679546843809
1679546843477,1679546843857
1679546843765,1679546843890
1679546843623,1679546843896
1679546843553,1679546843902
1679546843667,1679546843912
1679546843779,1679546843993
1679546843765,1679546844012
1679546843617,1679546844017
1679546843769,1679546844037
1679546843933,1679546844048
1679546843901,1679546844094
1679546843963,1679546844160
1679546843960,1679546844245
1679546844029,1679546844254
1679546844131,1679546844341
1679546844090,1679546844409
1679546844231,1679546844431
1679546844304,1679546844528
1679546844377,1679546844592
1679546844343,1679546844612
1679546844436,1679546844663
1679546844523,1679546844667
1679546844653,1679546844853
1679546844631,1679546844861
1679546844632,1679546844867
1679546844436,1679546844880
1679546844660,1679546844892
1679546844640,1679546844913
1679546844666,1679546844934
1679546844693,1679546844959
1679546844816,1679546844963
1679546844776,1679546845099
1679546844881,1679546845127
1679546844818,1679546845157
1679546845018,1679546845205
1679546844983,1679546845240
1679546844990,1679546845355
1679546845281,1679546845452
1679546845049,1679546845505
1679546845330,1679546845513
1679546845453,1679546845642
1679546845419,1679546845644
1679546845461,1679546845656
1679546845431,1679546845689
1679546845637,1679546845836
1679546845432,1679546845879
1679546845738,1679546845948
1679546845673,1679546845960
1679546845542,1679546845973
1679546845845,1679546846008
1679546845895,1679546846095
1679546845872,1679546846123
1679546845905,1679546846136
1679546845897,1679546846145
1679546845901,1679546846185
1679546846051,1679546846235
1679546846064,1679546846266
1679546846121,1679546846322
1679546846151,1679546846367
1679546846091,1679546846394
1679546846202,1679546846429
1679546846203,1679546846484
1679546846256,1679546846551
1679546846361,1679546846589
1679546846477,1679546846609
1679546846417,1679546846611
1679546846268,1679546846690
1679546846460,1679546846715
1679546846579,1679546846782
1679546846557,1679546846798
1679546846523,1679546846827
1679546846487,1679546846845
1679546846705,1679546846962
1679546846747,1679546847092
1679546847035,1679546847204
1679546846965,1679546847211
1679546846991,1679546847237
1679546847137,1679546847247
1679546847031,1679546847251
1679546847135,1679546847297
1679546846990,1679546847326
1679546846830,1679546847383
1679546847223,1679546847406
1679546847308,1679546847441
1679546847166,1679546847475
1679546847394,1679546847491
1679546847298,1679546847520
1679546847317,1679546847567
1679546847423,1679546847683
1679546847420,1679546847688
1679546847480,1679546847777
1679546847664,1679546847782
1679546847532,1679546847849
1679546847688,1679546847893
1679546847710,1679546847907
1679546847797,1679546848000
1679546847895,1679546848063
1679546847758,1679546848066
1679546847861,1679546848133
1679546847970,1679546848148
1679546847837,1679546848180
1679546847943,1679546848195
1679546848069,1679546848222
1679546848055,1679546848259
1679546848193,1679546848448
1679546848199,1679546848473
1679546848297,1679546848505
1679546848345,1679546848571
1679546848387,1679546848605
1679546848514,1679546848623
1679546848490,1679546848681
1679546848327,1679546848693
1679546848654,1679546848884
1679546848687,1679546848889
1679546848828,1679546848934
1679546848701,1679546848955
1679546848773,1679546849000
1679546848857,1679546849014
1679546848916,1679546849037
1679546848791,1679546849041
1679546848906,1679546849049
1679546848876,1679546849094
1679546849002,1679546849154
1679546848861,1679546849235
1679546849078,1679546849277
1679546849049,1679546849285
1679546849148,1679546849300
1679546849019,1679546849328
1679546848998,1679546849366
1679546849291,1679546849390
1679546849277,1679546849419
1679546849290,1679546849483
1679546849121,1679546849517
1679546849399,1679546849620
1679546849441,1679546849747
1679546849602,1679546849766
1679546849409,1679546849819
1679546849589,1679546849847
1679546849624,1679546849871
1679546849641,1679546849971
1679546849632,1679546850020
1679546849712,1679546850028
1679546849853,1679546850119
1679546849894,1679546850144
1679546849949,1679546850272
1679546849963,1679546850276
1679546850065,1679546850277
1679546850153,1679546850368
1679546850029,1679546850393
1679546850218,1679546850395
1679546850293,1679546850466
1679546850241,1679546850486
1679546850117,1679546850577
1679546850383,1679546850586
1679546850291,1679546850601
1679546850231,1679546850628
1679546850373,1679546850631
1679546850472,1679546850685
1679546850547,1679546850844
1679546850514,1679546850849
1679546850677,1679546850954
1679546850662,1679546851000
1679546850697,1679546851006
1679546850715,1679546851007
1679546850761,1679546851072
1679546850875,1679546851080
1679546850815,1679546851116
1679546850955,1679546851124
1679546850957,1679546851180
1679546850977,1679546851234
1679546850994,1679546851312
1679546851092,1679546851326
1679546851175,1679546851362
1679546851332,1679546851468
1679546851356,1679546851537
1679546851345,1679546851561
1679546851308,1679546851632
1679546851457,1679546851704
1679546851496,1679546851722
1679546851359,1679546851798
1679546851529,1679546851872
1679546851620,1679546851902
1679546851686,1679546851946
1679546851805,1679546851991
1679546851701,1679546852013
1679546851863,1679546852050
1679546851685,1679546852069
1679546851811,1679546852073
1679546851895,1679546852098
1679546851845,1679546852201
1679546852038,1679546852267
1679546852085,1679546852379
1679546852185,1679546852409
1679546852095,1679546852419
1679546852202,1679546852446
1679546852203,1679546852480
1679546852241,1679546852560
1679546852451,1679546852572
1679546852467,1679546852650
1679546852498,1679546852663
1679546852593,1679546852758
1679546852600,1679546852791
1679546852452,1679546852862
1679546852851,1679546852951
1679546852757,1679546853006
1679546852894,1679546853059
1679546852902,1679546853085
1679546852958,1679546853160
1679546852872,1679546853218
1679546853073,1679546853235
1679546853096,1679546853288
1679546853005,1679546853290
1679546853017,1679546853376
1679546853078,1679546853394
1679546853205,1679546853396
1679546853242,1679546853571
1679546853303,1679546853572
1679546853156,1679546853615
1679546853403,1679546853638
1679546853346,1679546853643
1679546853379,1679546853653
1679546853555,1679546853696
1679546853465,1679546853708
1679546853407,1679546853736
1679546853222,1679546853742
1679546853575,1679546853786
1679546853704,1679546853930
1679546853677,1679546853946
1679546853746,1679546853953
1679546853663,1679546853983
1679546853825,1679546854022
1679546853963,1679546854155
1679546853834,1679546854215
1679546853998,1679546854252
1679546854045,1679546854391
1679546854361,1679546854453
1679546854260,1679546854481
1679546854178,1679546854509
1679546854381,1679546854591
1679546854493,1679546854644
1679546854440,1679546854648
1679546854487,1679546854721
1679546854459,1679546854740
1679546854496,1679546854800
1679546854665,1679546854868
1679546854649,1679546854944
1679546854646,1679546854946
1679546854828,1679546854962
1679546854831,1679546855007
1679546854692,1679546855010
1679546854591,1679546855022
1679546854688,1679546855060
1679546854920,1679546855085
1679546854908,1679546855178
1679546854956,1679546855209
1679546854953,1679546855219
1679546855209,1679546855344
1679546855003,1679546855442
1679546855206,1679546855465
1679546855293,1679546855500
1679546855165,1679546855500
1679546855184,1679546855569
1679546855502,1679546855687
1679546855463,1679546855712
1679546855474,1679546855722
1679546855687,1679546855816
1679546855627,1679546855835
1679546855534,1679546855855
1679546855644,1679546855893
1679546855848,1679546855994
1679546855707,1679546856025
1679546855854,1679546856035
1679546855877,1679546856083
1679546855806,1679546856152
1679546855876,1679546856163
1679546855802,1679546856183
1679546855957,1679546856186
1679546856143,1679546856373
1679546856105,1679546856411
1679546856255,1679546856440
1679546856175,1679546856583
1679546856462,1679546856636
1679546856419,1679546856659
1679546856347,1679546856663
1679546856510,1679546856718
1679546856539,1679546856771
1679546856465,1679546856826
1679546856690,1679546856889
1679546856775,1679546856979
1679546856796,1679546857018
1679546856722,1679546857068
1679546856832,1679546857068
1679546856892,1679546857073
1679546856745,1679546857118
1679546856835,1679546857130
1679546856919,1679546857210
1679546856901,1679546857252
1679546857020,1679546857299
1679546857090,1679546857368
1679546857244,1679546857430
1679546857280,1679546857451
1679546857198,1679546857453
1679546857342,1679546857528
1679546857296,1679546857543
1679546857248,1679546857555
1679546857273,1679546857617
1679546857368,1679546857628
1679546857489,1679546857811
1679546857665,1679546857824
1679546857652,1679546857835
1679546857718,1679546857836
1679546857628,1679546857971
1679546857844,1679546858013
1679546857871,1679546858093
1679546857957,1679546858159
1679546857941,1679546858173
1679546858063,1679546858264
1679546857843,1679546858293
1679546858061,1679546858315
1679546858138,1679546858343
1679546858157,1679546858371
1679546858246,1679546858395
1679546858245,1679546858484
1679546858309,1679546858503
1679546858321,1679546858538
1679546858408,1679546858584
1679546858272,1679546858596
1679546858426,1679546858608
1679546858425,1679546858620
1679546858406,1679546858638
1679546858553,1679546858729
1679546858510,1679546858786
1679546858308,1679546858799
1679546858623,1679546858880
1679546858620,1679546858973
1679546858643,1679546859015
1679546858826,1679546859037
1679546858863,1679546859053
1679546858937,1679546859060
1679546858889,1679546859174
1679546859005,1679546859224
1679546858997,1679546859244
1679546859173,1679546859323
1679546859239,1679546859401
1679546859256,1679546859519
1679546859241,1679546859533
1679546859380,1679546859596
1679546859414,1679546859639
1679546859488,1679546859672
1679546859657,1679546859778
1679546859676,1679546859922
1679546859741,1679546859925
1679546859665,1679546859947
1679546859741,1679546859975
1679546859717,1679546860005
1679546859832,1679546860034
1679546859798,1679546860057
1679546859885,1679546860070
1679546859796,1679546860137
1679546859841,1679546860140
1679546859845,1679546860165
1679546859813,1679546860176
1679546859874,1679546860186
1679546859916,1679546860235
1679546860054,1679546860278
1679546860090,1679546860374
1679546860207,1679546860389
1679546860199,1679546860401
1679546860169,1679546860405
1679546860020,1679546860503
1679546860356,1679546860505
1679546860195,1679546860529
1679546860513,1679546860688
1679546860552,1679546860769
1679546860473,1679546860783
1679546860620,1679546860893
1679546860702,1679546860922
1679546860856,1679546861033
1679546860721,1679546861047
1679546860863,1679546861127
1679546860897,1679546861133
1679546860807,1679546861140
1679546860949,1679546861214
1679546861117,1679546861289
1679546861055,1679546861307
1679546861136,1679546861319
1679546861188,1679546861399
1679546861249,1679546861511
1679546861372,1679546861511
1679546861321,1679546861526
1679546861453,1679546861665
1679546861394,1679546861680
1679546861147,1679546861681
1679546861512,1679546861751
1679546861349,1679546861759
1679546861619,1679546861816
1679546861673,1679546861839
1679546861607,1679546861844
1679546861776,1679546862000
1679546861913,1679546862069
1679546861833,1679546862077
1679546861935,1679546862110
1679546862035,1679546862182
1679546862023,1679546862195
1679546861795,1679546862196
1679546862046,1679546862283
1679546862132,1679546862306
1679546862180,1679546862354
1679546862078,1679546862385
1679546862231,1679546862458
1679546862296,1679546862562
1679546862379,1679546862637
1679546862348,1679546862657
1679546862477,1679546862736
1679546862577,1679546862762
1679546862588,1679546862808
1679546862733,1679546862852
1679546862496,1679546862878
1679546862845,1679546863045
1679546862813,1679546863061
1679546862732,1679546863069
1679546863007,1679546863161
1679546863024,1679546863217
1679546863023,1679546863225
1679546863149,1679546863330
1679546863137,1679546863406
1679546863086,1679546863498
1679546863252,1679546863519
1679546863187,1679546863522
1679546863218,1679546863581
1679546863254,1679546863590
1679546863330,1679546863650
1679546863277,1679546863673
1679546863617,1679546863728
1679546863571,1679546863785
1679546863455,1679546863792
1679546863565,1679546863811
1679546863715,1679546863873
1679546863843,1679546863950
1679546863809,1679546864002
1679546863859,1679546864068
1679546863777,1679546864121
1679546863977,1679546864165
1679546863969,1679546864171
1679546863962,1679546864198
1679546864024,1679546864233
1679546864083,1679546864294
1679546863886,1679546864341
1679546864005,1679546864350
1679546864074,1679546864438
1679546864303,1679546864462
1679546864227,1679546864499
1679546864334,1679546864572
1679546864399,1679546864608
1679546864374,1679546864698
1679546864549,1679546864764
1679546864374,1679546864829
1679546864551,1679546864857
1679546864703,1679546864862
1679546864470,1679546864904
1679546864653,1679546864915
1679546864687,1679546864933
1679546864841,1679546864983
1679546864763,1679546864997
1679546864859,1679546864999
1679546864838,1679546865073
1679546864937,1679546865235
1679546865123,1679546865316
1679546865127,1679546865347
1679546865070,1679546865356
1679546865213,1679546865411
1679546865218,1679546865424
1679546865252,1679546865475
1679546865313,1679546865490
1679546865249,1679546865625
1679546865460,1679546865626
1679546865404,1679546865662
1679546865444,1679546865674
1679546865257,1679546865675
1679546865536,1679546865736
1679546865403,1679546865800
1679546865586,1679546865871
1679546865616,1679546865881
1679546865671,1679546865889
1679546865790,1679546866017
1679546865845,1679546866070
1679546865843,1679546866126
1679546866039,1679546866191
1679546866117,1679546866269
1679546865996,1679546866277
1679546866129,1679546866304
1679546866007,1679546866336
1679546866219,1679546866393
1679546866110,1679546866482
1679546866341,1679546866521
1679546866293,1679546866529
1679546866413,1679546866531
1679546866281,1679546866611
1679546866269,1679546866611
1679546866418,1679546866624
1679546866393,1679546866784
1679546866673,1679546866812
1679546866481,1679546866834
1679546866739,1679546866870
1679546866706,1679546866906
1679546866736,1679546866911
1679546866650,1679546866911
1679546866858,1679546867070
1679546867067,1679546867299
1679546867041,1679546867354
1679546867148,1679546867366
1679546867108,1679546867418
1679546867182,1679546867444
1679546867098,1679546867493
1679546867337,1679546867583
1679546867360,1679546867620
1679546867465,1679546867630
1679546867383,1679546867642
1679546867490,1679546867652
1679546867564,1679546867685
1679546867645,1679546867865
1679546867575,1679546867877
1679546867664,1679546867928
1679546867644,1679546867933
1679546867687,1679546867981
1679546867840,1679546868028
1679546867873,1679546868071
1679546867841,1679546868078
1679546867824,1679546868125
1679546867805,1679546868158
1679546867973,1679546868186
1679546867885,1679546868200
1679546867969,1679546868238
1679546867980,1679546868313
1679546867871,1679546868329
1679546868251,1679546868437
1679546868231,1679546868527
1679546868443,1679546868605
1679546868449,1679546868627
1679546868277,1679546868658
1679546868535,1679546868731
1679546868567,1679546868830
1679546868671,1679546868876
1679546868675,1679546868917
1679546868661,1679546868928
1679546868617,1679546868981
1679546868781,1679546868997
1679546868793,1679546869000
1679546868887,1679546869045
1679546868869,1679546869089
1679546869014,1679546869184
1679546869111,1679546869360
1679546869235,1679546869364
1679546869113,1679546869431
1679546869220,1679546869518
1679546869307,1679546869540
1679546869195,1679546869556
1679546869399,1679546869633
1679546869415,1679546869673
1679546869411,1679546869682
1679546869433,1679546869684
1679546869521,1679546869722
1679546869511,1679546869735
1679546869573,1679546869791
1679546869564,1679546869925
1679546869753,1679546869956
1679546869909,1679546870093
1679546869669,1679546870104
1679546869968,1679546870133
1679546869904,1679546870144
1679546869925,1679546870145
1679546869965,1679546870248
1679546870182,1679546870283
1679546870131,1679546870312
1679546870207,1679546870424
1679546870113,1679546870425
1679546870181,1679546870426
1679546870199,1679546870439
1679546870261,1679546870470
1679546870275,1679546870490
1679546870486,1679546870759
1679546870526,1679546870759
1679546870436,1679546870851
1679546870630,1679546870911
1679546870622,1679546870937
1679546870738,1679546870997
1679546870662,1679546871016
1679546870791,1679546871126
1679546870880,1679546871153
1679546870997,1679546871157
1679546870828,1679546871191
1679546871126,1679546871270
1679546871181,1679546871289
1679546871172,1679546871368
1679546871058,1679546871373
1679546871237,1679546871449
1679546871240,1679546871470
1679546871240,1679546871487
1679546871368,1679546871489
1679546871365,1679546871590
1679546871408,1679546871616
1679546871466,1679546871663
1679546871493,1679546871729
1679546871422,1679546871791
1679546871477,1679546871795
1679546871728,1679546871921
1679546871616,1679546871956
1679546871768,1679546871989
1679546871739,1679546872006
1679546871501,1679546872015
1679546871969,1679546872161
1679546872015,1679546872197
1679546871909,1679546872238
1679546872018,1679546872296
1679546872020,1679546872338
1679546872065,1679546872378
1679546872224,1679546872488
1679546872175,1679546872489
1679546872298,1679546872529
1679546872344,1679546872545
1679546872337,1679546872545
1679546872369,1679546872683
1679546872481,1679546872689
1679546872449,1679546872723
1679546872421,1679546872735
1679546872503,1679546872855
1679546872664,1679546872863
1679546872559,1679546872943
1679546872585,1679546872952
1679546872739,1679546873040
1679546872785,1679546873072
1679546872643,1679546873081
1679546872820,1679546873174
1679546873007,1679546873195
1679546872673,1679546873231
1679546872885,1679546873301
1679546872923,1679546873308
1679546872992,1679546873315
1679546873133,1679546873446
1679546873325,1679546873494
1679546873203,1679546873558
1679546873301,1679546873632
1679546873320,1679546873642
1679546873375,1679546873659
1679546873419,1679546873679
1679546873397,1679546873747
1679546873481,1679546873775
1679546873569,1679546873820
1679546873612,1679546873872
1679546873489,1679546873948
1679546873751,1679546873960
1679546873566,1679546873976
1679546873842,1679546874009
1679546873821,1679546874011
1679546873784,1679546874038
1679546873885,1679546874088
1679546874027,1679546874180
1679546873980,1679546874284
1679546874102,1679546874370
1679546874161,1679546874395
1679546874070,1679546874406
1679546874142,1679546874413
1679546874125,1679546874461
1679546874307,1679546874491
1679546874389,1679546874591
1679546874451,1679546874616
1679546874461,1679546874706
1679546874541,1679546874733
1679546874557,1679546874754
1679546874549,1679546874774
1679546874713,1679546874978
1679546874605,1679546874985
1679546874811,1679546874988
1679546874551,1679546874989
1679546874889,1679546875069
1679546874750,1679546875077
1679546874866,1679546875112
1679546874817,1679546875171
1679546874935,1679546875264
1679546874957,1679546875308
1679546875162,1679546875350
1679546875054,1679546875398
1679546875144,1679546875401
1679546875256,1679546875445
1679546875269,1679546875463
1679546875196,1679546875519
1679546875518,1679546875763
1679546875489,1679546875784
1679546875500,1679546875789
1679546875621,1679546875841
1679546875621,1679546875915
1679546875770,1679546875962
1679546875842,1679546875967
1679546875923,1679546876108
1679546875842,1679546876110
1679546875925,1679546876148
1679546875859,1679546876149
1679546875881,1679546876189
1679546876013,1679546876364
1679546876166,1679546876392
1679546876345,1679546876613
1679546876087,1679546876634
1679546876323,1679546876635
1679546876510,1679546876675
1679546876399,1679546876703
1679546876529,1679546876754
1679546876420,1679546876775
1679546876573,1679546876791
1679546876633,1679546876840
1679546876650,1679546876849
1679546876645,1679546876878
1679546876752,1679546876891
1679546876513,1679546876911
1679546876748,1679546876979
1679546876796,1679546877070
1679546876915,1679546877111
1679546876751,1679546877125
1679546876948,1679546877181
1679546877065,1679546877233
1679546877016,1679546877285
1679546876958,1679546877352
1679546877168,1679546877410
1679546877257,1679546877531
1679546877315,1679546877538
1679546877300,1679546877605
1679546877315,1679546877714
1679546877617,1679546877824
1679546877585,1679546877834
1679546877613,1679546877917
1679546877717,1679546877934
1679546877515,1679546877944
1679546877783,1679546877944
1679546877663,1679546878015
1679546877771,1679546878033
1679546877806,1679546878096
1679546877843,1679546878126
1679546877943,1679546878172
1679546877956,1679546878183
1679546877937,1679546878225
1679546878021,1679546878225
1679546878025,1679546878284
1679546878106,1679546878302
1679546878089,1679546878312
1679546877987,1679546878379
1679546878209,1679546878413
1679546878249,1679546878481
1679546878166,1679546878506
1679546878297,1679546878514
1679546878165,1679546878515
1679546878224,1679546878603
1679546878588,1679546878809
1679546878413,1679546878821
1679546878743,1679546878864
1679546878729,1679546878976
1679546878827,1679546879085
1679546879002,1679546879217
1679546878812,1679546879224
1679546879049,1679546879276
1679546879206,1679546879313
1679546879121,1679546879314
1679546879108,1679546879360
1679546879263,1679546879409
1679546879047,1679546879425
1679546879273,1679546879515
1679546879285,1679546879548
1679546879386,1679546879577
1679546879285,1679546879642
1679546879456,1679546879656
1679546879373,1679546879672
1679546879450,1679546879717
1679546879497,1679546879760
1679546879616,1679546879789
1679546879452,1679546879801
1679546879519,1679546879808
1679546879569,1679546879862
1679546879697,1679546879903
1679546879787,1679546879981
1679546879847,1679546880089
1679546879878,1679546880124
1679546879930,1679546880181
1679546880021,1679546880217
1679546880345,1679546880467
1679546880318,1679546880524
1679546880134,1679546880541
1679546880373,1679546880604
1679546880421,1679546880650
1679546880537,1679546880651
1679546880434,1679546880699
1679546880441,1679546880709
1679546880537,1679546880720
1679546880209,1679546880746
1679546880454,1679546880749
1679546880537,1679546880890
1679546880634,1679546880993
1679546880730,1679546881037
1679546880722,1679546881054
1679546880822,1679546881065
1679546880751,1679546881082
1679546880931,1679546881094
1679546881080,1679546881236
1679546881141,1679546881265
1679546881138,1679546881376
1679546880940,1679546881392
1679546881329,1679546881454
1679546881252,1679546881505
1679546881349,1679546881512
1679546881297,1679546881529
1679546881397,1679546881620
1679546881184,1679546881624
1679546881345,1679546881626
1679546881401,1679546881633
1679546881615,1679546881745
1679546881511,1679546881757
1679546881699,1679546881959
1679546881806,1679546881966
1679546881800,1679546882085
1679546881941,1679546882146
1679546881810,1679546882246
1679546882029,1679546882270
1679546882136,1679546882370
1679546882241,1679546882381
1679546882226,1679546882392
1679546882181,1679546882414
1679546882273,1679546882544
1679546882273,1679546882564
1679546882432,1679546882586
1679546882437,1679546882595
1679546882314,1679546882614
1679546882491,1679546882649
1679546882554,1679546882692
1679546882255,1679546882693
1679546882577,1679546882737
1679546882522,1679546882777
1679546882636,1679546882800
1679546882565,1679546882846
1679546882609,1679546882886
1679546882704,1679546882894
1679546882600,1679546882956
1679546882793,1679546882988
1679546882820,1679546883039
1679546882932,1679546883122
1679546882856,1679546883206
1679546882983,1679546883268
1679546883132,1679546883346
1679546883176,1679546883456
1679546883379,1679546883591
1679546883588,1679546883776
1679546883602,1679546883855
1679546883714,1679546883905
1679546883660,1679546883925
1679546883793,1679546884034
1679546883875,1679546884041
1679546883788,1679546884081
1679546883932,1679546884112
1679546883976,1679546884113
1679546883835,1679546884131
1679546884032,1679546884180
1679546883989,1679546884188
1679546883893,1679546884266
1679546884102,1679546884313
1679546884101,1679546884324
1679546884138,1679546884351
1679546884074,1679546884408
1679546884209,1679546884436
1679546884161,1679546884454
1679546884210,1679546884528
1679546884205,1679546884567
1679546884368,1679546884630
1679546884659,1679546884867
1679546884741,1679546884907
1679546884695,1679546884926
1679546884793,1679546884983
1679546884801,1679546884989
1679546884923,1679546885135
1679546884824,1679546885136
1679546885047,1679546885202
1679546884941,1679546885271
1679546885107,1679546885288
1679546885125,1679546885375
1679546885231,1679546885450
1679546885268,1679546885459
1679546885321,1679546885517
1679546885380,1679546885552
1679546885407,1679546885597
1679546885214,1679546885612
1679546885445,1679546885645
1679546885523,1679546885686
1679546885505,1679546885710
1679546885565,1679546885807
1679546885633,1679546885811
1679546885565,1679546885866
1679546885777,1679546885940
1679546885879,1679546886036
1679546885777,1679546886061
1679546885806,1679546886081
1679546885873,1679546886249
1679546886126,1679546886305
1679546886003,1679546886315
1679546885983,1679546886318
1679546886117,1679546886330
1679546886082,1679546886435
1679546886258,1679546886451
1679546886131,1679546886502
1679546886385,1679546886686
1679546886392,1679546886710
1679546886559,1679546886754
1679546886606,1679546886768
1679546886400,1679546886772
1679546886331,1679546886781
1679546886610,1679546886782
1679546886613,1679546886997
1679546886858,1679546886998
1679546886779,1679546887008
1679546886681,1679546887018
1679546886805,1679546887063
1679546886920,1679546887107
1679546886927,1679546887146
1679546886961,1679546887197
1679546887085,1679546887259
1679546887154,1679546887334
1679546887069,1679546887357
1679546887151,1679546887361
1679546887128,1679546887417
1679546887258,1679546887535
1679546887396,1679546887584
1679546887353,1679546887609
1679546887249,1679546887692
1679546887507,1679546887763
1679546887653,1679546887797
1679546887645,1679546887830
1679546887632,1679546887851
1679546887433,1679546887873
1679546887731,1679546887884
1679546887650,1679546888048
1679546887795,1679546888055
1679546887849,1679546888081
1679546887720,1679546888115
1679546887785,1679546888139
1679546888147,1679546888298
1679546888111,1679546888306
1679546888065,1679546888375
1679546888166,1679546888376
1679546888195,1679546888389
1679546888242,1679546888419
1679546888273,1679546888470
1679546888047,1679546888496
1679546888265,1679546888515
1679546888240,1679546888656
1679546888415,1679546888660
1679546888581,1679546888838
1679546888704,1679546888880
1679546888729,1679546888960
1679546888790,1679546889011
1679546888480,1679546889102
1679546888850,1679546889109
1679546889003,1679546889152
1679546888958,1679546889198
1679546888970,1679546889223
1679546889109,1679546889277
1679546889213,1679546889366
1679546889107,1679546889367
1679546889362,1679546889569
1679546889351,1679546889595
1679546889435,1679546889703
1679546889583,1679546889756
1679546889611,1679546889841
1679546889581,1679546889843
1679546889556,1679546889853
1679546889632,1679546889893
1679546889695,1679546889905
1679546889640,1679546889913
1679546889364,1679546889953
1679546889705,1679546889958
1679546889811,1679546890028
1679546889825,1679546890045
1679546889672,1679546890101
1679546890000,1679546890187
1679546889820,1679546890244
1679546890071,1679546890272
1679546889943,1679546890307
1679546890079,1679546890323
1679546890193,1679546890353
1679546890035,1679546890376
1679546890304,1679546890445
1679546890319,1679546890485
1679546890316,1679546890489
1679546890327,1679546890512
1679546890402,1679546890612
1679546890557,1679546890731
1679546890570,1679546890785
1679546890601,1679546890866
1679546890749,1679546890949
1679546890886,1679546891060
1679546890968,1679546891122
1679546890909,1679546891127
1679546890994,1679546891194
1679546891074,1679546891280
1679546891047,1679546891287
1679546891163,1679546891332
1679546891116,1679546891360
1679546891074,1679546891458
1679546890985,1679546891480
1679546891129,1679546891485
1679546891212,1679546891514
1679546891290,1679546891529
1679546891262,1679546891530
1679546891284,1679546891564
1679546891402,1679546891573
1679546891300,1679546891591
1679546891271,1679546891642
1679546891433,1679546891700
1679546891497,1679546891737
1679546891625,1679546891833
1679546891669,1679546891864
1679546891460,1679546891876
1679546891667,1679546892009
1679546891822,1679546892046
1679546891881,1679546892073
1679546892109,1679546892298
1679546892266,1679546892377
1679546892282,1679546892420
1679546892334,1679546892516
1679546892248,1679546892606
1679546892294,1679546892613
1679546892457,1679546892645
1679546892461,1679546892652
1679546892605,1679546892783
1679546892679,1679546892875
1679546892721,1679546892883
1679546892547,1679546892919
1679546892698,1679546892957
1679546892727,1679546892962
1679546892685,1679546892973
1679546892657,1679546893044
1679546892826,1679546893130
1679546892745,1679546893133
1679546892731,1679546893150
1679546892930,1679546893178
1679546892895,1679546893181
1679546892905,1679546893185
1679546892797,1679546893253
1679546893123,1679546893343
1679546893380,1679546893511
1679546893305,1679546893535
1679546893150,1679546893593
1679546893395,1679546893594
1679546893327,1679546893656
1679546893517,1679546893703
1679546893382,1679546893721
1679546893614,1679546893736
1679546893695,1679546893856
1679546893615,1679546893875
1679546893695,1679546893894
1679546893668,1679546893934
1679546893704,1679546893941
1679546893777,1679546894037
1679546893772,1679546894089
1679546893884,1679546894182
1679546894023,1679546894221
1679546893947,1679546894286
1679546893907,1679546894329
1679546894245,1679546894443
1679546894404,1679546894657
1679546894392,1679546894663
1679546894295,1679546894681
1679546894521,1679546894732
1679546894495,1679546894763
1679546894544,1679546894773
1679546894549,1679546894837
1679546894700,1679546894838
1679546894689,1679546894913
1679546894633,1679546894917
1679546894713,1679546894940
1679546894806,1679546894960
1679546894761,1679546895076
1679546894892,1679546895087
1679546894959,1679546895108
1679546894922,1679546895191
1679546894853,1679546895218
1679546895039,1679546895254
1679546895057,1679546895254
1679546895021,1679546895293
1679546895001,1679546895311
1679546895123,1679546895411
1679546895251,1679546895499
1679546895350,1679546895502
1679546895254,1679546895578
1679546895339,1679546895594
1679546895473,1679546895757
1679546895568,1679546895766
1679546895667,1679546895823
1679546895674,1679546895829
1679546895651,1679546895840
1679546895720,1679546895863
1679546895719,1679546896079
1679546896024,1679546896204
1679546896115,1679546896302
1679546895988,1679546896357
1679546895915,1679546896456
1679546896260,1679546896528
1679546896241,1679546896571
1679546896458,1679546896575
1679546896385,1679546896610
1679546896444,1679546896654
1679546896313,1679546896676
1679546896477,1679546896798
1679546896651,1679546896807
1679546896584,1679546896853
1679546896627,1679546896887
1679546896500,1679546896930
1679546896819,1679546896968
1679546896772,1679546897003
1679546896867,1679546897048
1679546896588,1679546897055
1679546896753,1679546897116
1679546897042,1679546897259
1679546897099,1679546897302
1679546897090,1679546897379
1679546897158,1679546897388
1679546897249,1679546897430
1679546897229,1679546897480
1679546897421,1679546897562
1679546897418,1679546897611
1679546897399,1679546897620
1679546897413,1679546897696
1679546897598,1679546897759
1679546897575,1679546897806
1679546897731,1679546897842
1679546897540,1679546897855
1679546897692,1679546897928
1679546897721,1679546897936
1679546897845,1679546898058
1679546897835,1679546898070
1679546897915,1679546898137
1679546898041,1679546898191
1679546897862,1679546898227
1679546897854,1679546898285
1679546898105,1679546898292
1679546898302,1679546898464
1679546898189,1679546898494
1679546898294,1679546898499
1679546898388,1679546898513
1679546898399,1679546898621
1679546898413,1679546898632
1679546898451,1679546898647
1679546898518,1679546898751
1679546898592,1679546898875
1679546898783,1679546898982
1679546898877,1679546899034
1679546898877,1679546899103
1679546898839,1679546899104
1679546898628,1679546899111
1679546898951,1679546899185
1679546898981,1679546899185
1679546899041,1679546899235
1679546898787,1679546899262
1679546899069,1679546899308
1679546899137,1679546899335
1679546899209,1679546899462
1679546899232,1679546899495
1679546899318,1679546899538
1679546899339,1679546899575
1679546899457,1679546899603
1679546899413,1679546899626
1679546899491,1679546899751
1679546899533,1679546899768
1679546899650,1679546899805
1679546899463,1679546899811
1679546899476,1679546899812
1679546899777,1679546899932
1679546899668,1679546900008
1679546899893,1679546900009
1679546899767,1679546900077
1679546899765,1679546900105
1679546900099,1679546900278
1679546900218,1679546900457
1679546900257,1679546900457
1679546900245,1679546900465
1679546900149,1679546900473
1679546900273,1679546900646
1679546900470,1679546900754
1679546900505,1679546900764
1679546900630,1679546900824
1679546900594,1679546900828
1679546900721,1679546900923
1679546900741,1679546900969
1679546900721,1679546901034
1679546900745,1679546901038
1679546900839,1679546901070
1679546900795,1679546901070
1679546900929,1679546901117
1679546900943,1679546901186
1679546901008,1679546901198
1679546900692,1679546901198
1679546900929,1679546901229
1679546901040,1679546901289
1679546901120,1679546901328
1679546901110,1679546901340
1679546901137,1679546901422
1679546901054,1679546901544
1679546901466,1679546901729
1679546901409,1679546901744
1679546901616,1679546901849
1679546901690,1679546901922
1679546901385,1679546901968
1679546901803,1679546901994
1679546901721,1679546902062
1679546901993,1679546902156
1679546902022,1679546902230
1679546901928,1679546902236
1679546901989,1679546902248
1679546901963,1679546902253
1679546902166,1679546902342
1679546902215,1679546902371
1679546902021,1679546902415
1679546902107,1679546902485
1679546902273,1679546902511
1679546902137,1679546902516
1679546902285,1679546902534
1679546902230,1679546902586
1679546902268,1679546902629
1679546902510,1679546902673
1679546902540,1679546902733
1679546902597,1679546902778
1679546902505,1679546902811
1679546902660,1679546902846
1679546902703,1679546902936
1679546902855,1679546903030
1679546902879,1679546903061
1679546902822,1679546903095
1679546902965,1679546903129
1679546902889,1679546903218
1679546903067,1679546903307
1679546902940,1679546903308
1679546903142,1679546903402
1679546903276,1679546903515
1679546903321,1679546903527
1679546903433,1679546903580
1679546903386,1679546903607
1679546903253,1679546903709
1679546903420,1679546903727
1679546903657,1679546903816
1679546903537,1679546903833
1679546903602,1679546903836
1679546903583,1679546903854
1679546903624,1679546903882
1679546903770,1679546903956
1679546903754,1679546904073
1679546903804,1679546904089
1679546903842,1679546904090
1679546903925,1679546904120
1679546904020,1679546904162
1679546904125,1679546904275
1679546904248,1679546904457
1679546904259,1679546904480
1679546904391,1679546904620
1679546904390,1679546904671
1679546904549,1679546904720
1679546904497,1679546904768
1679546904619,1679546904794
1679546904729,1679546904893
1679546904406,1679546904963
1679546904862,1679546905058
1679546904868,1679546905063
1679546904785,1679546905071
1679546904641,1679546905082
1679546905001,1679546905258
1679546904953,1679546905273
1679546905086,1679546905293
1679546904975,1679546905355
1679546905157,1679546905371
1679546905261,1679546905414
1679546905297,1679546905425
1679546905356,1679546905592
1679546905413,1679546905614
1679546905248,1679546905653
1679546905493,1679546905693
1679546905355,1679546905718
1679546905379,1679546905808
1679546905392,1679546905848
1679546905542,1679546905876
1679546905789,1679546906006
1679546905821,1679546906009
1679546905786,1679546906015
1679546905729,1679546906021
1679546905913,1679546906175
1679546905935,1679546906234
1679546906001,1679546906269
1679546906109,1679546906356
1679546906127,1679546906363
1679546906181,1679546906415
1679546906227,1679546906427
1679546906259,1679546906457
1679546906283,1679546906616
1679546906325,1679546906623
1679546906369,1679546906697
1679546906533,1679546906760
1679546906647,1679546906836
1679546906644,1679546906870
1679546906595,1679546906881
1679546906633,1679546906884
1679546906522,1679546906906
1679546906721,1679546906934
1679546906661,1679546906940
1679546906791,1679546906942
1679546906497,1679546907056
1679546906888,1679546907111
1679546906812,1679546907118
1679546907061,1679546907368
1679546907200,1679546907377
1679546907146,1679546907387
1679546907205,1679546907397
1679546907212,1679546907441
1679546907119,1679546907470
1679546907326,1679546907559
1679546907421,1679546907619
1679546907497,1679546907637
1679546907597,1679546907788
1679546907729,1679546907837
1679546907658,1679546907846
1679546907712,1679546907916
1679546907794,1679546907953
1679546907805,1679546907960
1679546907718,1679546907970
1679546907860,1679546908032
1679546907785,1679546908055
1679546907885,1679546908103
1679546908031,1679546908246
1679546908002,1679546908254
1679546907963,1679546908260
1679546908017,1679546908265
1679546908114,1679546908358
1679546908003,1679546908407
1679546908071,1679546908523
1679546908337,1679546908527
1679546908392,1679546908576
1679546908177,1679546908654
1679546908643,1679546908763
1679546908537,1679546908807
1679546908387,1679546908937
1679546908829,1679546909031
1679546908768,1679546909090
1679546908697,1679546909150
1679546909020,1679546909169
1679546908879,1679546909286
1679546909127,1679546909303
1679546908967,1679546909340
1679546909201,1679546909436
1679546909129,1679546909452
1679546909094,1679546909477
1679546909349,1679546909500
1679546909245,1679546909541
1679546909261,1679546909557
1679546909458,1679546909609
1679546909434,1679546909646
1679546909376,1679546909662
1679546909369,1679546909713
1679546909635,1679546909759
1679546909463,1679546909811
1679546909488,1679546909836
1679546909707,1679546909898
1679546909581,1679546909916
1679546909725,1679546910018
1679546909880,1679546910123
1679546909981,1679546910198
1679546910139,1679546910299
1679546910039,1679546910300
1679546910227,1679546910330
1679546910041,1679546910353
1679546910186,1679546910377
1679546910301,1679546910513
1679546910201,1679546910555
1679546910413,1679546910641
1679546910563,1679546910693
1679546910439,1679546910764
1679546910519,1679546910789
1679546910656,1679546910845
1679546910513,1679546910889
1679546910677,1679546910940
1679546910709,1679546910943
1679546910500,1679546910946
1679546910736,1679546910983
1679546910735,1679546911000
1679546910775,1679546911078
1679546910781,1679546911098
1679546910573,1679546911163
1679546911059,1679546911187
1679546910950,1679546911199
1679546910986,1679546911244
1679546911130,1679546911263
1679546911141,1679546911358
1679546911153,1679546911374
1679546911201,1679546911400
1679546911308,1679546911487
1679546911346,1679546911566
1679546911392,1679546911601
1679546911372,1679546911648
1679546911466,1679546911731
1679546911510,1679546911765
1679546911553,1679546911871
1679546911691,1679546911898
1679546911769,1679546912007
1679546911784,1679546912018
1679546911780,1679546912077
1679546911827,1679546912100
1679546911926,1679546912161
1679546912023,1679546912223
1679546911993,1679546912244
1679546912090,1679546912289
1679546911985,1679546912298
1679546911845,1679546912336
1679546912055,1679546912336
1679546912108,1679546912389
1679546912422,1679546912527
1679546912139,1679546912584
1679546912273,1679546912697
1679546912531,1679546912736
1679546912513,1679546912740
1679546912560,1679546912773
1679546912565,1679546912824
1679546912782,1679546912931
1679546912758,1679546912953
1679546912619,1679546912979
1679546912653,1679546913001
1679546912820,1679546913062
1679546912824,1679546913082
1679546912817,1679546913118
1679546912737,1679546913129
1679546912888,1679546913145
1679546912959,1679546913168
1679546913057,1679546913231
1679546912939,1679546913259
1679546913109,1679546913277
1679546913101,1679546913449
1679546913227,1679546913546
1679546913344,1679546913594
1679546913369,1679546913666
1679546913405,1679546913712
1679546913612,1679546913794
1679546913709,1679546913816
1679546913812,1679546913991
1679546913669,1679546913999
1679546913764,1679546914001
1679546913785,1679546914002
1679546913789,1679546914015
1679546913912,1679546914068
1679546914093,1679546914349
1679546914029,1679546914409
1679546914019,1679546914430
1679546914111,1679546914489
1679546914237,1679546914505
1679546914201,1679546914520
1679546914307,1679546914528
1679546914306,1679546914557
1679546914293,1679546914581
1679546914301,1679546914589
1679546914405,1679546914657
1679546914408,1679546914674
1679546914457,1679546914683
1679546914434,1679546914706
1679546914721,1679546914861
1679546914680,1679546914997
1679546914617,1679546915001
1679546914714,1679546915003
1679546914905,1679546915053
1679546914872,1679546915094
1679546914850,1679546915168
1679546914969,1679546915225
1679546915014,1679546915232
1679546915121,1679546915325
1679546915113,1679546915351
1679546915190,1679546915473
1679546915329,1679546915506
1679546915301,1679546915542
1679546915241,1679546915555
1679546915379,1679546915592
1679546915452,1679546915647
1679546915379,1679546915650
1679546915546,1679546915743
1679546915401,1679546915757
1679546915510,1679546915759
1679546915473,1679546915778
1679546915537,1679546915883
1679546915623,1679546915955
1679546915788,1679546915969
1679546915960,1679546916130
1679546915872,1679546916137
1679546916013,1679546916225
1679546916013,1679546916287
1679546916056,1679546916364
1679546916143,1679546916371
1679546916226,1679546916454
1679546916324,1679546916480
1679546916243,1679546916486
1679546916193,1679546916578
1679546916439,1679546916627
1679546916411,1679546916713
1679546916521,1679546916740
1679546916466,1679546916753
1679546916653,1679546916759
1679546916575,1679546916918
1679546916539,1679546916929
1679546916717,1679546916930
1679546916709,1679546916999
1679546916817,1679546917017
1679546916768,1679546917038
1679546916771,1679546917043
1679546916831,1679546917083
1679546917029,1679546917184
1679546916924,1679546917197
1679546917058,1679546917206
1679546917054,1679546917318
1679546917153,1679546917364
1679546916775,1679546917410
1679546917330,1679546917499
1679546917274,1679546917556
1679546917464,1679546917647
1679546917423,1679546917737
1679546917598,1679546917748
1679546917286,1679546917779
1679546917515,1679546917781
1679546917605,1679546917799
1679546917671,1679546917829
1679546917663,1679546917885
1679546917438,1679546917893
1679546917690,1679546917939
1679546917666,1679546917947
1679546917728,1679546918011
1679546917811,1679546918033
1679546917864,1679546918108
1679546917931,1679546918155
1679546918066,1679546918268
1679546917972,1679546918309
1679546918264,1679546918447
1679546918374,1679546918467
1679546918207,1679546918475
1679546918375,1679546918620
1679546918437,1679546918657
1679546918403,1679546918711
1679546918423,1679546918756
1679546918561,1679546918793
1679546918542,1679546918805
1679546918678,1679546918822
1679546918626,1679546918827
1679546918406,1679546918832
1679546918614,1679546918838
1679546918523,1679546918864
1679546918616,1679546918872
1679546918755,1679546918889
1679546918813,1679546918959
1679546918774,1679546918963
1679546918721,1679546919086
1679546918849,1679546919118
1679546918939,1679546919131
1679546919030,1679546919209
1679546919053,1679546919319
1679546919021,1679546919349
1679546919207,1679546919419
1679546919280,1679546919445
1679546919212,1679546919509
1679546919285,1679546919527
1679546919475,1679546919715
1679546919556,1679546919767
1679546919605,1679546919847
1679546919649,1679546919850
1679546919789,1679546919933
1679546919696,1679546919944
1679546919689,1679546919970
1679546919775,1679546919973
1679546919804,1679546919989
1679546919744,1679546920007
1679546919846,1679546920014
1679546919857,1679546920077
1679546919785,1679546920077
1679546920061,1679546920202
1679546919831,1679546920203
1679546919981,1679546920209
1679546919985,1679546920373
1679546920204,1679546920418
1679546920291,1679546920520
1679546920470,1679546920552
1679546920373,1679546920556
1679546920253,1679546920586
1679546920401,1679546920665
1679546920414,1679546920667
1679546920368,1679546920670
1679546920531,1679546920705
1679546920583,1679546920740
1679546920501,1679546920799
1679546920712,1679546921014
1679546920925,1679546921115
1679546920871,1679546921189
1679546920848,1679546921223
1679546920826,1679546921223
1679546921016,1679546921278
1679546920955,1679546921286
1679546921181,1679546921320
1679546921230,1679546921374
1679546921257,1679546921377
1679546921147,1679546921382
1679546921293,1679546921422
1679546921257,1679546921553
1679546921205,1679546921592
1679546921370,1679546921614
1679546921439,1679546921773
1679546921492,1679546921836
1679546921484,1679546921840
1679546921548,1679546921847
1679546921696,1679546921900
1679546921793,1679546921939
1679546921919,1679546922034
1679546921930,1679546922101
1679546921921,1679546922122
1679546921977,1679546922248
1679546921925,1679546922272
1679546922038,1679546922306
1679546922043,1679546922342
1679546922041,1679546922390
1679546922291,1679546922423
1679546922251,1679546922456
1679546922309,1679546922484
1679546922418,1679546922642
1679546922512,1679546922652
1679546922508,1679546922667
1679546922532,1679546922722
1679546922719,1679546922858
1679546922611,1679546922900
1679546922673,1679546922929
1679546922821,1679546922989
1679546922740,1679546923017
1679546922845,1679546923089
1679546922765,1679546923107
1679546922923,1679546923136
1679546922980,1679546923137
1679546922961,1679546923236
1679546922973,1679546923243
1679546923045,1679546923246
1679546923085,1679546923328
1679546923158,1679546923371
1679546923119,1679546923416
1679546923281,1679546923437
1679546923332,1679546923577
1679546923341,1679546923602
1679546923381,1679546923610
1679546923116,1679546923678
1679546923467,1679546923689
1679546923581,1679546923747
1679546923641,1679546923770
1679546923413,1679546923801
1679546923672,1679546923909
1679546923546,1679546923994
1679546923817,1679546923998
1679546923873,1679546924054
1679546923846,1679546924058
1679546923685,1679546924066
1679546923987,1679546924148
1679546923887,1679546924170
1679546924048,1679546924277
1679546924129,1679546924323
1679546924145,1679546924340
1679546924429,1679546924542
1679546924317,1679546924555
1679546924383,1679546924572
1679546924355,1679546924595
1679546924301,1679546924623
1679546924414,1679546924744
1679546924499,1679546924756
1679546924599,1679546924827
1679546924665,1679546924830
1679546924595,1679546924887
1679546924600,1679546924963
1679546924737,1679546924979
1679546924758,1679546925013
1679546924842,1679546925020
1679546924835,1679546925023
1679546924737,1679546925064
1679546924937,1679546925142
1679546924841,1679546925182
1679546925093,1679546925302
1679546925106,1679546925330
1679546924960,1679546925332
1679546925149,1679546925349
1679546925241,1679546925492
1679546925399,1679546925535
1679546925157,1679546925540
1679546925397,1679546925662
1679546925568,1679546925722
1679546925540,1679546925757
1679546925454,1679546925811
1679546925557,1679546925820
1679546925794,1679546925893
1679546925685,1679546925898
1679546925645,1679546925902
1679546925685,1679546926009
1679546925843,1679546926049
1679546925868,1679546926134
1679546926036,1679546926176
1679546925930,1679546926177
1679546925810,1679546926185
1679546926081,1679546926329
1679546925931,1679546926334
1679546926150,1679546926362
1679546926215,1679546926390
1679546926219,1679546926395
1679546926194,1679546926443
1679546926296,1679546926481
1679546926383,1679546926626
1679546926517,1679546926729
1679546926588,1679546926742
1679546926357,1679546926755
1679546926669,1679546926870
1679546926524,1679546926898
1679546926629,1679546926959
1679546926925,1679546927044
1679546926629,1679546927090
1679546926859,1679546927136
1679546926820,1679546927172
1679546927003,1679546927232
1679546927036,1679546927264
1679546926865,1679546927271
1679546927217,1679546927341
1679546927204,1679546927383
1679546927197,1679546927475
1679546927364,1679546927539
1679546927301,1679546927549
1679546927437,1679546927611
1679546927432,1679546927632
1679546927466,1679546927715
1679546927565,1679546927717
1679546927441,1679546927755
1679546927457,1679546927778
1679546927456,1679546927778
1679546927664,1679546927812
1679546927644,1679546927838
1679546927549,1679546927885
1679546927705,1679546927938
1679546927763,1679546927946
1679546927717,1679546927976
1679546928035,1679546928256
1679546927958,1679546928296
1679546928009,1679546928301
1679546927965,1679546928314
1679546928396,1679546928641
1679546928490,1679546928649
1679546928003,1679546928653
1679546928378,1679546928659
1679546928363,1679546928792
1679546928428,1679546928817
1679546928669,1679546928866
1679546928697,1679546928880
1679546928616,1679546928883
1679546928610,1679546928968
1679546928656,1679546928973
1679546928709,1679546929006
1679546928760,1679546929012
1679546928591,1679546929016
1679546928753,1679546929025
1679546928884,1679546929058
1679546928636,1679546929067
1679546928871,1679546929158
1679546929102,1679546929324
1679546928915,1679546929353
1679546929013,1679546929360
1679546929194,1679546929428
1679546929239,1679546929543
1679546929293,1679546929607
1679546929535,1679546929740
1679546929455,1679546929743
1679546929498,1679546929769
1679546929735,1679546929812
1679546929649,1679546929815
1679546929527,1679546929843
1679546929706,1679546929898
1679546929675,1679546929917
1679546929749,1679546929940
1679546929714,1679546929983
1679546929855,1679546929989
1679546929787,1679546930003
1679546929687,1679546930039
1679546929877,1679546930149
1679546930051,1679546930198
1679546930081,1679546930256
1679546930155,1679546930404
1679546930203,1679546930472
1679546930227,1679546930490
1679546930231,1679546930538
1679546930419,1679546930606
1679546930216,1679546930611
1679546930293,1679546930612
1679546930472,1679546930727
1679546930517,1679546930732
1679546930686,1679546930866
1679546930591,1679546930876
1679546930688,1679546930943
1679546930831,1679546931049
1679546930830,1679546931060
1679546930995,1679546931106
1679546930886,1679546931135
1679546931049,1679546931230
1679546931115,1679546931245
1679546930844,1679546931266
1679546931158,1679546931316
1679546931121,1679546931336
1679546931164,1679546931390
1679546931201,1679546931418
1679546931253,1679546931442
1679546931273,1679546931522
1679546931233,1679546931562
1679546931521,1679546931662
1679546931558,1679546931698
1679546931554,1679546931758
1679546931498,1679546931810
1679546931625,1679546931824
1679546931613,1679546931845
1679546931753,1679546931980
1679546931713,1679546931980
1679546931723,1679546932107
1679546931869,1679546932219
1679546931893,1679546932248
1679546932040,1679546932268
1679546932022,1679546932309
1679546932051,1679546932322
1679546932176,1679546932353
1679546932226,1679546932358
1679546932168,1679546932430
1679546932272,1679546932476
1679546932319,1679546932542
1679546932146,1679546932548
1679546932103,1679546932569
1679546932348,1679546932574
1679546932477,1679546932631
1679546932417,1679546932706
1679546932411,1679546932721
1679546932616,1679546932787
1679546932651,1679546932836
1679546932829,1679546932943
1679546932806,1679546932981
1679546932674,1679546933003
1679546932714,1679546933010
1679546932792,1679546933109
1679546932907,1679546933111
1679546932842,1679546933113
1679546932764,1679546933189
1679546932943,1679546933216
1679546933158,1679546933401
1679546933321,1679546933493
1679546933368,1679546933526
1679546933459,1679546933644
1679546933381,1679546933650
1679546933433,1679546933680
1679546933598,1679546933754
1679546933543,1679546933768
1679546933481,1679546933790
1679546933481,1679546933791
1679546933657,1679546933814
1679546933609,1679546933843
1679546933633,1679546933852
1679546933585,1679546933869
1679546933638,1679546933883
1679546933786,1679546934073
1679546933808,1679546934112
1679546933883,1679546934139
1679546933958,1679546934211
1679546934047,1679546934268
1679546934092,1679546934333
1679546934192,1679546934335
1679546933945,1679546934340
1679546934129,1679546934372
1679546934250,1679546934424
1679546934240,1679546934458
1679546934489,1679546934664
1679546934497,1679546934673
1679546934381,1679546934679
1679546934574,1679546934768
1679546934565,1679546934794
1679546934547,1679546934903
1679546934602,1679546934907
1679546934643,1679546934930
1679546934655,1679546934996
1679546934687,1679546934998
1679546934825,1679546935015
1679546934605,1679546935017
1679546934891,1679546935018
1679546934795,1679546935162
1679546934990,1679546935173
1679546934719,1679546935227
1679546935201,1679546935435
1679546935108,1679546935461
1679546935197,1679546935518
1679546935420,1679546935618
1679546935487,1679546935641
1679546935225,1679546935664
1679546935331,1679546935668
1679546935541,1679546935674
1679546935502,1679546935715
1679546935674,1679546935886
1679546935537,1679546935892
1679546935649,1679546935901
1679546935521,1679546935945
1679546935737,1679546935972
1679546935733,1679546935975
1679546935849,1679546936048
1679546935818,1679546936052
1679546935841,1679546936158
1679546935986,1679546936221
1679546936063,1679546936346
1679546935937,1679546936382
1679546936221,1679546936389
1679546936139,1679546936395
1679546936252,1679546936426
1679546936225,1679546936487
1679546936417,1679546936601
1679546936508,1679546936655
1679546936465,1679546936670
1679546936353,1679546936747
1679546936643,1679546936837
1679546936566,1679546936866
1679546936639,1679546936913
1679546936821,1679546937016
1679546936737,1679546937026
1679546936787,1679546937047
1679546936899,1679546937079
1679546936925,1679546937131
1679546936927,1679546937220
1679546937105,1679546937246
1679546937158,1679546937325
1679546936977,1679546937359
1679546937108,1679546937369
1679546937144,1679546937402
1679546936965,1679546937437
1679546937297,1679546937444
1679546937317,1679546937491
1679546937355,1679546937555
1679546937359,1679546937620
1679546937500,1679546937666
1679546937475,1679546937727
1679546937467,1679546937785
1679546937401,1679546937801
1679546937612,1679546937936
1679546937861,1679546938037
1679546937945,1679546938115
1679546937900,1679546938135
1679546937780,1679546938137
1679546938124,1679546938253
1679546937963,1679546938316
1679546938033,1679546938316
1679546938054,1679546938335
1679546938260,1679546938430
1679546938172,1679546938452
1679546938321,1679546938493
1679546938354,1679546938536
1679546938436,1679546938699
1679546938573,1679546938705
1679546938322,1679546938713
1679546938484,1679546938732
1679546938450,1679546938733
1679546938507,1679546938789
1679546938587,1679546938791
1679546938705,1679546938859
1679546938630,1679546938863
1679546938565,1679546938893
1679546938653,1679546938919
1679546938592,1679546938933
1679546938813,1679546939076
1679546938811,1679546939095
1679546938921,1679546939096
1679546938993,1679546939186
1679546938921,1679546939233
1679546939226,1679546939405
1679546938872,1679546939432
1679546939342,1679546939481
1679546939136,1679546939511
1679546939335,1679546939544
1679546939175,1679546939553
1679546939359,1679546939571
1679546939613,1679546939805
1679546939616,1679546939814
1679546939741,1679546939902
1679546939556,1679546939928
1679546939856,1679546940021
1679546939713,1679546940028
1679546939843,1679546940043
1679546939900,1679546940091
1679546939677,1679546940093
1679546939877,1679546940105
1679546939987,1679546940131
1679546940019,1679546940160
1679546939985,1679546940255
1679546940069,1679546940284
1679546940118,1679546940299
1679546940000,1679546940299
1679546940151,1679546940321
1679546940006,1679546940343
1679546940435,1679546940562
1679546940226,1679546940581
1679546940414,1679546940590
1679546940405,1679546940693
1679546940537,1679546940829
1679546940613,1679546940893
1679546940626,1679546940915
1679546940713,1679546941030
1679546940890,1679546941101
1679546940899,1679546941174
1679546940927,1679546941220
1679546940983,1679546941269
1679546940877,1679546941339
1679546941106,1679546941348
1679546941119,1679546941388
1679546941113,1679546941435
1679546941330,1679546941502
1679546941289,1679546941546
1679546941306,1679546941551
1679546941326,1679546941639
1679546941479,1679546941639
1679546941420,1679546941672
1679546941509,1679546941685
1679546941565,1679546941734
1679546941657,1679546941791
1679546941515,1679546941793
1679546941592,1679546941819
1679546941441,1679546941897
1679546941780,1679546941969
1679546941655,1679546942030
1679546941861,1679546942051
1679546941742,1679546942139
1679546941823,1679546942171
1679546941901,1679546942221
1679546942173,1679546942412
1679546942340,1679546942586
1679546942424,1679546942607
1679546942442,1679546942629
1679546942435,1679546942645
1679546942456,1679546942647
1679546942420,1679546942660
1679546942533,1679546942760
1679546942620,1679546942796
1679546942590,1679546942855
1679546942629,1679546942869
1679546942774,1679546942968
1679546942843,1679546943054
1679546942762,1679546943066
1679546942640,1679546943090
1679546942905,1679546943147
1679546942733,1679546943174
1679546942779,1679546943182
1679546943101,1679546943313
1679546943044,1679546943317
1679546943096,1679546943408
1679546943173,1679546943429
1679546943260,1679546943444
1679546943288,1679546943543
1679546943346,1679546943549
1679546943510,1679546943655
1679546943489,1679546943656
1679546943237,1679546943656
1679546943459,1679546943657
1679546943416,1679546943674
1679546943503,1679546943817
1679546943711,1679546943956
1679546943805,1679546944005
1679546943830,1679546944035
1679546943956,1679546944121
1679546943866,1679546944147
1679546943916,1679546944187
1679546943972,1679546944255
1679546944048,1679546944353
1679546944166,1679546944356
1679546944179,1679546944375
1679546944211,1679546944383
1679546944004,1679546944415
1679546944205,1679546944513
1679546944277,1679546944538
1679546944342,1679546944544
1679546944430,1679546944564
1679546944438,1679546944675
1679546944542,1679546944829
1679546944527,1679546944829
1679546944799,1679546944892
1679546944658,1679546944922
1679546944695,1679546944939
1679546944749,1679546944988
1679546944857,1679546945041
1679546944794,1679546945053
1679546944812,1679546945068
1679546944864,1679546945099
1679546944989,1679546945253
1679546945078,1679546945256
1679546944945,1679546945259
1679546945070,1679546945265
1679546945088,1679546945374
1679546945303,1679546945558
1679546945385,1679546945563
1679546945443,1679546945584
1679546945287,1679546945635
1679546945527,1679546945680
1679546945589,1679546945785
1679546945669,1679546945944
1679546945683,1679546945953
1679546945685,1679546945981
1679546945719,1679546945988
1679546945857,1679546946008
1679546945805,1679546946095
1679546945815,1679546946104
1679546945885,1679546946142
1679546945965,1679546946186
1679546945991,1679546946194
1679546945951,1679546946246
1679546946112,1679546946328
1679546946062,1679546946353
1679546946190,1679546946451
1679546946208,1679546946454
1679546946258,1679546946474
1679546946293,1679546946566
1679546946429,1679546946606
1679546946277,1679546946659
1679546946730,1679546946842
1679546946599,1679546946871
1679546946453,1679546946889
1679546946719,1679546946896
1679546946821,1679546947027
1679546946765,1679546947066
1679546946813,1679546947131
1679546946878,1679546947160
1679546946769,1679546947195
1679546946757,1679546947202
1679546947020,1679546947276
1679546946975,1679546947284
1679546947115,1679546947311
1679546947135,1679546947314
1679546947219,1679546947357
1679546947033,1679546947382
1679546947305,1679546947504
1679546947367,1679546947516
1679546947336,1679546947612
1679546947416,1679546947620
1679546947644,1679546947855
1679546947781,1679546947931
1679546947500,1679546947972
1679546947713,1679546947975
1679546947879,1679546948034
1679546947772,1679546948048
1679546947537,1679546948070
1679546947941,1679546948176
1679546947975,1679546948199
1679546948016,1679546948260
1679546947763,1679546948267
1679546947894,1679546948277
1679546948152,1679546948281
1679546947967,1679546948377
1679546948193,1679546948419
1679546948339,1679546948468
1679546948364,1679546948504
1679546948416,1679546948600
1679546948151,1679546948600
1679546948328,1679546948623
1679546948542,1679546948691
1679546948431,1679546948694
1679546948559,1679546948713
1679546948367,1679546948731
1679546948703,1679546948916
1679546948822,1679546948959
1679546948795,1679546948978
1679546948919,1679546949142
1679546948921,1679546949185
1679546949109,1679546949295
1679546948951,1679546949303
1679546949156,1679546949360
1679546949164,1679546949385
1679546949171,1679546949401
1679546949215,1679546949411
1679546949311,1679546949487
1679546949249,1679546949577
1679546949339,1679546949577
1679546949329,1679546949599
1679546949459,1679546949713
1679546949485,1679546949745
1679546949463,1679546949802
1679546949471,1679546949817
1679546949562,1679546949819
1679546949568,1679546949868
1679546949636,1679546949919
1679546949716,1679546949929
1679546949758,1679546949970
1679546949644,1679546950042
1679546949847,1679546950073
1679546949940,1679546950084
1679546949763,1679546950092
1679546949745,1679546950300
1679546949976,1679546950308
1679546950170,1679546950326
1679546950171,1679546950342
1679546950223,1679546950552
1679546950409,1679546950624
1679546950448,1679546950690
1679546950597,1679546950782
1679546950366,1679546950827
1679546950766,1679546950875
1679546950572,1679546950930
1679546950723,1679546950960
1679546950783,1679546950999
1679546950852,1679546951028
1679546950583,1679546951113
1679546950895,1679546951125
1679546950751,1679546951181
1679546950929,1679546951216
1679546950884,1679546951310
1679546951137,1679546951346
1679546951159,1679546951348
1679546951147,1679546951349
1679546950757,1679546951369
1679546951217,1679546951426
1679546951277,1679546951444
1679546951217,1679546951474
1679546951131,1679546951531
1679546951303,1679546951655
1679546951393,1679546951708
1679546951425,1679546951729
1679546951551,1679546951831
1679546951719,1679546951886
1679546951670,1679546951930
1679546951774,1679546951975
1679546951715,1679546951985
1679546951907,1679546952058
1679546951813,1679546952062
1679546951679,1679546952082
1679546951889,1679546952131
1679546951945,1679546952164
1679546952025,1679546952175
1679546951979,1679546952245
1679546952179,1679546952386
1679546952204,1679546952399
1679546952075,1679546952451
1679546952256,1679546952529
1679546952443,1679546952613
1679546952280,1679546952651
1679546952407,1679546952700
1679546952616,1679546952772
1679546952569,1679546952852
1679546952437,1679546952871
1679546952621,1679546952876
1679546952791,1679546952966
1679546952863,1679546953071
1679546952866,1679546953080
1679546952744,1679546953120
1679546952577,1679546953136
1679546952985,1679546953169
1679546953017,1679546953175
1679546953058,1679546953205
1679546952885,1679546953215
1679546953027,1679546953219
1679546953124,1679546953315
1679546953238,1679546953487
1679546953228,1679546953520
1679546953336,1679546953564
1679546953514,1679546953645
1679546953612,1679546953703
1679546953376,1679546953752
1679546953494,1679546953761
1679546953555,1679546953803
1679546953814,1679546953917
1679546953740,1679546953991
1679546953698,1679546954049
1679546953855,1679546954088
1679546953965,1679546954148
1679546953998,1679546954152
1679546953775,1679546954181
1679546953879,1679546954271
1679546953959,1679546954333
1679546954142,1679546954352
1679546954165,1679546954378
1679546954281,1679546954444
1679546954244,1679546954476
1679546954217,1679546954489
1679546954113,1679546954491
1679546954273,1679546954535
1679546954365,1679546954547
1679546954427,1679546954667
1679546954453,1679546954695
1679546954651,1679546954779
1679546954610,1679546954833
1679546954589,1679546954844
1679546954632,1679546954893
1679546954677,1679546954925
1679546954881,1679546955079
1679546954874,1679546955089
1679546954869,1679546955131
1679546954969,1679546955141
1679546954938,1679546955165
1679546955020,1679546955236
1679546955046,1679546955299
1679546955271,1679546955439
1679546955224,1679546955449
1679546955312,1679546955456
1679546955243,1679546955512
1679546955393,1679546955545
1679546955338,1679546955564
1679546955311,1679546955612
1679546955318,1679546955666
1679546955381,1679546955709
1679546955485,1679546955737
1679546955584,1679546955808
1679546955795,1679546956058
1679546955973,1679546956154
1679546955989,1679546956162
1679546956037,1679546956262
1679546956081,1679546956355
1679546956075,1679546956389
1679546956170,1679546956392
1679546956200,1679546956392
1679546956184,1679546956414
1679546956243,1679546956552
1679546956001,1679546956591
1679546956373,1679546956606
1679546956465,1679546956616
1679546956424,1679546956781
1679546956591,1679546956900
1679546956574,1679546956909
1679546956682,1679546956925
1679546956736,1679546956950
1679546956604,1679546956985
1679546956761,1679546956986
1679546956741,1679546956993
1679546956655,1679546957014
1679546956703,1679546957046
1679546956965,1679546957075
1679546956759,1679546957119
1679546957005,1679546957271
1679546957063,1679546957372
1679546957124,1679546957394
1679546957385,1679546957545
1679546957389,1679546957563
1679546957307,1679546957571
1679546957356,1679546957622
1679546957471,1679546957633
1679546957446,1679546957721
1679546957527,1679546957757
1679546957462,1679546957758
1679546957443,1679546957764
1679546957615,1679546957843
1679546957666,1679546957880
1679546957673,1679546957923
1679546957747,1679546957940
1679546957790,1679546957961
1679546957830,1679546958039
1679546957757,1679546958090
1679546957935,1679546958110
1679546957982,1679546958213
1679546958110,1679546958230
1679546958119,1679546958306
1679546958166,1679546958421
1679546958257,1679546958453
1679546958240,1679546958457
1679546958341,1679546958484
1679546958165,1679546958519
1679546958416,1679546958550
1679546958461,1679546958586
1679546958497,1679546958644
1679546958473,1679546958752
1679546958519,1679546958813
1679546958612,1679546958842
1679546958674,1679546958852
1679546958793,1679546959078
1679546958874,1679546959081
1679546958796,1679546959095
1679546958932,1679546959178
1679546959043,1679546959228
1679546959038,1679546959377
1679546959316,1679546959487
1679546959169,1679546959536
1679546959429,1679546959623
1679546959498,1679546959679
1679546959509,1679546959698
1679546959452,1679546959703
1679546959577,1679546959737
1679546959533,1679546959741
1679546959420,1679546959746
1679546959427,1679546959780
1679546959597,1679546959821
1679546959359,1679546959859
1679546959721,1679546959948
1679546959627,1679546959951
1679546959699,1679546960020
1679546959862,1679546960043
1679546959865,1679546960044
1679546959804,1679546960051
1679546959899,1679546960080
1679546959941,1679546960097
1679546959861,1679546960158
1679546959660,1679546960317
1679546960020,1679546960404
1679546960253,1679546960433
1679546960267,1679546960477
1679546960164,1679546960499
1679546960267,1679546960589
1679546960483,1679546960737
1679546960597,1679546960811
1679546960580,1679546960849
1679546960695,1679546960934
1679546960793,1679546960988
1679546960800,1679546960997
1679546960829,1679546961028
1679546960801,1679546961050
1679546960881,1679546961135
1679546960924,1679546961135
1679546960768,1679546961157
1679546960977,1679546961165
1679546960999,1679546961239
1679546961088,1679546961315
1679546961134,1679546961431
1679546961117,1679546961512
1679546961339,1679546961528
1679546961421,1679546961533
1679546961373,1679546961585
1679546961348,1679546961646
1679546961467,1679546961648
1679546961413,1679546961673
1679546961370,1679546961692
1679546961179,1679546961711
1679546961561,1679546961754
1679546961458,1679546961761
1679546961655,1679546961840
1679546961729,1679546961883
1679546961762,1679546961928
1679546961642,1679546962025
1679546961950,1679546962096
1679546962053,1679546962164
1679546961861,1679546962195
1679546962148,1679546962281
1679546962039,1679546962357
1679546962179,1679546962461
1679546962319,1679546962529
1679546962410,1679546962615
1679546962414,1679546962628
1679546962413,1679546962652
1679546962662,1679546962752
1679546962456,1679546962811
1679546962442,1679546962823
1679546962501,1679546962851
1679546962501,1679546962908
1679546962675,1679546962942
1679546962724,1679546962972
1679546962699,1679546962991
1679546962800,1679546963067
1679546962925,1679546963076
1679546962877,1679546963113
1679546962858,1679546963135
1679546963055,1679546963245
1679546963141,1679546963310
1679546963033,1679546963464
1679546963311,1679546963488
1679546963195,1679546963501
1679546963347,1679546963583
1679546963429,1679546963619
1679546963642,1679546963797
1679546963504,1679546963800
1679546963585,1679546963800
1679546963564,1679546963863
1679546963740,1679546963872
1679546963639,1679546963911
1679546963647,1679546963913
1679546963812,1679546963993
1679546963787,1679546964033
1679546963926,1679546964044
1679546963899,1679546964133
1679546963869,1679546964176
1679546963976,1679546964252
1679546963874,1679546964257
1679546964048,1679546964259
1679546964119,1679546964404
1679546964306,1679546964445
1679546964336,1679546964554
1679546964417,1679546964588
1679546964417,1679546964589
1679546964393,1679546964618
1679546964393,1679546964708
1679546964293,1679546964731
1679546964625,1679546964752
1679546964625,1679546964759
1679546964553,1679546964921
1679546964628,1679546964989
1679546964510,1679546965000
1679546964681,1679546965073
1679546964837,1679546965074
1679546964875,1679546965104
1679546964944,1679546965214
1679546965081,1679546965276
1679546965065,1679546965278
1679546964961,1679546965285
1679546965086,1679546965314
1679546965137,1679546965353
1679546965127,1679546965391
1679546965094,1679546965506
1679546965291,1679546965535
1679546965309,1679546965537
1679546965447,1679546965620
1679546965402,1679546965657
1679546965221,1679546965666
1679546965614,1679546965872
1679546965614,1679546965878
1679546965715,1679546965960
1679546965758,1679546965970
1679546965959,1679546966075
1679546965781,1679546966142
1679546965908,1679546966156
1679546965913,1679546966192
1679546965947,1679546966203
1679546966043,1679546966212
1679546966129,1679546966300
1679546966097,1679546966362
1679546966102,1679546966365
1679546966145,1679546966405
1679546966132,1679546966561
1679546966435,1679546966579
1679546966348,1679546966593
1679546966349,1679546966599
1679546966491,1679546966723
1679546966546,1679546966856
1679546966614,1679546966860
1679546966765,1679546966973
1679546966849,1679546967029
1679546966729,1679546967059
1679546966805,1679546967115
1679546966929,1679546967118
1679546966741,1679546967139
1679546966845,1679546967162
1679546966916,1679546967163
1679546966913,1679546967207
1679546966860,1679546967275
1679546967186,1679546967317
1679546967121,1679546967376
1679546967145,1679546967481
1679546967279,1679546967504
1679546967321,1679546967587
1679546967519,1679546967650
1679546967348,1679546967680
1679546967203,1679546967684
1679546967597,1679546967792
1679546967785,1679546967957
1679546967905,1679546968065
1679546967807,1679546968081
1679546967959,1679546968218
1679546968121,1679546968225
1679546968031,1679546968268
1679546968094,1679546968274
1679546968095,1679546968309
1679546968085,1679546968351
1679546968189,1679546968455
1679546968269,1679546968458
1679546968120,1679546968488
1679546968414,1679546968612
1679546968193,1679546968630
1679546968465,1679546968643
1679546968507,1679546968659
1679546968417,1679546968665
1679546968547,1679546968741
1679546968593,1679546968773
1679546968645,1679546968829
1679546968533,1679546968873
1679546968601,1679546968906
1679546968682,1679546968944
1679546968672,1679546969001
1679546968957,1679546969149
1679546969077,1679546969193
1679546968882,1679546969203
1679546969095,1679546969223
1679546969120,1679546969420
1679546969210,1679546969446
1679546969146,1679546969459
1679546969307,1679546969461
1679546969275,1679546969464
1679546969267,1679546969576
1679546969421,1679546969639
1679546969410,1679546969727
1679546969481,1679546969751
1679546969537,1679546969760
1679546969565,1679546969769
1679546969695,1679546969802
1679546969216,1679546969806
1679546969623,1679546969839
1679546969649,1679546969841
1679546969697,1679546969895
1679546969662,1679546969982
1679546969708,1679546970074
1679546969965,1679546970109
1679546969889,1679546970129
1679546970002,1679546970162
1679546970041,1679546970335
1679546970189,1679546970384
1679546970199,1679546970520
1679546970354,1679546970534
1679546970320,1679546970566
1679546970378,1679546970579
1679546970323,1679546970610
1679546970411,1679546970613
1679546970436,1679546970629
1679546970477,1679546970817
1679546970482,1679546970846
1679546970695,1679546970916
1679546970807,1679546971019
1679546970575,1679546971115
1679546970958,1679546971167
1679546970948,1679546971191
1679546970930,1679546971202
1679546970981,1679546971232
1679546971140,1679546971310
1679546971081,1679546971328
1679546971153,1679546971337
1679546971264,1679546971416
1679546971254,1679546971435
1679546971146,1679546971461
1679546971285,1679546971556
1679546971262,1679546971572
1679546971465,1679546971668
1679546971275,1679546971675
1679546971503,1679546971711
1679546971489,1679546971734
1679546971543,1679546971759
1679546971613,1679546971799
1679546971569,1679546971803
1679546971592,1679546971850
1679546971755,1679546971909
1679546971851,1679546971967
1679546971851,1679546972014
1679546971859,1679546972019
1679546972019,1679546972234
1679546972060,1679546972290
1679546972180,1679546972317
1679546972187,1679546972323
1679546972171,1679546972324
1679546972241,1679546972494
1679546972291,1679546972556
1679546972351,1679546972565
1679546972431,1679546972571
1679546972376,1679546972579
1679546972257,1679546972604
1679546972439,1679546972659
1679546972504,1679546972713
1679546972428,1679546972793
1679546972441,1679546972862
1679546972669,1679546972924
1679546972777,1679546972930
1679546972650,1679546972940
1679546972640,1679546973032
1679546972709,1679546973044
1679546972757,1679546973064
1679546972859,1679546973078
1679546972865,1679546973196
1679546973123,1679546973277
1679546973131,1679546973357
1679546972996,1679546973364
1679546973233,1679546973376
1679546973358,1679546973519
1679546973436,1679546973519
1679546973332,1679546973575
1679546973230,1679546973580
1679546973473,1679546973673
1679546973513,1679546973699
1679546973349,1679546973762
1679546973706,1679546973983
1679546973856,1679546974061
1679546973815,1679546974125
1679546973881,1679546974135
1679546973966,1679546974160
1679546973973,1679546974166
1679546973966,1679546974212
1679546973946,1679546974236
1679546973973,1679546974243
1679546974073,1679546974258
1679546974006,1679546974305
1679546974165,1679546974329
1679546974105,1679546974353
1679546974157,1679546974590
1679546974405,1679546974591
1679546974417,1679546974598
1679546974484,1679546974662
1679546974523,1679546974696
1679546974640,1679546974794
1679546974514,1679546974799
1679546974208,1679546974803
1679546974699,1679546974939
1679546974785,1679546975002
1679546974789,1679546975006
1679546974879,1679546975008
1679546974776,1679546975021
1679546974869,1679546975054
1679546975018,1679546975176
1679546974939,1679546975212
1679546974985,1679546975215
1679546975066,1679546975226
1679546974945,1679546975283
1679546975047,1679546975309
1679546975233,1679546975426
1679546975216,1679546975484
1679546975331,1679546975518
1679546975171,1679546975612
1679546975507,1679546975756
1679546975587,1679546975779
1679546975535,1679546975806
1679546975441,1679546975840
1679546975591,1679546975857
1679546975378,1679546975910
1679546975834,1679546976029
1679546975775,1679546976047
1679546975841,1679546976085
1679546975890,1679546976092
1679546976092,1679546976268
1679546975960,1679546976286
1679546976004,1679546976301
1679546976171,1679546976333
1679546976159,1679546976363
1679546976037,1679546976374
1679546976113,1679546976389
1679546976264,1679546976454
1679546976335,1679546976486
1679546976295,1679546976510
1679546976424,1679546976585
1679546976456,1679546976626
1679546976555,1679546976843
1679546976631,1679546976949
1679546976866,1679546977058
1679546976940,1679546977088
1679546976951,1679546977196
1679546976915,1679546977237
1679546976982,1679546977335
1679546977129,1679546977391
1679546977065,1679546977413
1679546977213,1679546977417
1679546977055,1679546977421
1679546977113,1679546977471
1679546977337,1679546977521
1679546977139,1679546977528
1679546977311,1679546977552
1679546977376,1679546977556
1679546977318,1679546977589
1679546977363,1679546977606
1679546977414,1679546977629
1679546977375,1679546977721
1679546977573,1679546977786
1679546977501,1679546977826
1679546977611,1679546977832
1679546977760,1679546977997
1679546977782,1679546978030
1679546977837,1679546978032
1679546977830,1679546978055
1679546977876,1679546978127
1679546978010,1679546978211
1679546978036,1679546978216
1679546978069,1679546978267
1679546978057,1679546978335
1679546978111,1679546978445
1679546978326,1679546978525
1679546978388,1679546978628
1679546978581,1679546978730
1679546978493,1679546978747
1679546978603,1679546978782
1679546978649,1679546978825
1679546978664,1679546978845
1679546978747,1679546978900
1679546978774,1679546978937
1679546978789,1679546979069
1679546978800,1679546979077
1679546978898,1679546979087
1679546978928,1679546979106
1679546979087,1679546979253
1679546979063,1679546979256
1679546979128,1679546979316
1679546979053,1679546979364
1679546979159,1679546979371
1679546979361,1679546979457
1679546979413,1679546979510
1679546979362,1679546979596
1679546979361,1679546979598
1679546979248,1679546979609
1679546979337,1679546979615
1679546979427,1679546979631
1679546979588,1679546979710
1679546979549,1679546979766
1679546979591,1679546979873
1679546979693,1679546979878
1679546979611,1679546979899
1679546979726,1679546979974
1679546979779,1679546980027
1679546979877,1679546980082
1679546979861,1679546980092
1679546979898,1679546980093
1679546979933,1679546980203
1679546980099,1679546980204
1679546980003,1679546980213
1679546979965,1679546980290
1679546980142,1679546980347
1679546980169,1679546980442
1679546980261,1679546980493
1679546980432,1679546980546
1679546980376,1679546980585
1679546980448,1679546980586
1679546980302,1679546980588
1679546980568,1679546980760
1679546980551,1679546980817
1679546980645,1679546980847
1679546980639,1679546980858
1679546980644,1679546980900
1679546980711,1679546980913
1679546980783,1679546980945
1679546980663,1679546981015
1679546980837,1679546981016
1679546980710,1679546981035
1679546980936,1679546981230
1679546981043,1679546981240
1679546980992,1679546981363
1679546981191,1679546981394
1679546981170,1679546981450
1679546981179,1679546981451
1679546981171,1679546981556
1679546981424,1679546981604
1679546981511,1679546981679
1679546981461,1679546981719
1679546981350,1679546981768
1679546981621,1679546981800
1679546981609,1679546981800
1679546981621,1679546981823
1679546981609,1679546981864
1679546981717,1679546981916
1679546981781,1679546981920
1679546981696,1679546981957
1679546981842,1679546982039
1679546981744,1679546982189
1679546981933,1679546982196
1679546982099,1679546982267
1679546982215,1679546982451
1679546982295,1679546982502
1679546982320,1679546982576
1679546982392,1679546982629
1679546982321,1679546982647
1679546982406,1679546982688
1679546982490,1679546982776
1679546982519,1679546982840
1679546982688,1679546982947
1679546982548,1679546982967
1679546982794,1679546982988
1679546982703,1679546983046
1679546982903,1679546983147
1679546982975,1679546983158
1679546982850,1679546983174
1679546983041,1679546983182
1679546983101,1679546983302
1679546983091,1679546983326
1679546983173,1679546983332
1679546983096,1679546983334
1679546983181,1679546983347
1679546983249,1679546983486
1679546983239,1679546983494
1679546983274,1679546983540
1679546983316,1679546983611
1679546983569,1679546983730
1679546983596,1679546983788
1679546983636,1679546983797
1679546983514,1679546983820
1679546983381,1679546983850
1679546983845,1679546984007
1679546983893,1679546984026
1679546983752,1679546984069
1679546983803,1679546984082
1679546983889,1679546984119
1679546983805,1679546984131
1679546983952,1679546984135
1679546983930,1679546984196
1679546984002,1679546984299
1679546983989,1679546984331
1679546984147,1679546984439
1679546984367,1679546984537
1679546984372,1679546984580
1679546984454,1679546984624
1679546984532,1679546984639
1679546984514,1679546984691
1679546984581,1679546984768
1679546984742,1679546984987
1679546984664,1679546985023
1679546984770,1679546985067
1679546984916,1679546985092
1679546984911,1679546985116
1679546984997,1679546985141
1679546984938,1679546985174
1679546984890,1679546985188
1679546985099,1679546985336
1679546985032,1679546985357
1679546985076,1679546985384
1679546985153,1679546985408
1679546985262,1679546985453
1679546985394,1679546985515
1679546985308,1679546985553
1679546985291,1679546985572
1679546985337,1679546985614
1679546985401,1679546985629
1679546985488,1679546985654
1679546985518,1679546985794
1679546985548,1679546985866
1679546985486,1679546985875
1679546985672,1679546985914
1679546985767,1679546985988
1679546985787,1679546986006
1679546985885,1679546986076
1679546985748,1679546986123
1679546985961,1679546986169
1679546986025,1679546986240
1679546985985,1679546986378
1679546986261,1679546986453
1679546986240,1679546986456
1679546986040,1679546986479
1679546986204,1679546986539
1679546986291,1679546986542
1679546986200,1679546986577
1679546986420,1679546986626
1679546986404,1679546986659
1679546986492,1679546986677
1679546986616,1679546986803
1679546986637,1679546986890
1679546986702,1679546986946
1679546986733,1679546986978
1679546986855,1679546987031
1679546986689,1679546987075
1679546986817,1679546987186
1679546986737,1679546987217
1679546986982,1679546987219
1679546986919,1679546987297
1679546987126,1679546987347
1679546987253,1679546987453
1679546987009,1679546987490
1679546987455,1679546987584
1679546987247,1679546987611
1679546987530,1679546987615
1679546987284,1679546987621
1679546987437,1679546987686
1679546987609,1679546987727
1679546987533,1679546987771
1679546987519,1679546987803
1679546987500,1679546987811
1679546987617,1679546987860
1679546987727,1679546987984
1679546987778,1679546988028
1679546987714,1679546988061
1679546987801,1679546988063
1679546987968,1679546988105
1679546987902,1679546988140
1679546987966,1679546988238
1679546988109,1679546988364
1679546988143,1679546988379
1679546988102,1679546988386
1679546988208,1679546988457
1679546988144,1679546988467
1679546988290,1679546988485
1679546988187,1679546988582
1679546988556,1679546988798
1679546988409,1679546988814
1679546988646,1679546988866
1679546988550,1679546988868
1679546988701,1679546988878
1679546988570,1679546988886
1679546988704,1679546988886
1679546988753,1679546988964
1679546988841,1679546989034
1679546988889,1679546989042
1679546988859,1679546989109
1679546988782,1679546989133
1679546988964,1679546989147
1679546989049,1679546989221
1679546988946,1679546989293
1679546989091,1679546989403
1679546989172,1679546989437
1679546989089,1679546989441
1679546989263,1679546989503
1679546989200,1679546989509
1679546989396,1679546989649
1679546989439,1679546989649
1679546989493,1679546989708
1679546989629,1679546989798
1679546989595,1679546989804
1679546989613,1679546989824
1679546989774,1679546990016
1679546989792,1679546990038
1679546989943,1679546990087
1679546989724,1679546990097
1679546989966,1679546990155
1679546989865,1679546990172
1679546990113,1679546990282
1679546989918,1679546990294
1679546990147,1679546990376
1679546990008,1679546990427
1679546990248,1679546990456
1679546990358,1679546990468
1679546990121,1679546990483
1679546990217,1679546990507
1679546990324,1679546990556
1679546990323,1679546990578
1679546990458,1679546990716
1679546990580,1679546990788
1679546990482,1679546990897
1679546990869,1679546991008
1679546990723,1679546991034
1679546990808,1679546991113
1679546990787,1679546991118
1679546990889,1679546991143
1679546990989,1679546991162
1679546990747,1679546991191
1679546991005,1679546991342
1679546991095,1679546991385
1679546991183,1679546991424
1679546991199,1679546991445
1679546991191,1679546991478
1679546991349,1679546991480
1679546991074,1679546991556
1679546991343,1679546991666
1679546991505,1679546991691
1679546991513,1679546991697
1679546991325,1679546991796
1679546991455,1679546991830
1679546991615,1679546991841
1679546991643,1679546991847
1679546991291,1679546991865
1679546991849,1679546992034
1679546991953,1679546992101
1679546991780,1679546992174
1679546992050,1679546992216
1679546992092,1679546992370
1679546992021,1679546992388
1679546992195,1679546992442
1679546992282,1679546992523
1679546992349,1679546992534
1679546992306,1679546992561
1679546992398,1679546992572
1679546992345,1679546992575
1679546992433,1679546992639
1679546992493,1679546992744
1679546992635,1679546992844
1679546992727,1679546992868
1679546992755,1679546992994
1679546992863,1679546993054
1679546992869,1679546993066
1679546992917,1679546993089
1679546992814,1679546993121
1679546992717,1679546993159
1679546992890,1679546993187
1679546993028,1679546993285
1679546993161,1679546993338
1679546993096,1679546993389
1679546993068,1679546993419
1679546993225,1679546993430
1679546993209,1679546993536
1679546993323,1679546993552
1679546993409,1679546993583
1679546993425,1679546993639
1679546993413,1679546993639
1679546993493,1679546993708
1679546993533,1679546993724
1679546993575,1679546993773
1679546993639,1679546993816
1679546993644,1679546993872
1679546993745,1679546993904
1679546993745,1679546993935
1679546993632,1679546993953
1679546993676,1679546993991
1679546993780,1679546994057
1679546993738,1679546994069
1679546993857,1679546994100
1679546994009,1679546994231
1679546994190,1679546994316
1679546994144,1679546994385
1679546994210,1679546994414
1679546994323,1679546994509
1679546994453,1679546994605
1679546994361,1679546994643
1679546994373,1679546994717
1679546994531,1679546994730
1679546994729,1679546994881
1679546994761,1679546994944
1679546994638,1679546994945
1679546994689,1679546994971
1679546994617,1679546994981
1679546994850,1679546995096
1679546994794,1679546995141
1679546994947,1679546995193
1679546994934,1679546995228
1679546995052,1679546995269
1679546995027,1679546995290
1679546995089,1679546995302
1679546995073,1679546995344
1679546995113,1679546995355
1679546995161,1679546995383
1679546995377,1679546995577
1679546995305,1679546995614
1679546995383,1679546995622
1679546995248,1679546995623
1679546995331,1679546995673
1679546995316,1679546995744
1679546995471,1679546995753
1679546995569,1679546995801
1679546995537,1679546995851
1679546995577,1679546995905
1679546995796,1679546996018
1679546995834,1679546996022
1679546995879,1679546996049
1679546995826,1679546996068
1679546996009,1679546996168
1679546995924,1679546996190
1679546995945,1679546996200
1679546996237,1679546996319
1679546996082,1679546996376
1679546996120,1679546996459
1679546996306,1679546996491
1679546996342,1679546996561
1679546996201,1679546996569
1679546996505,1679546996684
1679546996531,1679546996712
1679546996491,1679546996725
1679546996551,1679546996774
1679546996581,1679546996814
1679546996759,1679546996873
1679546996933,1679546996993
1679546996790,1679546997131
1679546996977,1679546997148
1679546996951,1679546997149
1679546997087,1679546997241
1679546996934,1679546997285
1679546997071,1679546997301
1679546997149,1679546997330
1679546997217,1679546997470
1679546997218,1679546997489
1679546997186,1679546997551
1679546997081,1679546997581
1679546997231,1679546997595
1679546997484,1679546997687
1679546997440,1679546997762
1679546997561,1679546997799
1679546997562,1679546997813
1679546997508,1679546997818
1679546997553,1679546997858
1679546997770,1679546997878
1679546997734,1679546998075
1679546997823,1679546998105
1679546997881,1679546998119
1679546997975,1679546998173
1679546997990,1679546998226
1679546997901,1679546998251
1679546998087,1679546998318
1679546998153,1679546998330
1679546998040,1679546998351
1679546998191,1679546998354
1679546998119,1679546998397
1679546998181,1679546998406
1679546998197,1679546998439
1679546998401,1679546998543
1679546998375,1679546998639
1679546998476,1679546998691
1679546998503,1679546998692
1679546998471,1679546998849
1679546998716,1679546998854
1679546998713,1679546998872
1679546998724,1679546998927
1679546998698,1679546998938
1679546998797,1679546999063
1679546998808,1679546999095
1679546998875,1679546999209
1679546998947,1679546999241
1679546998489,1679546999259
1679546998974,1679546999269
1679546999148,1679546999292
1679546999057,1679546999322
1679546999146,1679546999418
1679546999265,1679546999491
1679546999292,1679546999578
1679546999399,1679546999633
1679546999441,1679546999635
1679546999345,1679546999691
1679546999516,1679546999732
1679546999293,1679546999763
1679546999665,1679546999851
1679546999717,1679546999875
1679546999532,1679546999880
1679546999576,1679546999888
1679546999581,1679546999892
1679546999819,1679546999989
1679546999789,1679547000048
1679547000014,1679547000224
1679547000212,1679547000352
1679547000142,1679547000419
1679547000297,1679547000471
1679547000376,1679547000593
1679547000342,1679547000600
1679547000433,1679547000622
1679547000485,1679547000706
1679547000501,1679547000732
1679547000621,1679547000743
