st,end
1676676476530,1676676483194
1676676476496,1676676483225
1676676476469,1676676483529
1676676476511,1676676483573
1676676476493,1676676483593
1676676476500,1676676483713
1676676476474,1676676483789
1676676476465,1676676483869
1676676476499,1676676483945
1676676476409,1676676483957
1676676476525,1676676483993
1676676476515,1676676484013
1676676477569,1676676484122
1676676476555,1676676484197
1676676476546,1676676484225
1676676476443,1676676484229
1676676476435,1676676484305
1676676476405,1676676484345
1676676476552,1676676484377
1676676476457,1676676484401
1676676476425,1676676484441
1676676476428,1676676484520
1676676476455,1676676484525
1676676476501,1676676484573
1676676483199,1676676484602
1676676483230,1676676484651
1676676480595,1676676484733
1676676476403,1676676484760
1676676481605,1676676484773
1676676476452,1676676484785
1676676476519,1676676484793
1676676476412,1676676484880
1676676483535,1676676484893
1676676476398,1676676484913
1676676476482,1676676484916
1676676479577,1676676484953
1676676476557,1676676484957
1676676476511,1676676485005
1676676476522,1676676485013
1676676476535,1676676485021
1676676483620,1676676485053
1676676476516,1676676485092
1676676483578,1676676485188
1676676476539,1676676485220
1676676476373,1676676485357
1676676484127,1676676485474
1676676483999,1676676485509
1676676483875,1676676485546
1676676484202,1676676485581
1676676483794,1676676485737
1676676483950,1676676485753
1676676483718,1676676485769
1676676484446,1676676485809
1676676483963,1676676485833
1676676483598,1676676485852
1676676484523,1676676485973
1676676484382,1676676486037
1676676484798,1676676486361
1676676484604,1676676486444
1676676484918,1676676486609
1676676484232,1676676486613
1676676484653,1676676486617
1676676484634,1676676486621
1676676484018,1676676486633
1676676484230,1676676486660
1676676485025,1676676486701
1676676484884,1676676486721
1676676484578,1676676486764
1676676484962,1676676486861
1676676484350,1676676486864
1676676484406,1676676486873
1676676485057,1676676487104
1676676484958,1676676487145
1676676485018,1676676487172
1676676484921,1676676487261
1676676484894,1676676487300
1676676485755,1676676487389
1676676484764,1676676487393
1676676485583,1676676487413
1676676485835,1676676487448
1676676485739,1676676487449
1676676484738,1676676487480
1676676484310,1676676487492
1676676484778,1676676487521
1676676485475,1676676487565
1676676485854,1676676487669
1676676485548,1676676487669
1676676484530,1676676487693
1676676485010,1676676487709
1676676485189,1676676487728
1676676485646,1676676487756
1676676485361,1676676487768
1676676486039,1676676487777
1676676486866,1676676487790
1676676486625,1676676487793
1676676486611,1676676487821
1676676485511,1676676487829
1676676485095,1676676487897
1676676486661,1676676487921
1676676486363,1676676487928
1676676486618,1676676488001
1676676485224,1676676488009
1676676485975,1676676488044
1676676486614,1676676488073
1676676486862,1676676488100
1676676486874,1676676488101
1676676484789,1676676488101
1676676486635,1676676488125
1676676485771,1676676488201
1676676487263,1676676488212
1676676487174,1676676488273
1676676485811,1676676488284
1676676486723,1676676488341
1676676486446,1676676488357
1676676486703,1676676488406
1676676486766,1676676488609
1676676487106,1676676488645
1676676487147,1676676488649
1676676487394,1676676488657
1676676487671,1676676488676
1676676487695,1676676488757
1676676487567,1676676488829
1676676487302,1676676488857
1676676487450,1676676488905
1676676487482,1676676488917
1676676487493,1676676488925
1676676487391,1676676488946
1676676487450,1676676488984
1676676487711,1676676489012
1676676487415,1676676489069
1676676487523,1676676489107
1676676487899,1676676489193
1676676487794,1676676489224
1676676487778,1676676489233
1676676487730,1676676489241
1676676488011,1676676489309
1676676487770,1676676489337
1676676488003,1676676489417
1676676487649,1676676489461
1676676487930,1676676489485
1676676487759,1676676489549
1676676488045,1676676489581
1676676487923,1676676489637
1676676488359,1676676489641
1676676488102,1676676489657
1676676488101,1676676489677
1676676487671,1676676489689
1676676488286,1676676489701
1676676488102,1676676489708
1676676488075,1676676489721
1676676488126,1676676489761
1676676488213,1676676489805
1676676487792,1676676489813
1676676487830,1676676489841
1676676488677,1676676489896
1676676488831,1676676489909
1676676488650,1676676489952
1676676488275,1676676489977
1676676488343,1676676489977
1676676488661,1676676489997
1676676488203,1676676490001
1676676487823,1676676490021
1676676488408,1676676490104
1676676488610,1676676490148
1676676489014,1676676490225
1676676489235,1676676490277
1676676488859,1676676490341
1676676489243,1676676490365
1676676488906,1676676490385
1676676488659,1676676490425
1676676488948,1676676490521
1676676489109,1676676490625
1676676489487,1676676490629
1676676488927,1676676490765
1676676488986,1676676490772
1676676489722,1676676490816
1676676489702,1676676490868
1676676488919,1676676490869
1676676489339,1676676490881
1676676488758,1676676490921
1676676489583,1676676490925
1676676489419,1676676490968
1676676488646,1676676490976
1676676489762,1676676491008
1676676489311,1676676491024
1676676489466,1676676491037
1676676489978,1676676491049
1676676489807,1676676491091
1676676489681,1676676491093
1676676489659,1676676491101
1676676489910,1676676491101
1676676489071,1676676491113
1676676489225,1676676491141
1676676489843,1676676491187
1676676489953,1676676491201
1676676489978,1676676491267
1676676490022,1676676491333
1676676489195,1676676491364
1676676489898,1676676491426
1676676489639,1676676491436
1676676489691,1676676491457
1676676489709,1676676491465
1676676489643,1676676491469
1676676489679,1676676491565
1676676489814,1676676491597
1676676489551,1676676491669
1676676490227,1676676491680
1676676490149,1676676491689
1676676490427,1676676491709
1676676490627,1676676491728
1676676490002,1676676491760
1676676490002,1676676491764
1676676490387,1676676491772
1676676490343,1676676491816
1676676490367,1676676491864
1676676490767,1676676492036
1676676490105,1676676492069
1676676491142,1676676492170
1676676490970,1676676492197
1676676490630,1676676492205
1676676491026,1676676492209
1676676490923,1676676492213
1676676490927,1676676492241
1676676491098,1676676492318
1676676490773,1676676492344
1676676490883,1676676492381
1676676491103,1676676492449
1676676490869,1676676492457
1676676491466,1676676492465
1676676490817,1676676492489
1676676490523,1676676492500
1676676490977,1676676492504
1676676491365,1676676492597
1676676491428,1676676492616
1676676491039,1676676492688
1676676490279,1676676492697
1676676491114,1676676492729
1676676491774,1676676492737
1676676491682,1676676492768
1676676491093,1676676492817
1676676491009,1676676492840
1676676491103,1676676492929
1676676491269,1676676492956
1676676491693,1676676492984
1676676491050,1676676492993
1676676491437,1676676493040
1676676491470,1676676493065
1676676491189,1676676493081
1676676490870,1676676493093
1676676491567,1676676493101
1676676491458,1676676493205
1676676491761,1676676493212
1676676491203,1676676493213
1676676491335,1676676493214
1676676491691,1676676493220
1676676492345,1676676493253
1676676491711,1676676493301
1676676491766,1676676493305
1676676491730,1676676493309
1676676492458,1676676493365
1676676492070,1676676493424
1676676491599,1676676493445
1676676492242,1676676493449
1676676491671,1676676493472
1676676492451,1676676493480
1676676492501,1676676493480
1676676492199,1676676493593
1676676491818,1676676493637
1676676492491,1676676493637
1676676491866,1676676493677
1676676492320,1676676493677
1676676492037,1676676493717
1676676492698,1676676493760
1676676492383,1676676493781
1676676492818,1676676493793
1676676492210,1676676493849
1676676492466,1676676493849
1676676492214,1676676493853
1676676492770,1676676493869
1676676492207,1676676493952
1676676492842,1676676493953
1676676493216,1676676494045
1676676492505,1676676494049
1676676493222,1676676494069
1676676492618,1676676494140
1676676492931,1676676494172
1676676492172,1676676494189
1676676492995,1676676494197
1676676492698,1676676494209
1676676492731,1676676494237
1676676492958,1676676494325
1676676493254,1676676494341
1676676493041,1676676494345
1676676493206,1676676494365
1676676492738,1676676494405
1676676492987,1676676494409
1676676492598,1676676494409
1676676493067,1676676494409
1676676493214,1676676494436
1676676492689,1676676494453
1676676493094,1676676494469
1676676493083,1676676494472
1676676493302,1676676494505
1676676493482,1676676494565
1676676493482,1676676494577
1676676493425,1676676494597
1676676493719,1676676494641
1676676493639,1676676494641
1676676493446,1676676494689
1676676493852,1676676494748
1676676493103,1676676494777
1676676493215,1676676494789
1676676493764,1676676494861
1676676493451,1676676494865
1676676493679,1676676494872
1676676493306,1676676494953
1676676493638,1676676494964
1676676493854,1676676494973
1676676493311,1676676495048
1676676493595,1676676495057
1676676493871,1676676495137
1676676493474,1676676495148
1676676493782,1676676495161
1676676493954,1676676495197
1676676494191,1676676495213
1676676494071,1676676495219
1676676493954,1676676495265
1676676494199,1676676495305
1676676493367,1676676495329
1676676493795,1676676495333
1676676494141,1676676495406
1676676494239,1676676495425
1676676494047,1676676495485
1676676493679,1676676495521
1676676494567,1676676495605
1676676494437,1676676495613
1676676493851,1676676495625
1676676494454,1676676495677
1676676494407,1676676495709
1676676494955,1676676495733
1676676494367,1676676495740
1676676494579,1676676495765
1676676494506,1676676495773
1676676494470,1676676495773
1676676494210,1676676495885
1676676494410,1676676495900
1676676494863,1676676495928
1676676494473,1676676495940
1676676494410,1676676495940
1676676494050,1676676495945
1676676494346,1676676495948
1676676494974,1676676495949
1676676494173,1676676495965
1676676494750,1676676495973
1676676494343,1676676496000
1676676494410,1676676496034
1676676494966,1676676496077
1676676494643,1676676496133
1676676494791,1676676496153
1676676494327,1676676496217
1676676495307,1676676496228
1676676495049,1676676496273
1676676494873,1676676496285
1676676495335,1676676496324
1676676494643,1676676496333
1676676494690,1676676496353
1676676494720,1676676496365
1676676495267,1676676496373
1676676494779,1676676496457
1676676495407,1676676496481
1676676495221,1676676496481
1676676495214,1676676496520
1676676494867,1676676496548
1676676494599,1676676496565
1676676495331,1676676496637
1676676495150,1676676496641
1676676495163,1676676496649
1676676495741,1676676496697
1676676495607,1676676496709
1676676495138,1676676496732
1676676495427,1676676496780
1676676495775,1676676496909
1676676495059,1676676496945
1676676495775,1676676496945
1676676495887,1676676497061
1676676495974,1676676497065
1676676495486,1676676497093
1676676495198,1676676497097
1676676495941,1676676497129
1676676495615,1676676497181
1676676495949,1676676497209
1676676495733,1676676497249
1676676495767,1676676497253
1676676495946,1676676497277
1676676495523,1676676497297
1676676496002,1676676497301
1676676496371,1676676497393
1676676495735,1676676497402
1676676495966,1676676497413
1676676496155,1676676497415
1676676496275,1676676497429
1676676496229,1676676497444
1676676495627,1676676497461
1676676495902,1676676497473
1676676495710,1676676497493
1676676496550,1676676497561
1676676496078,1676676497569
1676676495678,1676676497588
1676676496134,1676676497665
1676676496219,1676676497721
1676676496334,1676676497725
1676676495930,1676676497797
1676676496458,1676676497800
1676676495941,1676676497833
1676676496643,1676676497837
1676676496733,1676676497876
1676676496374,1676676497885
1676676495950,1676676497893
1676676496326,1676676497905
1676676496482,1676676497929
1676676496567,1676676497956
1676676496651,1676676497977
1676676497095,1676676497985
1676676496639,1676676498025
1676676496355,1676676498041
1676676496035,1676676498057
1676676496482,1676676498069
1676676496710,1676676498117
1676676496699,1676676498133
1676676496947,1676676498145
1676676496287,1676676498153
1676676497063,1676676498157
1676676496521,1676676498185
1676676496781,1676676498225
1676676496911,1676676498357
1676676497183,1676676498357
1676676496947,1676676498417
1676676497210,1676676498437
1676676497303,1676676498485
1676676497463,1676676498485
1676676497279,1676676498517
1676676497417,1676676498581
1676676497131,1676676498617
1676676497590,1676676498621
1676676497255,1676676498668
1676676497067,1676676498680
1676676497099,1676676498701
1676676497723,1676676498765
1676676497395,1676676498769
1676676497726,1676676498769
1676676497474,1676676498777
1676676497404,1676676498814
1676676497563,1676676498817
1676676497798,1676676498829
1676676497255,1676676498849
1676676497906,1676676498869
1676676497878,1676676498937
1676676497667,1676676498993
1676676497445,1676676499017
1676676497415,1676676499041
1676676497494,1676676499060
1676676497802,1676676499076
1676676497894,1676676499077
1676676497571,1676676499140
1676676497835,1676676499181
1676676497957,1676676499225
1676676497431,1676676499288
1676676498118,1676676499289
1676676497299,1676676499309
1676676498059,1676676499321
1676676498026,1676676499465
1676676498147,1676676499474
1676676497931,1676676499477
1676676497839,1676676499565
1676676498187,1676676499597
1676676498439,1676676499624
1676676498486,1676676499633
1676676498359,1676676499665
1676676497986,1676676499717
1676676498043,1676676499717
1676676498359,1676676499741
1676676497745,1676676499741
1676676498771,1676676499752
1676676498158,1676676499753
1676676498622,1676676499801
1676676498487,1676676499804
1676676498155,1676676499825
1676676498071,1676676499845
1676676498518,1676676499857
1676676498619,1676676499952
1676676497979,1676676499957
1676676498134,1676676500004
1676676498816,1676676500005
1676676498583,1676676500009
1676676498870,1676676500045
1676676499018,1676676500089
1676676499077,1676676500157
1676676498766,1676676500161
1676676499078,1676676500193
1676676498418,1676676500217
1676676497887,1676676500261
1676676498670,1676676500369
1676676498703,1676676500375
1676676499061,1676676500405
1676676498227,1676676500405
1676676499042,1676676500433
1676676498770,1676676500433
1676676498995,1676676500485
1676676498939,1676676500533
1676676499323,1676676500541
1676676498778,1676676500561
1676676498761,1676676500601
1676676499182,1676676500657
1676676499142,1676676500697
1676676499805,1676676500729
1676676499226,1676676500757
1676676498830,1676676500764
1676676499290,1676676500776
1676676498851,1676676500781
1676676499567,1676676500861
1676676499803,1676676500881
1676676499742,1676676500893
1676676499598,1676676500932
1676676499754,1676676500936
1676676499476,1676676500945
1676676499667,1676676500961
1676676499719,1676676500977
1676676499754,1676676500981
1676676499467,1676676500985
1676676499745,1676676501005
1676676499719,1676676501022
1676676499858,1676676501040
1676676499310,1676676501053
1676676499846,1676676501053
1676676498819,1676676501089
1676676500006,1676676501097
1676676499479,1676676501157
1676676500046,1676676501257
1676676499291,1676676501309
1676676500011,1676676501341
1676676500006,1676676501373
1676676499634,1676676501393
1676676499954,1676676501397
1676676500263,1676676501453
1676676498682,1676676501473
1676676500159,1676676501485
1676676499827,1676676501489
1676676499958,1676676501525
1676676500162,1676676501581
1676676499625,1676676501613
1676676500377,1676676501637
1676676500542,1676676501709
1676676500371,1676676501833
1676676500606,1676676501837
1676676500406,1676676501841
1676676500435,1676676501877
1676676500195,1676676501913
1676676500758,1676676501917
1676676500435,1676676501921
1676676501007,1676676501937
1676676500563,1676676501949
1676676500091,1676676501965
1676676500219,1676676502057
1676676500535,1676676502100
1676676500659,1676676502257
1676676500776,1676676502269
1676676501055,1676676502361
1676676500730,1676676502385
1676676500406,1676676502441
1676676500782,1676676502461
1676676500987,1676676502481
1676676501099,1676676502509
1676676500487,1676676502513
1676676500778,1676676502525
1676676500699,1676676502525
1676676500933,1676676502541
1676676500883,1676676502557
1676676500978,1676676502577
1676676501055,1676676502585
1676676500765,1676676502593
1676676501091,1676676502629
1676676501259,1676676502669
1676676501311,1676676502681
1676676501042,1676676502721
1676676500863,1676676502816
1676676501024,1676676502829
1676676500963,1676676502832
1676676501342,1676676502849
1676676501951,1676676502886
1676676501158,1676676502889
1676676500947,1676676502905
1676676500938,1676676502917
1676676501527,1676676502953
1676676501375,1676676502953
1676676500983,1676676502977
1676676501395,1676676503009
1676676500894,1676676503037
1676676501711,1676676503137
1676676501967,1676676503137
1676676501475,1676676503183
1676676501455,1676676503197
1676676501615,1676676503289
1676676501835,1676676503305
1676676501487,1676676503309
1676676501915,1676676503329
1676676501939,1676676503413
1676676501839,1676676503437
1676676501923,1676676503473
1676676501399,1676676503485
1676676501491,1676676503513
1676676502102,1676676503541
1676676502274,1676676503653
1676676502631,1676676503697
1676676501843,1676676503732
1676676501639,1676676503768
1676676501879,1676676503813
1676676502363,1676676503817
1676676501582,1676676503825
1676676502595,1676676503961
1676676502515,1676676503973
1676676502511,1676676503993
1676676501918,1676676504009
1676676502462,1676676504021
1676676502671,1676676504024
1676676502527,1676676504025
1676676502058,1676676504049
1676676502818,1676676504117
1676676502792,1676676504125
1676676502919,1676676504129
1676676502587,1676676504209
1676676502579,1676676504209
1676676502443,1676676504225
1676676502259,1676676504237
1676676502483,1676676504277
1676676502979,1676676504337
1676676502386,1676676504345
1676676502683,1676676504360
1676676502558,1676676504397
1676676503011,1676676504424
1676676502527,1676676504429
1676676502723,1676676504437
1676676503474,1676676504489
1676676502850,1676676504504
1676676503039,1676676504537
1676676503415,1676676504556
1676676502831,1676676504597
1676676502955,1676676504601
1676676503138,1676676504604
1676676502955,1676676504605
1676676502888,1676676504677
1676676503655,1676676504692
1676676503311,1676676504733
1676676503331,1676676504741
1676676503139,1676676504789
1676676503438,1676676504805
1676676503827,1676676504809
1676676503306,1676676504813
1676676502834,1676676504845
1676676503699,1676676504861
1676676503291,1676676504863
1676676503486,1676676504881
1676676503199,1676676504921
1676676502542,1676676504957
1676676502907,1676676504965
1676676504010,1676676504989
1676676503543,1676676505029
1676676502891,1676676505037
1676676504027,1676676505077
1676676503185,1676676505113
1676676504119,1676676505213
1676676503962,1676676505213
1676676504130,1676676505245
1676676503974,1676676505265
1676676503814,1676676505305
1676676504051,1676676505325
1676676504278,1676676505349
1676676504211,1676676505369
1676676503819,1676676505373
1676676503514,1676676505453
1676676503769,1676676505473
1676676504399,1676676505485
1676676503994,1676676505500
1676676503733,1676676505533
1676676504227,1676676505537
1676676504238,1676676505541
1676676504339,1676676505541
1676676504431,1676676505614
1676676504347,1676676505645
1676676504599,1676676505689
1676676504439,1676676505765
1676676504023,1676676505801
1676676504491,1676676505809
1676676504602,1676676505825
1676676504426,1676676505833
1676676504211,1676676505841
1676676504538,1676676505900
1676676504506,1676676505945
1676676504026,1676676505945
1676676504607,1676676505993
1676676504130,1676676506009
1676676504362,1676676506029
1676676504694,1676676506089
1676676504606,1676676506120
1676676504678,1676676506141
1676676504791,1676676506157
1676676504735,1676676506161
1676676504966,1676676506180
1676676504847,1676676506193
1676676504557,1676676506241
1676676504814,1676676506285
1676676504811,1676676506305
1676676504865,1676676506349
1676676504807,1676676506357
1676676505307,1676676506377
1676676504743,1676676506481
1676676504883,1676676506481
1676676504808,1676676506560
1676676504922,1676676506569
1676676505039,1676676506645
1676676504991,1676676506665
1676676505030,1676676506693
1676676505115,1676676506709
1676676504959,1676676506709
1676676505214,1676676506725
1676676505078,1676676506805
1676676504863,1676676506833
1676676505803,1676676506969
1676676505455,1676676506973
1676676505374,1676676506985
1676676505351,1676676507013
1676676505474,1676676507048
1676676505843,1676676507085
1676676505691,1676676507093
1676676506011,1676676507097
1676676505214,1676676507097
1676676505246,1676676507117
1676676505647,1676676507153
1676676506287,1676676507159
1676676505542,1676676507189
1676676505535,1676676507229
1676676505811,1676676507273
1676676505266,1676676507285
1676676505371,1676676507329
1676676506159,1676676507337
1676676505616,1676676507408
1676676505767,1676676507425
1676676505487,1676676507453
1676676506243,1676676507469
1676676505947,1676676507493
1676676505543,1676676507521
1676676505501,1676676507540
1676676506031,1676676507548
1676676505327,1676676507561
1676676505947,1676676507589
1676676506143,1676676507601
1676676506182,1676676507605
1676676506351,1676676507609
1676676506090,1676676507653
1676676505539,1676676507672
1676676505827,1676676507705
1676676506122,1676676507716
1676676505902,1676676507737
1676676505835,1676676507773
1676676506163,1676676507781
1676676505995,1676676507789
1676676506195,1676676507789
1676676506727,1676676507805
1676676506359,1676676507840
1676676506565,1676676507905
1676676506667,1676676507981
1676676506307,1676676508025
1676676507161,1676676508025
1676676506695,1676676508049
1676676506822,1676676508085
1676676506711,1676676508097
1676676506647,1676676508121
1676676506379,1676676508129
1676676506987,1676676508177
1676676506971,1676676508193
1676676506483,1676676508265
1676676506570,1676676508280
1676676506807,1676676508320
1676676507049,1676676508321
1676676506711,1676676508401
1676676507015,1676676508429
1676676507471,1676676508453
1676676506835,1676676508477
1676676506482,1676676508533
1676676507338,1676676508553
1676676507095,1676676508572
1676676507118,1676676508597
1676676507155,1676676508617
1676676507455,1676676508637
1676676507099,1676676508673
1676676507287,1676676508765
1676676507523,1676676508781
1676676507098,1676676508793
1676676507087,1676676508797
1676676507427,1676676508809
1676676507541,1676676508821
1676676507549,1676676508825
1676676506975,1676676508861
1676676507591,1676676508908
1676676507191,1676676508933
1676676507231,1676676508937
1676676507603,1676676508969
1676676507331,1676676509041
1676676508051,1676676509045
1676676507782,1676676509249
1676676507907,1676676509249
1676676508131,1676676509265
1676676507410,1676676509285
1676676507718,1676676509297
1676676507563,1676676509305
1676676507739,1676676509316
1676676508431,1676676509328
1676676507607,1676676509357
1676676508026,1676676509409
1676676507791,1676676509416
1676676507275,1676676509421
1676676507494,1676676509444
1676676508099,1676676509453
1676676507674,1676676509521
1676676508123,1676676509553
1676676507983,1676676509565
1676676507775,1676676509577
1676676508090,1676676509597
1676676507842,1676676509688
1676676507655,1676676509689
1676676508266,1676676509700
1676676508027,1676676509737
1676676507611,1676676509757
1676676508676,1676676509833
1676676507806,1676676509837
1676676507791,1676676509860
1676676508478,1676676509897
1676676508322,1676676509909
1676676508455,1676676509925
1676676508598,1676676509929
1676676508554,1676676509933
1676676508574,1676676509957
1676676508282,1676676509961
1676676507707,1676676510061
1676676508823,1676676510061
1676676508971,1676676510065
1676676508321,1676676510073
1676676508782,1676676510076
1676676508798,1676676510085
1676676508535,1676676510100
1676676508619,1676676510177
1676676508863,1676676510205
1676676508910,1676676510289
1676676508639,1676676510293
1676676509266,1676676510309
1676676509046,1676676510329
1676676508195,1676676510349
1676676508179,1676676510369
1676676508767,1676676510436
1676676508839,1676676510457
1676676509043,1676676510477
1676676509251,1676676510521
1676676508934,1676676510521
1676676509422,1676676510529
1676676509446,1676676510534
1676676508403,1676676510549
1676676508795,1676676510569
1676676509306,1676676510593
1676676509286,1676676510609
1676676508939,1676676510625
1676676509522,1676676510645
1676676508811,1676676510665
1676676509411,1676676510685
1676676509690,1676676510765
1676676509330,1676676510769
1676676509455,1676676510825
1676676509599,1676676510853
1676676509862,1676676510901
1676676509911,1676676510965
1676676509566,1676676510981
1676676509318,1676676511049
1676676509555,1676676511061
1676676509689,1676676511089
1676676509899,1676676511105
1676676509298,1676676511109
1676676509417,1676676511118
1676676509250,1676676511145
1676676509359,1676676511164
1676676509739,1676676511169
1676676509759,1676676511189
1676676508826,1676676511201
1676676509931,1676676511249
1676676510066,1676676511297
1676676510077,1676676511317
1676676510179,1676676511345
1676676509963,1676676511404
1676676509927,1676676511405
1676676509579,1676676511413
1676676510462,1676676511441
1676676510102,1676676511477
1676676509934,1676676511489
1676676509959,1676676511505
1676676510206,1676676511505
1676676510075,1676676511525
1676676509701,1676676511549
1676676510479,1676676511633
1676676510523,1676676511645
1676676510350,1676676511677
1676676509835,1676676511681
1676676510437,1676676511688
1676676510086,1676676511697
1676676510611,1676676511721
1676676510291,1676676511756
1676676510063,1676676511765
1676676510767,1676676511785
1676676510063,1676676511805
1676676510310,1676676511809
1676676510295,1676676511833
1676676510627,1676676511837
1676676510523,1676676511861
1676676510666,1676676511869
1676676510571,1676676511897
1676676510330,1676676511928
1676676510536,1676676511973
1676676510982,1676676512041
1676676510646,1676676512061
1676676510551,1676676512097
1676676510371,1676676512108
1676676510827,1676676512124
1676676510771,1676676512145
1676676509839,1676676512157
1676676510687,1676676512277
1676676511091,1676676512309
1676676511146,1676676512324
1676676511051,1676676512384
1676676511166,1676676512404
1676676510903,1676676512408
1676676511111,1676676512413
1676676511063,1676676512417
1676676510595,1676676512445
1676676511191,1676676512521
1676676510966,1676676512569
1676676511299,1676676512649
1676676511406,1676676512737
1676676511527,1676676512741
1676676510855,1676676512741
1676676511698,1676676512765
1676676511690,1676676512777
1676676511170,1676676512781
1676676511407,1676676512801
1676676511319,1676676512825
1676676511479,1676676512849
1676676511119,1676676512873
1676676511203,1676676512873
1676676510531,1676676512893
1676676511106,1676676512921
1676676511723,1676676512921
1676676511250,1676676512949
1676676511443,1676676513049
1676676511757,1676676513073
1676676511347,1676676513088
1676676511507,1676676513089
1676676511811,1676676513092
1676676511975,1676676513149
1676676511414,1676676513169
1676676511838,1676676513177
1676676511491,1676676513181
1676676511858,1676676513189
1676676511766,1676676513221
1676676512099,1676676513233
1676676511635,1676676513241
1676676511787,1676676513260
1676676511679,1676676513285
1676676511871,1676676513325
1676676511862,1676676513329
1676676511899,1676676513412
1676676512043,1676676513413
1676676511551,1676676513421
1676676512310,1676676513501
1676676512126,1676676513544
1676676512063,1676676513545
1676676512110,1676676513545
1676676511807,1676676513549
1676676512414,1676676513554
1676676512147,1676676513557
1676676511682,1676676513576
1676676512159,1676676513625
1676676512523,1676676513645
1676676512447,1676676513705
1676676511835,1676676513709
1676676512279,1676676513741
1676676512650,1676676513793
1676676512406,1676676513793
1676676512743,1676676513813
1676676512386,1676676513817
1676676512571,1676676513817
1676676511507,1676676513833
1676676511646,1676676513853
1676676511929,1676676513921
1676676512783,1676676513937
1676676512739,1676676513965
1676676512803,1676676513969
1676676512875,1676676513972
1676676512827,1676676514009
1676676512923,1676676514009
1676676513182,1676676514069
1676676512779,1676676514125
1676676512418,1676676514153
1676676512743,1676676514176
1676676512875,1676676514225
1676676512851,1676676514245
1676676512410,1676676514253
1676676513090,1676676514265
1676676513051,1676676514285
1676676513074,1676676514292
1676676513243,1676676514385
1676676513171,1676676514389
1676676513287,1676676514445
1676676513194,1676676514461
1676676512894,1676676514481
1676676512923,1676676514546
1676676512951,1676676514573
1676676513235,1676676514617
1676676513090,1676676514621
1676676513094,1676676514653
1676676513331,1676676514669
1676676513223,1676676514689
1676676513179,1676676514788
1676676512766,1676676514792
1676676513503,1676676514793
1676676513711,1676676514809
1676676513151,1676676514877
1676676512326,1676676514889
1676676513559,1676676514904
1676676513262,1676676514973
1676676513414,1676676514986
1676676513414,1676676514986
1676676513706,1676676514997
1676676513854,1676676515005
1676676513551,1676676515017
1676676514127,1676676515077
1676676513627,1676676515144
1676676513547,1676676515161
1676676513547,1676676515165
1676676514010,1676676515229
1676676513327,1676676515229
1676676513422,1676676515296
1676676513795,1676676515317
1676676514011,1676676515333
1676676513556,1676676515336
1676676514155,1676676515337
1676676513923,1676676515369
1676676513546,1676676515393
1676676513835,1676676515421
1676676513647,1676676515425
1676676513974,1676676515445
1676676514070,1676676515473
1676676514226,1676676515533
1676676513815,1676676515569
1676676513938,1676676515593
1676676513819,1676676515601
1676676514654,1676676515601
1676676513743,1676676515613
1676676513578,1676676515637
1676676514293,1676676515681
1676676514267,1676676515705
1676676514483,1676676515717
1676676514254,1676676515725
1676676514247,1676676515788
1676676513967,1676676515789
1676676513795,1676676515801
1676676514386,1676676515807
1676676514575,1676676515813
1676676514391,1676676515841
1676676514623,1676676515897
1676676514619,1676676515908
1676676513971,1676676515914
1676676514794,1676676515925
1676676514999,1676676515961
1676676514178,1676676515973
1676676514690,1676676516001
1676676514794,1676676516001
1676676514988,1676676516057
1676676514287,1676676516057
1676676513819,1676676516073
1676676514463,1676676516133
1676676514548,1676676516141
1676676515006,1676676516189
1676676514790,1676676516293
1676676515334,1676676516381
1676676514447,1676676516397
1676676514890,1676676516409
1676676514874,1676676516421
1676676514671,1676676516465
1676676514879,1676676516477
1676676515079,1676676516481
1676676515163,1676676516489
1676676515447,1676676516497
1676676514810,1676676516525
1676676515427,1676676516541
1676676515166,1676676516585
1676676515231,1676676516601
1676676515318,1676676516607
1676676514974,1676676516617
1676676514988,1676676516645
1676676515594,1676676516696
1676676515791,1676676516701
1676676515614,1676676516705
1676676515297,1676676516733
1676676515602,1676676516733
1676676515338,1676676516816
1676676515422,1676676516827
1676676515639,1676676516840
1676676515018,1676676516841
1676676514906,1676676516853
1676676515809,1676676516857
1676676515338,1676676516916
1676676515719,1676676516949
1676676515534,1676676516953
1676676516058,1676676516957
1676676515706,1676676516969
1676676515815,1676676517073
1676676515571,1676676517077
1676676515394,1676676517089
1676676515915,1676676517117
1676676515371,1676676517133
1676676515727,1676676517133
1676676516075,1676676517165
1676676515231,1676676517193
1676676515843,1676676517212
1676676515146,1676676517249
1676676515898,1676676517264
1676676516383,1676676517313
1676676515682,1676676517333
1676676515475,1676676517341
1676676515602,1676676517349
1676676515802,1676676517381
1676676515790,1676676517453
1676676515974,1676676517461
1676676516003,1676676517485
1676676516003,1676676517517
1676676516135,1676676517549
1676676516295,1676676517581
1676676516587,1676676517581
1676676516426,1676676517601
1676676516399,1676676517609
1676676515962,1676676517613
1676676516466,1676676517644
1676676515926,1676676517669
1676676516618,1676676517672
1676676516527,1676676517676
1676676516411,1676676517821
1676676516542,1676676517825
1676676516478,1676676517833
1676676516142,1676676517860
1676676516818,1676676517865
1676676516483,1676676517873
1676676517090,1676676517893
1676676516646,1676676517953
1676676515910,1676676518021
1676676516491,1676676518065
1676676516954,1676676518089
1676676516059,1676676518109
1676676516190,1676676518121
1676676517119,1676676518125
1676676516609,1676676518141
1676676516734,1676676518161
1676676516829,1676676518161
1676676516918,1676676518188
1676676516707,1676676518205
1676676516841,1676676518261
1676676516702,1676676518301
1676676517167,1676676518349
1676676516498,1676676518360
1676676517074,1676676518401
1676676516959,1676676518425
1676676517079,1676676518441
1676676516603,1676676518472
1676676516855,1676676518513
1676676516971,1676676518541
1676676517134,1676676518557
1676676517519,1676676518581
1676676516950,1676676518609
1676676517343,1676676518633
1676676517334,1676676518641
1676676517194,1676676518641
1676676516858,1676676518661
1676676517582,1676676518693
1676676517610,1676676518717
1676676517213,1676676518737
1676676517266,1676676518741
1676676516734,1676676518749
1676676517382,1676676518749
1676676517135,1676676518797
1676676516842,1676676518801
1676676516697,1676676518801
1676676517875,1676676518849
1676676517550,1676676518913
1676676517646,1676676518925
1676676517583,1676676518961
1676676517867,1676676518968
1676676517463,1676676518993
1676676517487,1676676519021
1676676517315,1676676519073
1676676517455,1676676519097
1676676517861,1676676519105
1676676517895,1676676519145
1676676517351,1676676519193
1676676517251,1676676519233
1676676517614,1676676519241
1676676517955,1676676519289
1676676518023,1676676519329
1676676518443,1676676519409
1676676518110,1676676519409
1676676518127,1676676519421
1676676518163,1676676519437
1676676517822,1676676519437
1676676517826,1676676519457
1676676517670,1676676519469
1676676518351,1676676519497
1676676517603,1676676519541
1676676518403,1676676519557
1676676518143,1676676519561
1676676518263,1676676519561
1676676518122,1676676519605
1676676517678,1676676519644
1676676518067,1676676519669
1676676518207,1676676519685
1676676518426,1676676519729
1676676517835,1676676519753
1676676518091,1676676519761
1676676518362,1676676519769
1676676518189,1676676519773
1676676517674,1676676519857
1676676518558,1676676519873
1676676518970,1676676519929
1676676518611,1676676519976
1676676518303,1676676520005
1676676518662,1676676520065
1676676518719,1676676520113
1676676518739,1676676520121
1676676518583,1676676520130
1676676518751,1676676520137
1676676518915,1676676520137
1676676518743,1676676520201
1676676518750,1676676520212
1676676518962,1676676520241
1676676518927,1676676520265
1676676518474,1676676520285
1676676518803,1676676520300
1676676519107,1676676520317
1676676518515,1676676520345
1676676518643,1676676520345
1676676519410,1676676520357
1676676519195,1676676520361
1676676518695,1676676520381
1676676518995,1676676520397
1676676519410,1676676520441
1676676518162,1676676520445
1676676518543,1676676520509
1676676519423,1676676520522
1676676519023,1676676520660
1676676519438,1676676520729
1676676519243,1676676520765
1676676519075,1676676520781
1676676518635,1676676520817
1676676519099,1676676520817
1676676519563,1676676520837
1676676519607,1676676520853
1676676518803,1676676520917
1676676519646,1676676520957
1676676519235,1676676520958
1676676518642,1676676521037
1676676518851,1676676521041
1676676519459,1676676521051
1676676519330,1676676521081
1676676519291,1676676521093
1676676520006,1676676521105
1676676519439,1676676521109
1676676519897,1676676521123
1676676520138,1676676521141
1676676519859,1676676521153
1676676519498,1676676521169
1676676519770,1676676521189
1676676519670,1676676521213
1676676519470,1676676521233
1676676518799,1676676521253
1676676519147,1676676521268
1676676519542,1676676521333
1676676519563,1676676521357
1676676519754,1676676521381
1676676520131,1676676521441
1676676519875,1676676521465
1676676520115,1676676521477
1676676520067,1676676521489
1676676519775,1676676521521
1676676520358,1676676521561
1676676519978,1676676521562
1676676519730,1676676521605
1676676519559,1676676521617
1676676520203,1676676521637
1676676520383,1676676521649
1676676519931,1676676521660
1676676520301,1676676521661
1676676520122,1676676521673
1676676520443,1676676521734
1676676519763,1676676521737
1676676520267,1676676521879
1676676520918,1676676521897
1676676520524,1676676521925
1676676520855,1676676521969
1676676520242,1676676522005
1676676520347,1676676522005
1676676520838,1676676522008
1676676520447,1676676522069
1676676520511,1676676522073
1676676519686,1676676522093
1676676520319,1676676522121
1676676520214,1676676522157
1676676520661,1676676522157
1676676520960,1676676522261
1676676520959,1676676522273
1676676520138,1676676522281
1676676520347,1676676522301
1676676520286,1676676522337
1676676520819,1676676522345
1676676520399,1676676522373
1676676521154,1676676522377
1676676521563,1676676522397
1676676521111,1676676522457
1676676521479,1676676522469
1676676521043,1676676522505
1676676520363,1676676522577
1676676521269,1676676522597
1676676521335,1676676522613
1676676521038,1676676522677
1676676520730,1676676522697
1676676521143,1676676522714
1676676520783,1676676522785
1676676520819,1676676522789
1676676521735,1676676522801
1676676521358,1676676522821
1676676521675,1676676522861
1676676521053,1676676522881
1676676521254,1676676522953
1676676521215,1676676522973
1676676521107,1676676523021
1676676521662,1676676523025
1676676521564,1676676523045
1676676521926,1676676523065
1676676521898,1676676523073
1676676521662,1676676523093
1676676521083,1676676523117
1676676521171,1676676523141
1676676522006,1676676523197
1676676521650,1676676523225
1676676521738,1676676523241
1676676521443,1676676523249
1676676522007,1676676523309
1676676521618,1676676523340
1676676520767,1676676523340
1676676521607,1676676523361
1676676521235,1676676523421
1676676521638,1676676523425
1676676522010,1676676523489
1676676521191,1676676523497
1676676521127,1676676523553
1676676521522,1676676523565
1676676522303,1676676523589
1676676522338,1676676523597
1676676522122,1676676523616
1676676521383,1676676523629
1676676522506,1676676523653
1676676521880,1676676523665
1676676522159,1676676523689
1676676522399,1676676523689
1676676522375,1676676523709
1676676521491,1676676523753
1676676521466,1676676523761
1676676522075,1676676523765
1676676522471,1676676523825
1676676522071,1676676523845
1676676521094,1676676523845
1676676522379,1676676523853
1676676522678,1676676523869
1676676522716,1676676523885
1676676522094,1676676523945
1676676522264,1676676523993
1676676522158,1676676524117
1676676522282,1676676524149
1676676522615,1676676524169
1676676523026,1676676524185
1676676522275,1676676524197
1676676522579,1676676524197
1676676523095,1676676524197
1676676523066,1676676524201
1676676522698,1676676524317
1676676523342,1676676524317
1676676522459,1676676524317
1676676521971,1676676524337
1676676522791,1676676524345
1676676522882,1676676524393
1676676522862,1676676524401
1676676523363,1676676524433
1676676522975,1676676524461
1676676523554,1676676524513
1676676523046,1676676524536
1676676522787,1676676524569
1676676522347,1676676524601
1676676522803,1676676524605
1676676523711,1676676524685
1676676523342,1676676524713
1676676522599,1676676524753
1676676523023,1676676524803
1676676523074,1676676524813
1676676523227,1676676524825
1676676523143,1676676524829
1676676523618,1676676524868
1676676523566,1676676524873
1676676523691,1676676524897
1676676523598,1676676524905
1676676523499,1676676524933
1676676523119,1676676524965
1676676522823,1676676524973
1676676523887,1676676524981
1676676523666,1676676524981
1676676523654,1676676525041
1676676522954,1676676525057
1676676523690,1676676525061
1676676523423,1676676525093
1676676524319,1676676525125
1676676523754,1676676525137
1676676523767,1676676525139
1676676523199,1676676525225
1676676523491,1676676525245
1676676523763,1676676525281
1676676523426,1676676525313
1676676523310,1676676525329
1676676523243,1676676525365
1676676523631,1676676525377
1676676523855,1676676525389
1676676524199,1676676525425
1676676523871,1676676525433
1676676523827,1676676525441
1676676524199,1676676525453
1676676523250,1676676525485
1676676523947,1676676525497
1676676524171,1676676525513
1676676523847,1676676525569
1676676523847,1676676525613
1676676524187,1676676525653
1676676524607,1676676525661
1676676523994,1676676525669
1676676524319,1676676525685
1676676524150,1676676525697
1676676524199,1676676525709
1676676524347,1676676525761
1676676523590,1676676525777
1676676524463,1676676525785
1676676524403,1676676525789
1676676524603,1676676525816
1676676524435,1676676525840
1676676524875,1676676525881
1676676524571,1676676525909
1676676524831,1676676525930
1676676524537,1676676525937
1676676524687,1676676525943
1676676524514,1676676525957
1676676524202,1676676525981
1676676524715,1676676526009
1676676524805,1676676526049
1676676524119,1676676526061
1676676524755,1676676526093
1676676524319,1676676526105
1676676524394,1676676526109
1676676525043,1676676526157
1676676524814,1676676526189
1676676525141,1676676526241
1676676524338,1676676526269
1676676524974,1676676526313
1676676524935,1676676526329
1676676525283,1676676526333
1676676524827,1676676526357
1676676525379,1676676526373
1676676525138,1676676526373
1676676525058,1676676526385
1676676525571,1676676526405
1676676524983,1676676526429
1676676525095,1676676526465
1676676525127,1676676526553
1676676524907,1676676526577
1676676525455,1676676526585
1676676525671,1676676526677
1676676525367,1676676526685
1676676524899,1676676526753
1676676525655,1676676526781
1676676525227,1676676526801
1676676525315,1676676526809
1676676525391,1676676526825
1676676524870,1676676526869
1676676525062,1676676526877
1676676525515,1676676526905
1676676525699,1676676526929
1676676525435,1676676526946
1676676525763,1676676526964
1676676525498,1676676527001
1676676525791,1676676527033
1676676526107,1676676527041
1676676525841,1676676527113
1676676525663,1676676527141
1676676525982,1676676527149
1676676524983,1676676527163
1676676525787,1676676527169
1676676525486,1676676527188
1676676525443,1676676527193
1676676525615,1676676527197
1676676525330,1676676527249
1676676525779,1676676527281
1676676525817,1676676527289
1676676525687,1676676527293
1676676526158,1676676527305
1676676525910,1676676527329
1676676525944,1676676527333
1676676524967,1676676527353
1676676526359,1676676527369
1676676526430,1676676527393
1676676526051,1676676527405
1676676525932,1676676527441
1676676526375,1676676527449
1676676525711,1676676527473
1676676525959,1676676527489
1676676526387,1676676527521
1676676526335,1676676527529
1676676525427,1676676527569
1676676526315,1676676527589
1676676526406,1676676527637
1676676525883,1676676527645
1676676525938,1676676527657
1676676526555,1676676527661
1676676525247,1676676527688
1676676526331,1676676527721
1676676526094,1676676527788
1676676526011,1676676527865
1676676526271,1676676527869
1676676526063,1676676527929
1676676526111,1676676527945
1676676526930,1676676527953
1676676526587,1676676527953
1676676526783,1676676528041
1676676527043,1676676528069
1676676526811,1676676528109
1676676526467,1676676528117
1676676526948,1676676528125
1676676526687,1676676528137
1676676526375,1676676528138
1676676526754,1676676528185
1676676526966,1676676528188
1676676526879,1676676528201
1676676526827,1676676528241
1676676527165,1676676528261
1676676526579,1676676528273
1676676527115,1676676528284
1676676527291,1676676528305
1676676527150,1676676528357
1676676526907,1676676528377
1676676526871,1676676528429
1676676526802,1676676528460
1676676527190,1676676528461
1676676526678,1676676528502
1676676527371,1676676528513
1676676526243,1676676528533
1676676527330,1676676528573
1676676527491,1676676528593
1676676527035,1676676528625
1676676527003,1676676528660
1676676527294,1676676528673
1676676527283,1676676528685
1676676526191,1676676528693
1676676527251,1676676528701
1676676527195,1676676528717
1676676527171,1676676528733
1676676527523,1676676528853
1676676527335,1676676528861
1676676527723,1676676528885
1676676527354,1676676528885
1676676527450,1676676528885
1676676527530,1676676528911
1676676527394,1676676528925
1676676527591,1676676528929
1676676527790,1676676528953
1676676527662,1676676528961
1676676527407,1676676528989
1676676527198,1676676528997
1676676527143,1676676529017
1676676527308,1676676529025
1676676527690,1676676529041
1676676527646,1676676529076
1676676528042,1676676529117
1676676528127,1676676529129
1676676528263,1676676529209
1676676527443,1676676529217
1676676527867,1676676529225
1676676527475,1676676529261
1676676527658,1676676529276
1676676528118,1676676529293
1676676527955,1676676529293
1676676528139,1676676529317
1676676527570,1676676529321
1676676528140,1676676529329
1676676527639,1676676529397
1676676528285,1676676529409
1676676528186,1676676529437
1676676528574,1676676529449
1676676528110,1676676529461
1676676528202,1676676529501
1676676527954,1676676529513
1676676527947,1676676529516
1676676528071,1676676529568
1676676528190,1676676529569
1676676528307,1676676529621
1676676528627,1676676529645
1676676528379,1676676529729
1676676528503,1676676529781
1676676528703,1676676529781
1676676527930,1676676529789
1676676528243,1676676529797
1676676527871,1676676529827
1676676528595,1676676529913
1676676528674,1676676529941
1676676528662,1676676529945
1676676528275,1676676529953
1676676528515,1676676529989
1676676528535,1676676530017
1676676528430,1676676530029
1676676528358,1676676530053
1676676528963,1676676530073
1676676528462,1676676530185
1676676528734,1676676530189
1676676528930,1676676530217
1676676528990,1676676530233
1676676528855,1676676530242
1676676528862,1676676530272
1676676529043,1676676530281
1676676528887,1676676530297
1676676529323,1676676530301
1676676528695,1676676530309
1676676529318,1676676530337
1676676528461,1676676530353
1676676529078,1676676530377
1676676528719,1676676530425
1676676529131,1676676530429
1676676529294,1676676530433
1676676528954,1676676530477
1676676529294,1676676530513
1676676529411,1676676530529
1676676528913,1676676530569
1676676529211,1676676530573
1676676528887,1676676530585
1676676529330,1676676530629
1676676529027,1676676530680
1676676528886,1676676530729
1676676529450,1676676530733
1676676529462,1676676530733
1676676529019,1676676530753
1676676529227,1676676530781
1676676529263,1676676530797
1676676529119,1676676530809
1676676528927,1676676530828
1676676529943,1676676530885
1676676529438,1676676530929
1676676529503,1676676530957
1676676529399,1676676530957
1676676528687,1676676530961
1676676529646,1676676530965
1676676529828,1676676530969
1676676529783,1676676530988
1676676529570,1676676531005
1676676529518,1676676531053
1676676529798,1676676531061
1676676529783,1676676531077
1676676529622,1676676531093
1676676528998,1676676531109
1676676529219,1676676531125
1676676529954,1676676531181
1676676529278,1676676531221
1676676530031,1676676531233
1676676530019,1676676531269
1676676529571,1676676531281
1676676529730,1676676531285
1676676529915,1676676531301
1676676529515,1676676531309
1676676530186,1676676531328
1676676530235,1676676531353
1676676530191,1676676531365
1676676530311,1676676531400
1676676530218,1676676531411
1676676530531,1676676531433
1676676530074,1676676531469
1676676530435,1676676531497
1676676530273,1676676531513
1676676529991,1676676531545
1676676530338,1676676531597
1676676530282,1676676531621
1676676530299,1676676531635
1676676530303,1676676531645
1676676529946,1676676531701
1676676530515,1676676531705
1676676530379,1676676531741
1676676530682,1676676531745
1676676530479,1676676531745
1676676530571,1676676531757
1676676530354,1676676531769
1676676530574,1676676531777
1676676529790,1676676531780
1676676530587,1676676531785
1676676530631,1676676531964
1676676530887,1676676531969
1676676530755,1676676532001
1676676530054,1676676532021
1676676530783,1676676532033
1676676530243,1676676532053
1676676530431,1676676532109
1676676531303,1676676532113
1676676530427,1676676532117
1676676531054,1676676532165
1676676531007,1676676532189
1676676530735,1676676532192
1676676530811,1676676532209
1676676531283,1676676532221
1676676530730,1676676532233
1676676530970,1676676532233
1676676530959,1676676532281
1676676530734,1676676532316
1676676531235,1676676532317
1676676531183,1676676532441
1676676531222,1676676532452
1676676530830,1676676532469
1676676531095,1676676532521
1676676530959,1676676532589
1676676531271,1676676532597
1676676530966,1676676532601
1676676530963,1676676532625
1676676530799,1676676532629
1676676531329,1676676532633
1676676531078,1676676532641
1676676531126,1676676532643
1676676531355,1676676532654
1676676531547,1676676532669
1676676531310,1676676532729
1676676531599,1676676532729
1676676531499,1676676532817
1676676530930,1676676532833
1676676531062,1676676532833
1676676531515,1676676532868
1676676531706,1676676532905
1676676531770,1676676532908
1676676531746,1676676532921
1676676531435,1676676532977
1676676531647,1676676532996
1676676531402,1676676533009
1676676531413,1676676533017
1676676531971,1676676533033
1676676530989,1676676533037
1676676531471,1676676533073
1676676531758,1676676533117
1676676532003,1676676533117
1676676531747,1676676533125
1676676532167,1676676533137
1676676531367,1676676533169
1676676531636,1676676533169
1676676531110,1676676533177
1676676532054,1676676533185
1676676531778,1676676533213
1676676531287,1676676533241
1676676532235,1676676533273
1676676532035,1676676533301
1676676531623,1676676533305
1676676532656,1676676533340
1676676531782,1676676533349
1676676531743,1676676533369
1676676532114,1676676533421
1676676532318,1676676533429
1676676532111,1676676533437
1676676532119,1676676533481
1676676532283,1676676533489
1676676532318,1676676533529
1676676532523,1676676533545
1676676532443,1676676533565
1676676532194,1676676533597
1676676531702,1676676533641
1676676532599,1676676533669
1676676532191,1676676533721
1676676532235,1676676533729
1676676532670,1676676533741
1676676532211,1676676533753
1676676532642,1676676533773
1676676532644,1676676533777
1676676532222,1676676533825
1676676532834,1676676533845
1676676532910,1676676533893
1676676533119,1676676533909
1676676532630,1676676533917
1676676533010,1676676533925
1676676532603,1676676533937
1676676532627,1676676533955
1676676532730,1676676533967
1676676532023,1676676533974
1676676532870,1676676533997
1676676531786,1676676534081
1676676533019,1676676534097
1676676532835,1676676534113
1676676533127,1676676534113
1676676531965,1676676534125
1676676532998,1676676534153
1676676533214,1676676534153
1676676533034,1676676534205
1676676532922,1676676534253
1676676533138,1676676534277
1676676532471,1676676534309
1676676533178,1676676534317
1676676532907,1676676534349
1676676532819,1676676534469
1676676532730,1676676534473
1676676533171,1676676534477
1676676533306,1676676534492
1676676533118,1676676534505
1676676532979,1676676534525
1676676533171,1676676534637
1676676533439,1676676534693
1676676533342,1676676534693
1676676533351,1676676534741
1676676533242,1676676534808
1676676533423,1676676534917
1676676533302,1676676534918
1676676533075,1676676534929
1676676533969,1676676534957
1676676533490,1676676534961
1676676533187,1676676535001
1676676533643,1676676535017
1676676533599,1676676535037
1676676533957,1676676535053
1676676533846,1676676535077
1676676533919,1676676535085
1676676532454,1676676535102
1676676533775,1676676535141
1676676533779,1676676535149
1676676533039,1676676535173
1676676533939,1676676535193
1676676533566,1676676535193
1676676533671,1676676535197
1676676533827,1676676535225
1676676533531,1676676535245
1676676533371,1676676535285
1676676533755,1676676535337
1676676533731,1676676535337
1676676533998,1676676535345
1676676533926,1676676535345
1676676533431,1676676535349
1676676533723,1676676535401
1676676533895,1676676535401
1676676534471,1676676535413
1676676533976,1676676535461
1676676533547,1676676535469
1676676533742,1676676535489
1676676534154,1676676535502
1676676534082,1676676535565
1676676533910,1676676535573
1676676534127,1676676535589
1676676534311,1676676535593
1676676532591,1676676535601
1676676534099,1676676535605
1676676533275,1676676535609
1676676534154,1676676535613
1676676534255,1676676535673
1676676534114,1676676535673
1676676534507,1676676535688
1676676534115,1676676535693
1676676534319,1676676535697
1676676534527,1676676535761
1676676534206,1676676535773
1676676534494,1676676535801
1676676533482,1676676535821
1676676534474,1676676535837
1676676535002,1676676535877
1676676534350,1676676535929
1676676534694,1676676535934
1676676534695,1676676535945
1676676535038,1676676536057
1676676534279,1676676536141
1676676535142,1676676536189
1676676534810,1676676536193
1676676534743,1676676536213
1676676534920,1676676536253
1676676535104,1676676536261
1676676535199,1676676536309
1676676535019,1676676536329
1676676535174,1676676536353
1676676534478,1676676536387
1676676535055,1676676536417
1676676534638,1676676536429
1676676535087,1676676536492
1676676534919,1676676536513
1676676535079,1676676536529
1676676535403,1676676536536
1676676534958,1676676536609
1676676535463,1676676536621
1676676535151,1676676536621
1676676535347,1676676536685
1676676535491,1676676536697
1676676535675,1676676536733
1676676534930,1676676536761
1676676534962,1676676536788
1676676535339,1676676536793
1676676535415,1676676536858
1676676535931,1676676536881
1676676535194,1676676536909
1676676535595,1676676536917
1676676535287,1676676536949
1676676535566,1676676536965
1676676535247,1676676537005
1676676535698,1676676537007
1676676535574,1676676537037
1676676535504,1676676537045
1676676535802,1676676537045
1676676535603,1676676537053
1676676535615,1676676537101
1676676535339,1676676537113
1676676535227,1676676537121
1676676535611,1676676537125
1676676535194,1676676537126
1676676535351,1676676537136
1676676535695,1676676537157
1676676535675,1676676537161
1676676535839,1676676537257
1676676535607,1676676537265
1676676535935,1676676537301
1676676535763,1676676537304
1676676535879,1676676537317
1676676535347,1676676537369
1676676535822,1676676537369
1676676535775,1676676537369
1676676535591,1676676537409
1676676536059,1676676537425
1676676535471,1676676537461
1676676536419,1676676537477
1676676536262,1676676537481
1676676535947,1676676537488
1676676536538,1676676537497
1676676535690,1676676537505
1676676536191,1676676537565
1676676536143,1676676537597
1676676536355,1676676537597
1676676536331,1676676537643
1676676536515,1676676537651
1676676535403,1676676537681
1676676536389,1676676537689
1676676536255,1676676537701
1676676536311,1676676537773
1676676537039,1676676537817
1676676536195,1676676537881
1676676536623,1676676537885
1676676536215,1676676537889
1676676536531,1676676537901
1676676536494,1676676537909
1676676536883,1676676537913
1676676536430,1676676537937
1676676536611,1676676537942
1676676536967,1676676537965
1676676536622,1676676537977
1676676536762,1676676538005
1676676536795,1676676538013
1676676536698,1676676538125
1676676537122,1676676538141
1676676536919,1676676538157
1676676537127,1676676538321
1676676537009,1676676538333
1676676537137,1676676538361
1676676537103,1676676538389
1676676536735,1676676538397
1676676537371,1676676538489
1676676537115,1676676538489
1676676536859,1676676538497
1676676537047,1676676538545
1676676536950,1676676538601
1676676536686,1676676538601
1676676537047,1676676538637
1676676537128,1676676538669
1676676537319,1676676538683
1676676536789,1676676538749
1676676537426,1676676538769
1676676537598,1676676538769
1676676537007,1676676538777
1676676536911,1676676538781
1676676537479,1676676538785
1676676537163,1676676538805
1676676537482,1676676538821
1676676537690,1676676538861
1676676537267,1676676538889
1676676537259,1676676538897
1676676537054,1676676538901
1676676537371,1676676538917
1676676537567,1676676538929
1676676537499,1676676538996
1676676537944,1676676538997
1676676537371,1676676539013
1676676537490,1676676539033
1676676537306,1676676539045
1676676537599,1676676539049
1676676537507,1676676539061
1676676537159,1676676539073
1676676537910,1676676539101
1676676538015,1676676539169
1676676537645,1676676539177
1676676537979,1676676539225
1676676537967,1676676539229
1676676537939,1676676539241
1676676537883,1676676539261
1676676537891,1676676539281
1676676538006,1676676539313
1676676537303,1676676539313
1676676537819,1676676539317
1676676537775,1676676539329
1676676537410,1676676539329
1676676537914,1676676539345
1676676538127,1676676539377
1676676537653,1676676539385
1676676537703,1676676539409
1676676538391,1676676539433
1676676537887,1676676539465
1676676538159,1676676539481
1676676537462,1676676539501
1676676538335,1676676539609
1676676538499,1676676539621
1676676538323,1676676539625
1676676538771,1676676539637
1676676538363,1676676539648
1676676538491,1676676539713
1676676537902,1676676539740
1676676538143,1676676539769
1676676538603,1676676539789
1676676538807,1676676539817
1676676538491,1676676539917
1676676538399,1676676539919
1676676538998,1676676539997
1676676538602,1676676540009
1676676538823,1676676540029
1676676538751,1676676540057
1676676538891,1676676540105
1676676538999,1676676540150
1676676538919,1676676540161
1676676538903,1676676540165
1676676538639,1676676540209
1676676538684,1676676540292
1676676539282,1676676540313
1676676538547,1676676540320
1676676539103,1676676540349
1676676539179,1676676540376
1676676539034,1676676540397
1676676538671,1676676540413
1676676539242,1676676540429
1676676539015,1676676540433
1676676538783,1676676540445
1676676539046,1676676540449
1676676539315,1676676540465
1676676538786,1676676540501
1676676539331,1676676540521
1676676539051,1676676540525
1676676539263,1676676540533
1676676539623,1676676540557
1676676539331,1676676540557
1676676539062,1676676540577
1676676538899,1676676540621
1676676539387,1676676540621
1676676539346,1676676540657
1676676538779,1676676540661
1676676538863,1676676540669
1676676538931,1676676540681
1676676539791,1676676540693
1676676539227,1676676540693
1676676539318,1676676540733
1676676539411,1676676540769
1676676539467,1676676540801
1676676538771,1676676540845
1676676539715,1676676540909
1676676539315,1676676540911
1676676539626,1676676540941
1676676539170,1676676540997
1676676539435,1676676541001
1676676539482,1676676541005
1676676539231,1676676541093
1676676539819,1676676541212
1676676539503,1676676541233
1676676539639,1676676541253
1676676539771,1676676541253
1676676539742,1676676541269
1676676540211,1676676541289
1676676540031,1676676541305
1676676540467,1676676541353
1676676540010,1676676541357
1676676539921,1676676541357
1676676540058,1676676541361
1676676539611,1676676541369
1676676539999,1676676541370
1676676539919,1676676541401
1676676539649,1676676541422
1676676539075,1676676541429
1676676540377,1676676541469
1676676540163,1676676541484
1676676540152,1676676541501
1676676539379,1676676541521
1676676540450,1676676541524
1676676540107,1676676541562
1676676540351,1676676541581
1676676540167,1676676541613
1676676540559,1676676541641
1676676540527,1676676541689
1676676540446,1676676541705
1676676540322,1676676541737
1676676540663,1676676541885
1676676540523,1676676541892
1676676540671,1676676541921
1676676540315,1676676541925
1676676540578,1676676541937
1676676540535,1676676541941
1676676540435,1676676541953
1676676540623,1676676541961
1676676540659,1676676542009
1676676540623,1676676542021
1676676540503,1676676542069
1676676540415,1676676542097
1676676540559,1676676542125
1676676540682,1676676542125
1676676541007,1676676542189
1676676541255,1676676542197
1676676540399,1676676542197
1676676540913,1676676542197
1676676540293,1676676542197
1676676541522,1676676542209
1676676540431,1676676542213
1676676541003,1676676542213
1676676541254,1676676542233
1676676541359,1676676542237
1676676540695,1676676542245
1676676540911,1676676542289
1676676540770,1676676542325
1676676540943,1676676542401
1676676541502,1676676542429
1676676540999,1676676542437
1676676540694,1676676542505
1676676540734,1676676542513
1676676541424,1676676542513
1676676541307,1676676542569
1676676541291,1676676542625
1676676541235,1676676542661
1676676541270,1676676542681
1676676541371,1676676542701
1676676541363,1676676542725
1676676541486,1676676542741
1676676541563,1676676542753
1676676541431,1676676542753
1676676541359,1676676542769
1676676541371,1676676542829
1676676541922,1676676542853
1676676541470,1676676542869
1676676541402,1676676542889
1676676541095,1676676542921
1676676541525,1676676542929
1676676542023,1676676542945
1676676541583,1676676542965
1676676541615,1676676542993
1676676541707,1676676543029
1676676540846,1676676543074
1676676541691,1676676543085
1676676542011,1676676543121
1676676541887,1676676543133
1676676541739,1676676543149
1676676542127,1676676543153
1676676542246,1676676543197
1676676541643,1676676543197
1676676541955,1676676543225
1676676542199,1676676543345
1676676541942,1676676543349
1676676542191,1676676543357
1676676542403,1676676543393
1676676541355,1676676543400
1676676541938,1676676543415
1676676542235,1676676543437
1676676541214,1676676543437
1676676542099,1676676543517
1676676542210,1676676543521
1676676542239,1676676543565
1676676542071,1676676543573
1676676541926,1676676543585
1676676541893,1676676543617
1676676542214,1676676543641
1676676542430,1676676543661
1676676541963,1676676543669
1676676542743,1676676543699
1676676542702,1676676543705
1676676542515,1676676543705
1676676542327,1676676543722
1676676542683,1676676543773
1676676542771,1676676543821
1676676542438,1676676543821
1676676542199,1676676543829
1676676542727,1676676543873
1676676542199,1676676543885
1676676542515,1676676543893
1676676542571,1676676543901
1676676543135,1676676543925
1676676542290,1676676543973
1676676542127,1676676543997
1676676542214,1676676544001
1676676542663,1676676544014
1676676543086,1676676544029
1676676542871,1676676544029
1676676542627,1676676544117
1676676542855,1676676544157
1676676542755,1676676544193
1676676542507,1676676544223
1676676542967,1676676544273
1676676543076,1676676544301
1676676543226,1676676544344
1676676543198,1676676544369
1676676543151,1676676544385
1676676543439,1676676544465
1676676542930,1676676544473
1676676543575,1676676544489
1676676542754,1676676544521
1676676542199,1676676544524
1676676542831,1676676544597
1676676543671,1676676544661
1676676542995,1676676544706
1676676543350,1676676544773
1676676543724,1676676544785
1676676543198,1676676544813
1676676543707,1676676544833
1676676543359,1676676544837
1676676543567,1676676544841
1676676542891,1676676544909
1676676543031,1676676544933
1676676543402,1676676544937
1676676543154,1676676544977
1676676543347,1676676544993
1676676543439,1676676544993
1676676542947,1676676545017
1676676543619,1676676545093
1676676543523,1676676545109
1676676543519,1676676545109
1676676544474,1676676545149
1676676543875,1676676545177
1676676543123,1676676545181
1676676543998,1676676545229
1676676543823,1676676545261
1676676543395,1676676545277
1676676544119,1676676545289
1676676543831,1676676545297
1676676544016,1676676545333
1676676543587,1676676545337
1676676543643,1676676545345
1676676544526,1676676545373
1676676543823,1676676545389
1676676543903,1676676545393
1676676543417,1676676545413
1676676544031,1676676545477
1676676543975,1676676545549
1676676543775,1676676545569
1676676543662,1676676545665
1676676543887,1676676545701
1676676544371,1676676545713
1676676544523,1676676545713
1676676543895,1676676545729
1676676544225,1676676545761
1676676544003,1676676545772
1676676543701,1676676545805
1676676544159,1676676545805
1676676544939,1676676545826
1676676544387,1676676545865
1676676544839,1676676545909
1676676544031,1676676545913
1676676544303,1676676545945
1676676544274,1676676545965
1676676543927,1676676545977
1676676544663,1676676545989
1676676543707,1676676546021
1676676544346,1676676546045
1676676544467,1676676546053
1676676545019,1676676546073
1676676544195,1676676546105
1676676544935,1676676546109
1676676545291,1676676546133
1676676544775,1676676546178
1676676544835,1676676546237
1676676545338,1676676546301
1676676544994,1676676546337
1676676545231,1676676546373
1676676544599,1676676546377
1676676544911,1676676546385
1676676544491,1676676546433
1676676544815,1676676546485
1676676544843,1676676546537
1676676544979,1676676546545
1676676544709,1676676546545
1676676545299,1676676546549
1676676545151,1676676546595
1676676545391,1676676546601
1676676544787,1676676546649
1676676545807,1676676546701
1676676545763,1676676546705
1676676545395,1676676546705
1676676545262,1676676546741
1676676545550,1676676546745
1676676545179,1676676546789
1676676544994,1676676546853
1676676545334,1676676546889
1676676545095,1676676546897
1676676545183,1676676546913
1676676545807,1676676546917
1676676545111,1676676546953
1676676545415,1676676546965
1676676545374,1676676547005
1676676545571,1676676547013
1676676545774,1676676547017
1676676546075,1676676547033
1676676545979,1676676547089
1676676546023,1676676547161
1676676545867,1676676547169
1676676545967,1676676547217
1676676545731,1676676547265
1676676546239,1676676547269
1676676545111,1676676547317
1676676546379,1676676547349
1676676546107,1676676547373
1676676546110,1676676547421
1676676545666,1676676547425
1676676545478,1676676547433
1676676546339,1676676547469
1676676545279,1676676547529
1676676546743,1676676547581
1676676545991,1676676547645
1676676546180,1676676547701
1676676546303,1676676547702
1676676546134,1676676547726
1676676546747,1676676547753
1676676545715,1676676547765
1676676546651,1676676547837
1676676546539,1676676547873
1676676546047,1676676547885
1676676545947,1676676547897
1676676546707,1676676547909
1676676545828,1676676547921
1676676545703,1676676548013
1676676546597,1676676548037
1676676546955,1676676548057
1676676545715,1676676548057
1676676546967,1676676548061
1676676546435,1676676548064
1676676546486,1676676548089
1676676546387,1676676548101
1676676546703,1676676548109
1676676546603,1676676548129
1676676545915,1676676548129
1676676547219,1676676548153
1676676545911,1676676548221
1676676546547,1676676548241
1676676546791,1676676548253
1676676546547,1676676548321
1676676546055,1676676548333
1676676546915,1676676548333
1676676546707,1676676548401
1676676547426,1676676548405
1676676547171,1676676548457
1676676546551,1676676548461
1676676546375,1676676548461
1676676547034,1676676548481
1676676547015,1676676548517
1676676547019,1676676548521
1676676546919,1676676548597
1676676547163,1676676548621
1676676546899,1676676548629
1676676547267,1676676548633
1676676546854,1676676548649
1676676547471,1676676548733
1676676547839,1676676548745
1676676547091,1676676548788
1676676547435,1676676548788
1676676547887,1676676548801
1676676547703,1676676548801
1676676547271,1676676548813
1676676547351,1676676548853
1676676547754,1676676548945
1676676546890,1676676548949
1676676547899,1676676548977
1676676547531,1676676549019
1676676547318,1676676549101
1676676547423,1676676549137
1676676548058,1676676549197
1676676548059,1676676549233
1676676548066,1676676549253
1676676547704,1676676549280
1676676548014,1676676549281
1676676547911,1676676549333
1676676547647,1676676549345
1676676547875,1676676549345
1676676548103,1676676549389
1676676548323,1676676549405
1676676547374,1676676549437
1676676547582,1676676549481
1676676547923,1676676549489
1676676547728,1676676549499
1676676548039,1676676549525
1676676548091,1676676549541
1676676548463,1676676549565
1676676547767,1676676549581
1676676548065,1676676549621
1676676548255,1676676549709
1676676548155,1676676549709
1676676548519,1676676549713
1676676548335,1676676549717
1676676548243,1676676549746
1676676548111,1676676549773
1676676548635,1676676549777
1676676548631,1676676549829
1676676548483,1676676549841
1676676548223,1676676549849
1676676548403,1676676549917
1676676548463,1676676549921
1676676548131,1676676549925
1676676548131,1676676549949
1676676548623,1676676550021
1676676549103,1676676550029
1676676548979,1676676550037
1676676548651,1676676550057
1676676548335,1676676550057
1676676548407,1676676550100
1676676548747,1676676550117
1676676548523,1676676550129
1676676548855,1676676550169
1676676548791,1676676550185
1676676549021,1676676550261
1676676548599,1676676550265
1676676549347,1676676550277
1676676548735,1676676550305
1676676548947,1676676550349
1676676549282,1676676550361
1676676549335,1676676550413
1676676549439,1676676550429
1676676549139,1676676550497
1676676548459,1676676550497
1676676548790,1676676550501
1676676548951,1676676550521
1676676549283,1676676550521
1676676549500,1676676550545
1676676549543,1676676550561
1676676549390,1676676550565
1676676548803,1676676550585
1676676549566,1676676550689
1676676549198,1676676550701
1676676548803,1676676550756
1676676548815,1676676550857
1676676549407,1676676550897
1676676549951,1676676550917
1676676549347,1676676550941
1676676549718,1676676550969
1676676549583,1676676550969
1676676549235,1676676550969
1676676549850,1676676550989
1676676549490,1676676551020
1676676549527,1676676551029
1676676549748,1676676551085
1676676549483,1676676551113
1676676549842,1676676551121
1676676549779,1676676551121
1676676549922,1676676551137
1676676549715,1676676551161
1676676549711,1676676551185
1676676549830,1676676551185
1676676549623,1676676551196
1676676550038,1676676551205
1676676549927,1676676551293
1676676550431,1676676551301
1676676550023,1676676551313
1676676549919,1676676551365
1676676549775,1676676551381
1676676550059,1676676551401
1676676550119,1676676551517
1676676550547,1676676551538
1676676550187,1676676551569
1676676550059,1676676551597
1676676550702,1676676551633
1676676550499,1676676551641
1676676549711,1676676551641
1676676550415,1676676551645
1676676550307,1676676551684
1676676550031,1676676551749
1676676550499,1676676551761
1676676550279,1676676551787
1676676550351,1676676551789
1676676550363,1676676551809
1676676550563,1676676551841
1676676550567,1676676551849
1676676550859,1676676551917
1676676550523,1676676551917
1676676551031,1676676551941
1676676550102,1676676551957
1676676550171,1676676551965
1676676551198,1676676552052
1676676550757,1676676552061
1676676550263,1676676552121
1676676550266,1676676552154
1676676550503,1676676552177
1676676550970,1676676552181
1676676550898,1676676552229
1676676550970,1676676552233
1676676551138,1676676552245
1676676550587,1676676552269
1676676551114,1676676552273
1676676550990,1676676552289
1676676550523,1676676552329
1676676550691,1676676552349
1676676550943,1676676552353
1676676550131,1676676552381
1676676551162,1676676552405
1676676551086,1676676552429
1676676551302,1676676552441
1676676551123,1676676552461
1676676551123,1676676552477
1676676551635,1676676552541
1676676551022,1676676552573
1676676551382,1676676552585
1676676550971,1676676552589
1676676551570,1676676552601
1676676551187,1676676552649
1676676551647,1676676552685
1676676551187,1676676552741
1676676551643,1676676552817
1676676551540,1676676552861
1676676551958,1676676552909
1676676550919,1676676552917
1676676551598,1676676552929
1676676551763,1676676552957
1676676552063,1676676553013
1676676551207,1676676553033
1676676551789,1676676553081
1676676551810,1676676553088
1676676551295,1676676553093
1676676551751,1676676553109
1676676552183,1676676553157
1676676552054,1676676553161
1676676551367,1676676553213
1676676551850,1676676553237
1676676551843,1676676553265
1676676551643,1676676553321
1676676551918,1676676553341
1676676551519,1676676553345
1676676552235,1676676553345
1676676551686,1676676553357
1676676551403,1676676553357
1676676552247,1676676553401
1676676552156,1676676553457
1676676551918,1676676553461
1676676552122,1676676553509
1676676551943,1676676553521
1676676552603,1676676553645
1676676552591,1676676553650
1676676552355,1676676553653
1676676552275,1676676553673
1676676552431,1676676553681
1676676552479,1676676553705
1676676551967,1676676553725
1676676552331,1676676553729
1676676552351,1676676553757
1676676552919,1676676553757
1676676552179,1676676553761
1676676552443,1676676553781
1676676551791,1676676553801
1676676552231,1676676553841
1676676552407,1676676553844
1676676552291,1676676553910
1676676552650,1676676553929
1676676552743,1676676553965
1676676552462,1676676553965
1676676552543,1676676553989
1676676552819,1676676554001
1676676552575,1676676554073
1676676553239,1676676554102
1676676552383,1676676554129
1676676553158,1676676554164
1676676552586,1676676554173
1676676553267,1676676554233
1676676552959,1676676554377
1676676552271,1676676554437
1676676553511,1676676554481
1676676552863,1676676554493
1676676553359,1676676554493
1676676552910,1676676554505
1676676553094,1676676554509
1676676552687,1676676554558
1676676553214,1676676554633
1676676553090,1676676554641
1676676552931,1676676554657
1676676553163,1676676554669
1676676553014,1676676554697
1676676553082,1676676554729
1676676553347,1676676554741
1676676553782,1676676554793
1676676553359,1676676554797
1676676553347,1676676554797
1676676553759,1676676554837
1676676553035,1676676554869
1676676553323,1676676554877
1676676553730,1676676554948
1676676553674,1676676554965
1676676553647,1676676555065
1676676553682,1676676555069
1676676553846,1676676555105
1676676553967,1676676555145
1676676553707,1676676555193
1676676553522,1676676555193
1676676553459,1676676555213
1676676553758,1676676555217
1676676553991,1676676555241
1676676553462,1676676555249
1676676554104,1676676555273
1676676554131,1676676555317
1676676553343,1676676555337
1676676554003,1676676555344
1676676553912,1676676555357
1676676553967,1676676555369
1676676553803,1676676555377
1676676553652,1676676555381
1676676553727,1676676555393
1676676553931,1676676555393
1676676553403,1676676555421
1676676553763,1676676555473
1676676554378,1676676555505
1676676554075,1676676555505
1676676554166,1676676555509
1676676554174,1676676555517
1676676554698,1676676555561
1676676553655,1676676555589
1676676553842,1676676555613
1676676554799,1676676555661
1676676554495,1676676555665
1676676554635,1676676555669
1676676554659,1676676555673
1676676554798,1676676555721
1676676554483,1676676555741
1676676554439,1676676555741
1676676554560,1676676555805
1676676554235,1676676555888
1676676554670,1676676555929
1676676554950,1676676555945
1676676554495,1676676555945
1676676554507,1676676556048
1676676555106,1676676556109
1676676554795,1676676556149
1676676554511,1676676556149
1676676554642,1676676556197
1676676555219,1676676556205
1676676555071,1676676556229
1676676555195,1676676556265
1676676555243,1676676556296
1676676554879,1676676556325
1676676555319,1676676556341
1676676555146,1676676556405
1676676555067,1676676556405
1676676554731,1676676556501
1676676554966,1676676556545
1676676555370,1676676556589
1676676555274,1676676556621
1676676555395,1676676556633
1676676555395,1676676556649
1676676555383,1676676556685
1676676555743,1676676556709
1676676555215,1676676556725
1676676554871,1676676556729
1676676554839,1676676556793
1676676555250,1676676556825
1676676555510,1676676556833
1676676555743,1676676556875
1676676555947,1676676556897
1676676555675,1676676556909
1676676555506,1676676556921
1676676555358,1676676557089
1676676555590,1676676557125
1676676555563,1676676557149
1676676555195,1676676557162
1676676555423,1676676557177
1676676555475,1676676557205
1676676555506,1676676557225
1676676555723,1676676557245
1676676555889,1676676557261
1676676555378,1676676557285
1676676555667,1676676557353
1676676555946,1676676557357
1676676556198,1676676557361
1676676555663,1676676557418
1676676556151,1676676557433
1676676555614,1676676557465
1676676556111,1676676557497
1676676555338,1676676557537
1676676555671,1676676557665
1676676556326,1676676557677
1676676556267,1676676557683
1676676556406,1676676557717
1676676556206,1676676557725
1676676555519,1676676557765
1676676556050,1676676557777
1676676555807,1676676557785
1676676556503,1676676557801
1676676556546,1676676557849
1676676555346,1676676557849
1676676556298,1676676557877
1676676556623,1676676557911
1676676556898,1676676557989
1676676556711,1676676557997
1676676555930,1676676558017
1676676556231,1676676558061
1676676556687,1676676558097
1676676556406,1676676558112
1676676556634,1676676558113
1676676556795,1676676558141
1676676557363,1676676558153
1676676556727,1676676558185
1676676556877,1676676558297
1676676556650,1676676558329
1676676556591,1676676558357
1676676557355,1676676558365
1676676557435,1676676558366
1676676557263,1676676558413
1676676556343,1676676558413
1676676556731,1676676558437
1676676557164,1676676558501
1676676556911,1676676558521
1676676557150,1676676558533
1676676557091,1676676558545
1676676557207,1676676558605
1676676556826,1676676558613
1676676556835,1676676558629
1676676557467,1676676558637
1676676557179,1676676558673
1676676557420,1676676558681
1676676557126,1676676558721
1676676557685,1676676558757
1676676557678,1676676558837
1676676556923,1676676558905
1676676557226,1676676558933
1676676557287,1676676558949
1676676557719,1676676558953
1676676557667,1676676558969
1676676557879,1676676559045
1676676557358,1676676559069
1676676558115,1676676559133
1676676557778,1676676559177
1676676557851,1676676559181
1676676557802,1676676559229
1676676557787,1676676559265
1676676557247,1676676559317
1676676557851,1676676559333
1676676558331,1676676559353
1676676557726,1676676559353
1676676557913,1676676559373
1676676557498,1676676559389
1676676558154,1676676559417
1676676558098,1676676559449
1676676558018,1676676559529
1676676557999,1676676559569
1676676558143,1676676559631
1676676557767,1676676559645
1676676558415,1676676559705
1676676558723,1676676559725
1676676558683,1676676559725
1676676558523,1676676559745
1676676557991,1676676559773
1676676558439,1676676559777
1676676558113,1676676559829
1676676558299,1676676559877
1676676558062,1676676559893
1676676558839,1676676559937
1676676558415,1676676559969
1676676558367,1676676559981
1676676558187,1676676559993
1676676559183,1676676560081
1676676558358,1676676560085
1676676558615,1676676560113
1676676559047,1676676560133
1676676558546,1676676560141
1676676558606,1676676560245
1676676558934,1676676560249
1676676558503,1676676560261
1676676558759,1676676560269
1676676558955,1676676560289
1676676559334,1676676560301
1676676559266,1676676560345
1676676558535,1676676560365
1676676558907,1676676560373
1676676558951,1676676560377
1676676558367,1676676560409
1676676558971,1676676560413
1676676559355,1676676560417
1676676558639,1676676560473
1676676558675,1676676560565
1676676559419,1676676560581
1676676559135,1676676560621
1676676559895,1676676560629
1676676559391,1676676560664
1676676559070,1676676560677
1676676559355,1676676560745
1676676559451,1676676560797
1676676559318,1676676560865
1676676559778,1676676560881
1676676559939,1676676560905
1676676559647,1676676560913
1676676559231,1676676560929
1676676560087,1676676560965
1676676559746,1676676561017
1676676559633,1676676561017
1676676559530,1676676561033
1676676559727,1676676561045
1676676559571,1676676561061
1676676559707,1676676561101
1676676559830,1676676561112
1676676559879,1676676561225
1676676559375,1676676561229
1676676559179,1676676561285
1676676560250,1676676561325
1676676559971,1676676561325
1676676560114,1676676561373
1676676560270,1676676561505
1676676560346,1676676561553
1676676560247,1676676561565
1676676559994,1676676561573
1676676560375,1676676561581
1676676559983,1676676561697
1676676560414,1676676561725
1676676560134,1676676561769
1676676560567,1676676561769
1676676560418,1676676561789
1676676560083,1676676561800
1676676560262,1676676561805
1676676560411,1676676561841
1676676559775,1676676561881
1676676560302,1676676561897
1676676560582,1676676561957
1676676559726,1676676562025
1676676560142,1676676562041
1676676560623,1676676562049
1676676560379,1676676562057
1676676560475,1676676562057
1676676560291,1676676562102
1676676560799,1676676562105
1676676560930,1676676562141
1676676561035,1676676562177
1676676560366,1676676562181
1676676561114,1676676562205
1676676560665,1676676562216
1676676561327,1676676562293
1676676560747,1676676562301
1676676560915,1676676562489
1676676560678,1676676562514
1676676560631,1676676562565
1676676561103,1676676562597
1676676560867,1676676562629
1676676561231,1676676562657
1676676561047,1676676562701
1676676560883,1676676562749
1676676560906,1676676562757
1676676561062,1676676562761
1676676561575,1676676562789
1676676561555,1676676562821
1676676561326,1676676562841
1676676561842,1676676562861
1676676561583,1676676562869
1676676561375,1676676562901
1676676561287,1676676562937
1676676561567,1676676562997
1676676561507,1676676563069
1676676561019,1676676563073
1676676561727,1676676563089
1676676560967,1676676563133
1676676561227,1676676563157
1676676562143,1676676563197
1676676562183,1676676563241
1676676562059,1676676563245
1676676562217,1676676563329
1676676562043,1676676563369
1676676561771,1676676563381
1676676561699,1676676563393
1676676562103,1676676563405
1676676562051,1676676563425
1676676561771,1676676563441
1676676562027,1676676563449
1676676561801,1676676563457
1676676561959,1676676563461
1676676561883,1676676563469
1676676562179,1676676563537
1676676562567,1676676563545
1676676562107,1676676563553
1676676562059,1676676563580
1676676561791,1676676563609
1676676561899,1676676563613
1676676562763,1676676563661
1676676562206,1676676563736
1676676562791,1676676563801
1676676562939,1676676563849
1676676562659,1676676563881
1676676562295,1676676563917
1676676562702,1676676563929
1676676562303,1676676563941
1676676562599,1676676563966
1676676562491,1676676563977
1676676562631,1676676563977
1676676561807,1676676564061
1676676562871,1676676564061
1676676562759,1676676564073
1676676562903,1676676564077
1676676562516,1676676564117
1676676563075,1676676564157
1676676562751,1676676564201
1676676563199,1676676564221
1676676563406,1676676564265
1676676563158,1676676564337
1676676563451,1676676564397
1676676563091,1676676564441
1676676563547,1676676564481
1676676562862,1676676564489
1676676563582,1676676564541
1676676563611,1676676564545
1676676563135,1676676564557
1676676563247,1676676564561
1676676563459,1676676564613
1676676563463,1676676564645
1676676563331,1676676564665
1676676563383,1676676564717
1676676563395,1676676564749
1676676562998,1676676564753
1676676563663,1676676564777
1676676563539,1676676564797
1676676563443,1676676564857
1676676563943,1676676564977
1676676563071,1676676564989
1676676564063,1676676565021
1676676563615,1676676565029
1676676563427,1676676565113
1676676563555,1676676565125
1676676563470,1676676565137
1676676563931,1676676565201
1676676563803,1676676565233
1676676564063,1676676565241
1676676563243,1676676565257
1676676563883,1676676565261
1676676564203,1676676565297
1676676563979,1676676565297
1676676563919,1676676565297
1676676563968,1676676565333
1676676564079,1676676565449
1676676564483,1676676565481
1676676564159,1676676565493
1676676564559,1676676565505
1676676564223,1676676565533
1676676563371,1676676565533
1676676563851,1676676565555
1676676563738,1676676565601
1676676564547,1676676565641
1676676564119,1676676565681
1676676563979,1676676565681
1676676564543,1676676565729
1676676564443,1676676565765
1676676564779,1676676565801
1676676564667,1676676565809
1676676564799,1676676565817
1676676564075,1676676565869
1676676564719,1676676565949
1676676564563,1676676566037
1676676565031,1676676566089
1676676564267,1676676566117
1676676564647,1676676566129
1676676564491,1676676566129
1676676564615,1676676566225
1676676564339,1676676566305
1676676564859,1676676566337
1676676565139,1676676566377
1676676564755,1676676566433
1676676564399,1676676566589
1676676565299,1676676566598
1676676564751,1676676566621
1676676565203,1676676566625
1676676565535,1676676566644
1676676565235,1676676566665
1676676564991,1676676566669
1676676565115,1676676566673
1676676564979,1676676566701
1676676565335,1676676566709
1676676565603,1676676566761
1676676565451,1676676566765
1676676565557,1676676566773
1676676565767,1676676566809
1676676565535,1676676566837
1676676565483,1676676566845
1676676565495,1676676566861
1676676565683,1676676566929
1676676565127,1676676566933
1676676565258,1676676566961
1676676565871,1676676566993
1676676565299,1676676566997
1676676565299,1676676567033
1676676565803,1676676567041
1676676565243,1676676567049
1676676565263,1676676567053
1676676565682,1676676567357
1676676565731,1676676567409
1676676566119,1676676567433
1676676565819,1676676567437
1676676565811,1676676567453
1676676565507,1676676567461
1676676566307,1676676567521
1676676566674,1676676567589
1676676566131,1676676567677
1676676565951,1676676567709
1676676566131,1676676567717
1676676565642,1676676567953
1676676566775,1676676567961
1676676566963,1676676567989
1676676566435,1676676567997
1676676566379,1676676568022
1676676566766,1676676568049
1676676566623,1676676568049
1676676566227,1676676568061
1676676566646,1676676568117
1676676566863,1676676568129
1676676567043,1676676568173
1676676566999,1676676568237
1676676566711,1676676568237
1676676566839,1676676568257
1676676566671,1676676568265
1676676566600,1676676568325
1676676566591,1676676568368
1676676566339,1676676568401
1676676567055,1676676568401
1676676566931,1676676568401
1676676566811,1676676568401
1676676567411,1676676568437
1676676566039,1676676568437
1676676566666,1676676568449
1676676567359,1676676568513
1676676566703,1676676568549
1676676566995,1676676568613
1676676566847,1676676568645
1676676567523,1676676568661
1676676566935,1676676568665
1676676566763,1676676568673
1676676567463,1676676568745
1676676567051,1676676568753
1676676567439,1676676568841
1676676567035,1676676568869
1676676568063,1676676568965
1676676567435,1676676568989
1676676567719,1676676569045
1676676567955,1676676569133
1676676568118,1676676569213
1676676568439,1676676569301
1676676567591,1676676569317
1676676568051,1676676569342
1676676567998,1676676569349
1676676568370,1676676569514
1676676568239,1676676569553
1676676567711,1676676569593
1676676568239,1676676569609
1676676568024,1676676569629
1676676568667,1676676569645
1676676568050,1676676569705
1676676568403,1676676569709
1676676568259,1676676569745
1676676567455,1676676569745
1676676567963,1676676569837
1676676567991,1676676569853
1676676567679,1676676569885
1676676568403,1676676569965
1676676568615,1676676569997
1676676568551,1676676570017
1676676568402,1676676570029
1676676568131,1676676570079
1676676568175,1676676570105
1676676568439,1676676570157
1676676568450,1676676570181
1676676568267,1676676570237
1676676568515,1676676570277
1676676568646,1676676570321
1676676569135,1676676570392
1676676569215,1676676570413
1676676568403,1676676570432
1676676568755,1676676570453
1676676568327,1676676570453
1676676568674,1676676570461
1676676569047,1676676570465
1676676569351,1676676570517
1676676568967,1676676570518
1676676568747,1676676570581
1676676568843,1676676570689
1676676568871,1676676570725
1676676569344,1676676570757
1676676569319,1676676570765
1676676568991,1676676570765
1676676569631,1676676570869
1676676569515,1676676570873
1676676569303,1676676571097
1676676569747,1676676571113
1676676570031,1676676571113
1676676569747,1676676571137
1676676569999,1676676571233
1676676569611,1676676571233
1676676569855,1676676571293
1676676569647,1676676571309
1676676569555,1676676571333
1676676570107,1676676571353
1676676569710,1676676571361
1676676570239,1676676571461
1676676569595,1676676571521
1676676570323,1676676571537
1676676570583,1676676571558
1676676570455,1676676571585
1676676569839,1676676571713
1676676569967,1676676571793
1676676570394,1676676571809
1676676570279,1676676571881
1676676570463,1676676571889
1676676569887,1676676571893
1676676570019,1676676571909
1676676570874,1676676571977
1676676570691,1676676571981
1676676570081,1676676571993
1676676570455,1676676572053
1676676570519,1676676572073
1676676570520,1676676572097
1676676570183,1676676572117
1676676570759,1676676572118
1676676570467,1676676572119
1676676570159,1676676572141
1676676570434,1676676572160
1676676570727,1676676572277
1676676571099,1676676572325
1676676570767,1676676572333
1676676570767,1676676572445
1676676570415,1676676572477
1676676571139,1676676572553
1676676570871,1676676572709
1676676571539,1676676572714
1676676571115,1676676572717
1676676571115,1676676572717
1676676571523,1676676572725
1676676571295,1676676572858
1676676571235,1676676572892
1676676571363,1676676572925
1676676571355,1676676572937
1676676571463,1676676573009
1676676571335,1676676573045
1676676571235,1676676573113
1676676571979,1676676573130
1676676571311,1676676573157
1676676571810,1676676573245
1676676571891,1676676573280
1676676572161,1676676573377
1676676572099,1676676573389
1676676571715,1676676573405
1676676572121,1676676573457
1676676571911,1676676573475
1676676571796,1676676573553
1676676571883,1676676573601
1676676571587,1676676573665
1676676571995,1676676573681
1676676572075,1676676573700
1676676571895,1676676573767
1676676572120,1676676573773
1676676572447,1676676573775
1676676572143,1676676573785
1676676572719,1676676573861
1676676572327,1676676573913
1676676572478,1676676573921
1676676572119,1676676573933
1676676572335,1676676573937
1676676572938,1676676573969
1676676572055,1676676574017
1676676572715,1676676574037
1676676572860,1676676574117
1676676572719,1676676574133
1676676572279,1676676574133
1676676573010,1676676574193
1676676573047,1676676574229
1676676572926,1676676574293
1676676572555,1676676574309
1676676573132,1676676574401
1676676573247,1676676574413
1676676572727,1676676574422
1676676572710,1676676574597
1676676573459,1676676574693
1676676573787,1676676574705
1676676573281,1676676574857
1676676573683,1676676574881
1676676573159,1676676574901
1676676573115,1676676574929
1676676572893,1676676574957
1676676573776,1676676575057
1676676573379,1676676575077
1676676573603,1676676575101
1676676573391,1676676575185
1676676573769,1676676575189
1676676573555,1676676575193
1676676573477,1676676575221
1676676573701,1676676575229
1676676573923,1676676575245
1676676573938,1676676575257
1676676573667,1676676575333
1676676573407,1676676575345
1676676574195,1676676575401
1676676573935,1676676575425
1676676573775,1676676575469
1676676574311,1676676575573
1676676574038,1676676575616
1676676573914,1676676575761
1676676574118,1676676575801
1676676573971,1676676575895
1676676574019,1676676575913
1676676573862,1676676575921
1676676574135,1676676575945
1676676574294,1676676576013
1676676574135,1676676576025
1676676574415,1676676576061
1676676574599,1676676576061
1676676575190,1676676576293
1676676575195,1676676576309
1676676574403,1676676576333
1676676575574,1676676576385
1676676574424,1676676576406
1676676575223,1676676576449
1676676574903,1676676576457
1676676574694,1676676576489
1676676575103,1676676576513
1676676575187,1676676576544
1676676574959,1676676576621
1676676574883,1676676576625
1676676575335,1676676576661
1676676574858,1676676576753
1676676574931,1676676576753
1676676575247,1676676576777
1676676575403,1676676576785
1676676574707,1676676576801
1676676575059,1676676576821
1676676575347,1676676576841
1676676575618,1676676576857
1676676575427,1676676576865
1676676575231,1676676576881
1676676575922,1676676576929
1676676575803,1676676576933
1676676575471,1676676576937
1676676575079,1676676576961
1676676575915,1676676577053
1676676576026,1676676577145
1676676576014,1676676577201
1676676575946,1676676577233
1676676576063,1676676577289
1676676576062,1676676577353
1676676576407,1676676577485
1676676575763,1676676577497
1676676576490,1676676577529
1676676575896,1676676577569
1676676576295,1676676577637
1676676576755,1676676577641
1676676576311,1676676577741
1676676576859,1676676577897
1676676576803,1676676577929
1676676576334,1676676577941
1676676576755,1676676577989
1676676576787,1676676577993
1676676576451,1676676578113
1676676576546,1676676578133
1676676576627,1676676578139
1676676576458,1676676578149
1676676576779,1676676578213
1676676576623,1676676578233
1676676576386,1676676578288
1676676577146,1676676578377
1676676576938,1676676578405
1676676576934,1676676578409
1676676577055,1676676578485
1676676576663,1676676578497
1676676576867,1676676578637
1676676577203,1676676578695
1676676576883,1676676578709
1676676576823,1676676578749
1676676577570,1676676578764
1676676577639,1676676578809
1676676576931,1676676578877
1676676577531,1676676578897
1676676577486,1676676578941
1676676577499,1676676578949
1676676577235,1676676578985
1676676577291,1676676579017
1676676576963,1676676579029
1676676577355,1676676579033
1676676577743,1676676579033
1676676577642,1676676579149
1676676578115,1676676579257
1676676578141,1676676579289
1676676577931,1676676579417
1676676577899,1676676579421
1676676578378,1676676579421
1676676578151,1676676579433
1676676578215,1676676579437
1676676578135,1676676579469
1676676578407,1676676579505
1676676577942,1676676579513
1676676577991,1676676579617
1676676578235,1676676579733
1676676577995,1676676579754
1676676578289,1676676579777
1676676578411,1676676579777
1676676578878,1676676579849
1676676578499,1676676579900
1676676578487,1676676579993
1676676578951,1676676580089
1676676579019,1676676580117
1676676578639,1676676580133
1676676578986,1676676580229
1676676579035,1676676580229
1676676578766,1676676580241
1676676579151,1676676580269
1676676579035,1676676580285
1676676578810,1676676580336
1676676578751,1676676580357
1676676579423,1676676580401
1676676578942,1676676580445
1676676579423,1676676580477
1676676578697,1676676580509
1676676579419,1676676580609
1676676579030,1676676580637
1676676578711,1676676580661
1676676579515,1676676580733
1676676579259,1676676580797
1676676579435,1676676580817
1676676579619,1676676580889
1676676579902,1676676580937
1676676578899,1676676581065
1676676579507,1676676581089
1676676579850,1676676581137
1676676580135,1676676581173
1676676579471,1676676581174
1676676579290,1676676581183
1676676579779,1676676581225
1676676579779,1676676581249
1676676579438,1676676581261
1676676579756,1676676581361
1676676580242,1676676581393
1676676580119,1676676581501
1676676580231,1676676581533
1676676580337,1676676581561
1676676580359,1676676581649
1676676579995,1676676581745
1676676580611,1676676581797
1676676580231,1676676581925
1676676580287,1676676581929
1676676580091,1676676581933
1676676580271,1676676581937
1676676580479,1676676581957
1676676580799,1676676582009
1676676580447,1676676582113
1676676581175,1676676582141
1676676580819,1676676582209
1676676581067,1676676582237
1676676580734,1676676582253
1676676581176,1676676582261
1676676581363,1676676582293
1676676580639,1676676582313
1676676580403,1676676582373
1676676580891,1676676582441
1676676581091,1676676582485
1676676580511,1676676582489
1676676581395,1676676582565
1676676581185,1676676582569
1676676580939,1676676582589
1676676581227,1676676582641
1676676581251,1676676582801
1676676581263,1676676582889
1676676581503,1676676582957
1676676581651,1676676583025
1676676581535,1676676583053
1676676581939,1676676583201
1676676581799,1676676583317
1676676582212,1676676583329
1676676581959,1676676583329
1676676581747,1676676583393
1676676582567,1676676583505
1676676581927,1676676583521
1676676582443,1676676583789
1676676582315,1676676583885
1676676581139,1676676583905
1676676582891,1676676583997
1676676582115,1676676584045
1676676582376,1676676584046
1676676582263,1676676584065
1676676582803,1676676584121
1676676582295,1676676584209
1676676582255,1676676584221
1676676582011,1676676584253
1676676582239,1676676584362
1676676583027,1676676584425
1676676582571,1676676584481
1676676581931,1676676584593
1676676582143,1676676584641
1676676583331,1676676584673
1676676583523,1676676584699
1676676582643,1676676584707
1676676582491,1676676584783
1676676583203,1676676584797
1676676581935,1676676584865
1676676582591,1676676584877
1676676582959,1676676584877
1676676583055,1676676584901
1676676582487,1676676584945
1676676584067,1676676585085
1676676583507,1676676585157
1676676583887,1676676585241
1676676583907,1676676585265
1676676583395,1676676585273
1676676584483,1676676585305
1676676584123,1676676585333
1676676583999,1676676585357
1676676584427,1676676585433
1676676583332,1676676585449
1676676584049,1676676585505
1676676584211,1676676585553
1676676584255,1676676585569
1676676584903,1676676585653
1676676584595,1676676585789
1676676584785,1676676585797
1676676583791,1676676585857
1676676584701,1676676585877
1676676584879,1676676585897
1676676584222,1676676585901
1676676584799,1676676585929
1676676585267,1676676586145
1676676584675,1676676586149
1676676585087,1676676586182
1676676584643,1676676586317
1676676584364,1676676586337
1676676584867,1676676586393
1676676585243,1676676586481
1676676584947,1676676586489
1676676585159,1676676586521
1676676584047,1676676586537
1676676585335,1676676586693
1676676585359,1676676586705
1676676585571,1676676586713
1676676585555,1676676586773
1676676585655,1676676586973
1676676585275,1676676586993
1676676585791,1676676587077
1676676585859,1676676587105
1676676585931,1676676587217
1676676584709,1676676587261
1676676585903,1676676587417
1676676586184,1676676587445
1676676585307,1676676587485
1676676586491,1676676587589
1676676585879,1676676587613
1676676585435,1676676587621
1676676585799,1676676587669
1676676586339,1676676587713
1676676585507,1676676587735
1676676586483,1676676587769
1676676586395,1676676587845
1676676585899,1676676587855
1676676586523,1676676587877
1676676586319,1676676587893
1676676586539,1676676587905
1676676586695,1676676588109
1676676586707,1676676588189
1676676586151,1676676588189
1676676586147,1676676588193
1676676586715,1676676588221
1676676586995,1676676588281
1676676587263,1676676588385
1676676586775,1676676588393
1676676586975,1676676588561
1676676587447,1676676588577
1676676587079,1676676588601
1676676587107,1676676588617
1676676587615,1676676588645
1676676587737,1676676588821
1676676587591,1676676588845
1676676587487,1676676588853
1676676587419,1676676588945
1676676588111,1676676589165
1676676587715,1676676589189
1676676587771,1676676589225
1676676588387,1676676589329
1676676587895,1676676589340
1676676587671,1676676589393
1676676587218,1676676589409
1676676588282,1676676589573
1676676587879,1676676589625
1676676588191,1676676589681
1676676587847,1676676589829
1676676588191,1676676589841
1676676587857,1676676589921
1676676588222,1676676589941
1676676587623,1676676589945
1676676588619,1676676589997
1676676588563,1676676590061
1676676588394,1676676590153
1676676588603,1676676590193
1676676589411,1676676590309
1676676588647,1676676590357
1676676588947,1676676590377
1676676589167,1676676590381
1676676588823,1676676590441
1676676589227,1676676590461
1676676588855,1676676590745
1676676588579,1676676590897
1676676589923,1676676590937
1676676588847,1676676590961
1676676589342,1676676590969
1676676589191,1676676590969
1676676589683,1676676591021
1676676589575,1676676591097
1676676589395,1676676591165
1676676589947,1676676591269
1676676589831,1676676591297
1676676589627,1676676591301
1676676590311,1676676591305
1676676589843,1676676591341
1676676590156,1676676591405
1676676589943,1676676591425
1676676590443,1676676591517
1676676590063,1676676591573
1676676590379,1676676591741
1676676590359,1676676591829
1676676590383,1676676591985
1676676590195,1676676591997
1676676589999,1676676592012
1676676590747,1676676592017
1676676590939,1676676592021
1676676591099,1676676592065
1676676591167,1676676592201
1676676590963,1676676592209
1676676590899,1676676592249
1676676591407,1676676592325
1676676591271,1676676592510
1676676591023,1676676592517
1676676591742,1676676592825
1676676590463,1676676592885
1676676591519,1676676592922
1676676591307,1676676592953
1676676591427,1676676593025
1676676590971,1676676593053
1676676592019,1676676593117
1676676591575,1676676593169
1676676592203,1676676593257
1676676591343,1676676593265
1676676591303,1676676593281
1676676592067,1676676593297
1676676592211,1676676593329
1676676591987,1676676593421
1676676592014,1676676593437
1676676592251,1676676593469
1676676591299,1676676593477
1676676591831,1676676593681
1676676592327,1676676593829
1676676592924,1676676593905
1676676592023,1676676593961
1676676591999,1676676593965
1676676593027,1676676593989
1676676592519,1676676594021
1676676593267,1676676594137
1676676593119,1676676594148
1676676592827,1676676594257
1676676592887,1676676594357
1676676593299,1676676594505
1676676593259,1676676594613
1676676593331,1676676594629
1676676593055,1676676594633
1676676592955,1676676594661
1676676593171,1676676594889
1676676593831,1676676594945
1676676593283,1676676595057
1676676593471,1676676595317
1676676593683,1676676595325
1676676593963,1676676595337
1676676594359,1676676595337
1676676594023,1676676595389
1676676593967,1676676595481
1676676593991,1676676595492
1676676594150,1676676595501
1676676593907,1676676595605
1676676593479,1676676595745
1676676594259,1676676595837
1676676594139,1676676595857
1676676593439,1676676595857
1676676594663,1676676595885
1676676594615,1676676595921
1676676594635,1676676595977
1676676594631,1676676595996
1676676593423,1676676596093
1676676594891,1676676596329
1676676595060,1676676596449
1676676594947,1676676596545
1676676595319,1676676596609
1676676594507,1676676596685
1676676595339,1676676596781
1676676595327,1676676596865
1676676595747,1676676597009
1676676595887,1676676597109
1676676595483,1676676597205
1676676595859,1676676597393
1676676595607,1676676597553
1676676596095,1676676597561
1676676595339,1676676597593
1676676595493,1676676597613
1676676595998,1676676597689
1676676595503,1676676597857
1676676596451,1676676598029
1676676595923,1676676598037
1676676595979,1676676598049
1676676596611,1676676598061
1676676596331,1676676598061
1676676596547,1676676598109
1676676595839,1676676598141
1676676596783,1676676598245
1676676597111,1676676598281
1676676597555,1676676598413
1676676596867,1676676598413
1676676596687,1676676598449
1676676597563,1676676598605
1676676597395,1676676598865
1676676598063,1676676599077
1676676598063,1676676599213
1676676597207,1676676599233
1676676597011,1676676599233
1676676597595,1676676599337
1676676597859,1676676599449
1676676598051,1676676599533
1676676598039,1676676599697
1676676598111,1676676599717
1676676598143,1676676599733
1676676598247,1676676599741
1676676598451,1676676599829
1676676597691,1676676599925
1676676598283,1676676599997
1676676598607,1676676600045
1676676598031,1676676600081
1676676599235,1676676600201
1676676598415,1676676600237
1676676599079,1676676600601
1676676599451,1676676600633
1676676598415,1676676600649
1676676599235,1676676600725
1676676599699,1676676600821
1676676599743,1676676600929
1676676598867,1676676600977
1676676599215,1676676600985
1676676599535,1676676601121
1676676599999,1676676601145
1676676599735,1676676601189
1676676600203,1676676601233
1676676599831,1676676601391
1676676599719,1676676601461
1676676599927,1676676601593
1676676600651,1676676601693
1676676600047,1676676601781
1676676600083,1676676601953
1676676600239,1676676602101
1676676600604,1676676602109
1676676600635,1676676602217
1676676600727,1676676602265
1676676601147,1676676602361
1676676601235,1676676602469
1676676600979,1676676602493
1676676600987,1676676602609
1676676600823,1676676602885
1676676601393,1676676602901
1676676601695,1676676602949
1676676601595,1676676603173
1676676601463,1676676603193
1676676602103,1676676603285
1676676601123,1676676603357
1676676601783,1676676603361
1676676602111,1676676603382
1676676601191,1676676603457
1676676602219,1676676603541
1676676601955,1676676603625
1676676602471,1676676603649
1676676602267,1676676603801
1676676602610,1676676603885
1676676602903,1676676603921
1676676602887,1676676604045
1676676602951,1676676604213
1676676602494,1676676604241
1676676603175,1676676604493
1676676603543,1676676604497
1676676603385,1676676604673
1676676603359,1676676605145
1676676603287,1676676605185
1676676603459,1676676605201
1676676603627,1676676605413
1676676603887,1676676605417
1676676604215,1676676605509
1676676603923,1676676605529
1676676603651,1676676605537
1676676604495,1676676605653
1676676604047,1676676605679
1676676603363,1676676605777
1676676604243,1676676605856
1676676605147,1676676606089
1676676603195,1676676606119
1676676604499,1676676606305
1676676605187,1676676606397
1676676604675,1676676606533
1676676605539,1676676606969
1676676605531,1676676606993
1676676605511,1676676607021
1676676605203,1676676607097
1676676605419,1676676607121
1676676605415,1676676607177
1676676605779,1676676607229
1676676605857,1676676607353
1676676605680,1676676607409
1676676606121,1676676607477
1676676606091,1676676607653
1676676606307,1676676607693
1676676606535,1676676607765
1676676607179,1676676608233
1676676606399,1676676608257
1676676607023,1676676608365
1676676607099,1676676608529
1676676607479,1676676608565
1676676607355,1676676608625
1676676607231,1676676609025
1676676606995,1676676609053
1676676607411,1676676609181
1676676607655,1676676609237
1676676607123,1676676609333
1676676606971,1676676609469
1676676608259,1676676609725
1676676608235,1676676609765
1676676608627,1676676610045
1676676608367,1676676610153
1676676607695,1676676610217
1676676609055,1676676610241
1676676609335,1676676610273
1676676609239,1676676610565
1676676608567,1676676610609
1676676609027,1676676610649
1676676609727,1676676610829
1676676609767,1676676611221
1676676608531,1676676611465
1676676609183,1676676611749
1676676610243,1676676611973
1676676610155,1676676611993
1676676610047,1676676612009
1676676610219,1676676612077
1676676609471,1676676612297
1676676610275,1676676612325
1676676610567,1676676612384
1676676610651,1676676612457
1676676610831,1676676612505
1676676610611,1676676612541
1676676611223,1676676612765
1676676611467,1676676612861
1676676611751,1676676612937
1676676611995,1676676612965
1676676612299,1676676613361
1676676612327,1676676614013
1676676611975,1676676614297
1676676612459,1676676614321
1676676612767,1676676614501
1676676612863,1676676614585
1676676612939,1676676614717
1676676612967,1676676614761
1676676612011,1676676614777
1676676612543,1676676614833
1676676612386,1676676614849
1676676612507,1676676615101
1676676613363,1676676615157
1676676614016,1676676615313
1676676614299,1676676615385
1676676614503,1676676615505
1676676614779,1676676615693
1676676614323,1676676615934
1676676614835,1676676616125
1676676614851,1676676616421
1676676614587,1676676616433
1676676615159,1676676616765
1676676615103,1676676616841
1676676615695,1676676617093
1676676615315,1676676617345
1676676615387,1676676617473
1676676614763,1676676617534
1676676616423,1676676617535
1676676616767,1676676617885
1676676616435,1676676617921
1676676615507,1676676617957
1676676615936,1676676617965
1676676616127,1676676618209
1676676617537,1676676618393
1676676616843,1676676618413
1676676617095,1676676618481
1676676617536,1676676618529
1676676617475,1676676618557
1676676617347,1676676618569
1676676618211,1676676619349
1676676617923,1676676619461
1676676617959,1676676619863
1676676617887,1676676619981
1676676618559,1676676620081
1676676618415,1676676620157
1676676618571,1676676620449
1676676618395,1676676620453
1676676617967,1676676620461
1676676618483,1676676620545
1676676618531,1676676620572
1676676619463,1676676620689
1676676619351,1676676620877
1676676619983,1676676621557
1676676620083,1676676621781
1676676620546,1676676622029
1676676620574,1676676622201
1676676620159,1676676622224
1676676619865,1676676622293
1676676620451,1676676622301
1676676620691,1676676622461
1676676620879,1676676622757
1676676621559,1676676622981
1676676620463,1676676623173
1676676622302,1676676623429
1676676622226,1676676623869
1676676621783,1676676624001
1676676622031,1676676624093
1676676622463,1676676624221
1676676622983,1676676624449
1676676622203,1676676624521
1676676622295,1676676624677
1676676623175,1676676624961
1676676623431,1676676624981
1676676622759,1676676625029
1676676623871,1676676625189
1676676624223,1676676625445
1676676624003,1676676625637
1676676624451,1676676625729
1676676624523,1676676625784
1676676624679,1676676626105
1676676625031,1676676626149
1676676624963,1676676626245
1676676624095,1676676626441
1676676625447,1676676626637
1676676624983,1676676626969
1676676625639,1676676627301
1676676625731,1676676627785
1676676626107,1676676628125
1676676626971,1676676628329
1676676626443,1676676628389
1676676626151,1676676628393
1676676625785,1676676628681
1676676626639,1676676628725
1676676625191,1676676628829
1676676626247,1676676628925
1676676627303,1676676628945
1676676627787,1676676628997
1676676628395,1676676629229
1676676628331,1676676629521
1676676628127,1676676629917
1676676628391,1676676630017
1676676628831,1676676630169
1676676628946,1676676630445
1676676628927,1676676630661
1676676628727,1676676630769
1676676628683,1676676630869
1676676628999,1676676631269
1676676630171,1676676631413
1676676629231,1676676631529
1676676630019,1676676631881
1676676629919,1676676631945
1676676629523,1676676632153
1676676630871,1676676632189
1676676630447,1676676632821
1676676631271,1676676632845
1676676630771,1676676633037
1676676630663,1676676633185
1676676631531,1676676633221
1676676631415,1676676633413
1676676631947,1676676633529
1676676632846,1676676633797
1676676632155,1676676633809
1676676631883,1676676633841
1676676632191,1676676633914
1676676632823,1676676634301
1676676633039,1676676634429
1676676633187,1676676634589
1676676633843,1676676635045
1676676633415,1676676635129
1676676633665,1676676635257
1676676633799,1676676635451
1676676633223,1676676635461
1676676633916,1676676635477
1676676633811,1676676635877
1676676634591,1676676635905
1676676635131,1676676636261
1676676634303,1676676636357
1676676634431,1676676636588
1676676635047,1676676636745
1676676635263,1676676636809
1676676633531,1676676637033
1676676635479,1676676637209
1676676635907,1676676637217
1676676635879,1676676637333
1676676635453,1676676637413
1676676635463,1676676637477
1676676636590,1676676637933
1676676636263,1676676637965
1676676636747,1676676638037
1676676636359,1676676638193
1676676636811,1676676638513
1676676637219,1676676638829
1676676637335,1676676638925
1676676637415,1676676639081
1676676637479,1676676639281
1676676637035,1676676639290
1676676637935,1676676639549
1676676638039,1676676639637
1676676637211,1676676639817
1676676638195,1676676639853
1676676637967,1676676639881
1676676638831,1676676640353
1676676638927,1676676640361
1676676639283,1676676640401
1676676638691,1676676640497
1676676638515,1676676640685
1676676639083,1676676640817
1676676639292,1676676641737
1676676639551,1676676641949
1676676639855,1676676641977
1676676639883,1676676642021
1676676639819,1676676642121
1676676640403,1676676642157
1676676640363,1676676642305
1676676639639,1676676642405
1676676640819,1676676642409
1676676640503,1676676642493
1676676640687,1676676642541
1676676640355,1676676642697
1676676641706,1676676642957
1676676641739,1676676642989
1676676642495,1676676643365
1676676641951,1676676643465
1676676641979,1676676643477
1676676642699,1676676643793
1676676642023,1676676643841
1676676642159,1676676643945
1676676642411,1676676644033
1676676642307,1676676644137
1676676642407,1676676644277
1676676642123,1676676644469
1676676642991,1676676644509
1676676642543,1676676644553
1676676642962,1676676644629
1676676643479,1676676644885
1676676643467,1676676645269
1676676643795,1676676645277
1676676643843,1676676645297
1676676643947,1676676645345
1676676644035,1676676645505
1676676643367,1676676645637
1676676644279,1676676645841
1676676644139,1676676645901
1676676644726,1676676646129
1676676644555,1676676646173
1676676644471,1676676646193
1676676644511,1676676646293
1676676644887,1676676646429
1676676644631,1676676646605
1676676645279,1676676646609
1676676645347,1676676646932
1676676645271,1676676647093
1676676645843,1676676647157
1676676645299,1676676647233
1676676645507,1676676647281
1676676645903,1676676647617
1676676646175,1676676647729
1676676646135,1676676647749
1676676645639,1676676647834
1676676646195,1676676648025
1676676646611,1676676648073
1676676646295,1676676648229
1676676646431,1676676648268
1676676646607,1676676648273
1676676647095,1676676648557
1676676647283,1676676648573
1676676647235,1676676648605
1676676646743,1676676648654
1676676647751,1676676648777
1676676646934,1676676648965
1676676647731,1676676649013
1676676647159,1676676649053
1676676647836,1676676649257
1676676648075,1676676649285
1676676647619,1676676649557
1676676648270,1676676649653
1676676648559,1676676649677
1676676648027,1676676649761
1676676648275,1676676649957
1676676648607,1676676650129
1676676648659,1676676650385
1676676648575,1676676650413
1676676648231,1676676650533
1676676649055,1676676650581
1676676648779,1676676650757
1676676648967,1676676650849
1676676649762,1676676650853
1676676648760,1676676650861
1676676649259,1676676650901
1676676649287,1676676651109
1676676649559,1676676651249
1676676649015,1676676651469
1676676649655,1676676651585
1676676650388,1676676651737
1676676650415,1676676651781
1676676649959,1676676651809
1676676650867,1676676651901
1676676649679,1676676651953
1676676650855,1676676651953
1676676650131,1676676652109
1676676650778,1676676652273
1676676650583,1676676652410
1676676651251,1676676652545
1676676650759,1676676652621
1676676650535,1676676652653
1676676651783,1676676652825
1676676650851,1676676652905
1676676651903,1676676653089
1676676651111,1676676653321
1676676650903,1676676653343
1676676651739,1676676653361
1676676651471,1676676653377
1676676651955,1676676653457
1676676651955,1676676653581
1676676652797,1676676653881
1676676652278,1676676653921
1676676651811,1676676654025
1676676652111,1676676654085
1676676651587,1676676654121
1676676652827,1676676654157
1676676652412,1676676654333
1676676652547,1676676654341
1676676652623,1676676654345
1676676652655,1676676654377
1676676652907,1676676654509
1676676653363,1676676654657
1676676653345,1676676654717
1676676653091,1676676654777
1676676653323,1676676654913
1676676653886,1676676654933
1676676653923,1676676654957
1676676653583,1676676655113
1676676654087,1676676655389
1676676654123,1676676655449
1676676653379,1676676655509
1676676654379,1676676655645
1676676653459,1676676655685
1676676654511,1676676655753
1676676654027,1676676655801
1676676654159,1676676655861
1676676654347,1676676655929
1676676654659,1676676656161
1676676654335,1676676656197
1676676654779,1676676656201
1676676654719,1676676656341
1676676654935,1676676656457
1676676655114,1676676656465
1676676654813,1676676656477
1676676654959,1676676656597
1676676654915,1676676656629
1676676654343,1676676656709
1676676655451,1676676656721
1676676655647,1676676656957
1676676655687,1676676657041
1676676655391,1676676657133
1676676655828,1676676657261
1676676655755,1676676657289
1676676656203,1676676657549
1676676655863,1676676657649
1676676656343,1676676657703
1676676656164,1676676657733
1676676655931,1676676657749
1676676655803,1676676657789
1676676655511,1676676657809
1676676656711,1676676657877
1676676656199,1676676657913
1676676656483,1676676658073
1676676656631,1676676658093
1676676656459,1676676658149
1676676657135,1676676658225
1676676656723,1676676658341
1676676656959,1676676658413
1676676656599,1676676658469
1676676657291,1676676658697
1676676657735,1676676658785
1676676656467,1676676658865
1676676657268,1676676658930
1676676657042,1676676659037
1676676657812,1676676659089
1676676657551,1676676659105
1676676657791,1676676659198
1676676657879,1676676659253
1676676657751,1676676659289
1676676657915,1676676659373
1676676657846,1676676659393
1676676657705,1676676659469
1676676658095,1676676659553
1676676658075,1676676659577
1676676657651,1676676659665
1676676658151,1676676659826
1676676658932,1676676659837
1676676658867,1676676660021
1676676658415,1676676660033
1676676658227,1676676660093
1676676658343,1676676660101
1676676658787,1676676660165
1676676658699,1676676660417
1676676659039,1676676660477
1676676658471,1676676660525
1676676659200,1676676660681
1676676659108,1676676660705
1676676659291,1676676660777
1676676659375,1676676660861
1676676659580,1676676660937
1676676658862,1676676660985
1676676659092,1676676661021
1676676659399,1676676661030
1676676659255,1676676661073
1676676659828,1676676661229
1676676660167,1676676661245
1676676659555,1676676661253
1676676660095,1676676661425
1676676660023,1676676661473
1676676660035,1676676661665
1676676659471,1676676661701
1676676659667,1676676661757
1676676660526,1676676661769
1676676660479,1676676661865
1676676660419,1676676661881
1676676659839,1676676661937
1676676660779,1676676662085
1676676660708,1676676662110
1676676660683,1676676662153
1676676660103,1676676662317
1676676660939,1676676662317
1676676661255,1676676662385
1676676660991,1676676662509
1676676661032,1676676662557
1676676660863,1676676662577
1676676660879,1676676662670
1676676661475,1676676662745
1676676661247,1676676662777
1676676661771,1676676662814
1676676661075,1676676662853
1676676661023,1676676662922
1676676661232,1676676662953
1676676661703,1676676663033
1676676661667,1676676663097
1676676661939,1676676663197
1676676661895,1676676663217
1676676661427,1676676663225
1676676661867,1676676663329
1676676662087,1676676663441
1676676661883,1676676663485
1676676661759,1676676663501
1676676662155,1676676663645
1676676662512,1676676663689
1676676662319,1676676663741
1676676662815,1676676663741
1676676662579,1676676663753
1676676662112,1676676663789
1676676662747,1676676663933
1676676662319,1676676664021
1676676662559,1676676664173
1676676662779,1676676664365
1676676663223,1676676664405
1676676663035,1676676664517
1676676662924,1676676664537
1676676663199,1676676664573
1676676662955,1676676664693
1676676663227,1676676664785
1676676662387,1676676664869
1676676663755,1676676664909
1676676663099,1676676664969
1676676662676,1676676665057
1676676663331,1676676665065
1676676663743,1676676665153
1676676662855,1676676665321
1676676663503,1676676665341
1676676663443,1676676665389
1676676663791,1676676665437
1676676663691,1676676665444
1676676663487,1676676665469
1676676664176,1676676665529
1676676664407,1676676665621
1676676664023,1676676665713
1676676663647,1676676665833
1676676663912,1676676665912
1676676664695,1676676665937
1676676663743,1676676665945
1676676664539,1676676665961
1676676664575,1676676666069
1676676664519,1676676666269
1676676664367,1676676666289
1676676664924,1676676666321
1676676664787,1676676666373
1676676663935,1676676666385
1676676664971,1676676666409
1676676664871,1676676666445
1676676665059,1676676666497
1676676665439,1676676666537
1676676665323,1676676666541
1676676665067,1676676666609
1676676665391,1676676666633
1676676665343,1676676666641
1676676665445,1676676666913
1676676665947,1676676666973
1676676665531,1676676666993
1676676665471,1676676667097
1676676664910,1676676667105
1676676665939,1676676667153
1676676665715,1676676667153
1676676665835,1676676667193
1676676665623,1676676667221
1676676665917,1676676667225
1676676666446,1676676667249
1676676665155,1676676667273
1676676665942,1676676667329
1676676665963,1676676667589
1676676666499,1676676667685
1676676666375,1676676667709
1676676666071,1676676667729
1676676666271,1676676667780
1676676666635,1676676667813
1676676666291,1676676667817
1676676666411,1676676667849
1676676666611,1676676668097
1676676666643,1676676668257
1676676666326,1676676668281
1676676666543,1676676668349
1676676666387,1676676668353
1676676667275,1676676668461
1676676667107,1676676668473
1676676667155,1676676668477
1676676666915,1676676668533
1676676667335,1676676668561
1676676666975,1676676668569
1676676666539,1676676668605
1676676666995,1676676668613
1676676667155,1676676668617
1676676667688,1676676668801
1676676667223,1676676668829
1676676667227,1676676668853
1676676667099,1676676668853
1676676667251,1676676668861
1676676667782,1676676668885
1676676667591,1676676669153
1676676667195,1676676669165
1676676667731,1676676669361
1676676668283,1676676669389
1676676667814,1676676669489
1676676667711,1676676669509
1676676667819,1676676669573
1676676668355,1676676669617
1676676667961,1676676669613
1676676668463,1676676669697
1676676668351,1676676669729
1676676668259,1676676669761
1676676668535,1676676669777
1676676668475,1676676669865
1676676668099,1676676669905
1676676668563,1676676669933
1676676668615,1676676669961
1676676668479,1676676669981
1676676667851,1676676670005
1676676668803,1676676670037
1676676668855,1676676670213
1676676668619,1676676670345
1676676668887,1676676670369
1676676668831,1676676670421
1676676668973,1676676670477
1676676668863,1676676670573
1676676668855,1676676670653
1676676669167,1676676670685
1676676669620,1676676670717
1676676668607,1676676670769
1676676669391,1676676670857
1676676669364,1676676670893
1676676669511,1676676670961
1676676669575,1676676671006
1676676668571,1676676671085
1676676669867,1676676671109
1676676669155,1676676671141
1676676669763,1676676671217
1676676670039,1676676671217
1676676669491,1676676671217
1676676669779,1676676671239
1676676669699,1676676671301
1676676670007,1676676671309
1676676669963,1676676671345
1676676669731,1676676671417
1676676669935,1676676671533
1676676669907,1676676671545
1676676670371,1676676671625
1676676669990,1676676671717
1676676669619,1676676671729
1676676670859,1676676671745
1676676670423,1676676671757
1676676669983,1676676671921
1676676670483,1676676671945
1676676670719,1676676672001
1676676670771,1676676672029
1676676670347,1676676672101
1676676670687,1676676672193
1676676670655,1676676672197
1676676670963,1676676672201
1676676670575,1676676672245
1676676671143,1676676672289
1676676671087,1676676672389
1676676670215,1676676672397
1676676671241,1676676672429
1676676671547,1676676672441
1676676671535,1676676672453
1676676671347,1676676672513
1676676671219,1676676672529
1676676671303,1676676672577
1676676671311,1676676672605
1676676671219,1676676672609
1676676671007,1676676672669
1676676670895,1676676672685
1676676671111,1676676672825
1676676671731,1676676672901
1676676671627,1676676673069
1676676671759,1676676673089
1676676671947,1676676673121
1676676671219,1676676673157
1676676671747,1676676673205
1676676671419,1676676673213
1676676672103,1676676673217
1676676672195,1676676673428
1676676671723,1676676673449
1676676672006,1676676673545
1676676672431,1676676673557
1676676672247,1676676673633
1676676671923,1676676673714
1676676672515,1676676673757
1676676672199,1676676673829
1676676672031,1676676673917
1676676672671,1676676673965
1676676672903,1676676674033
1676676672687,1676676674057
1676676672003,1676676674065
1676676672443,1676676674073
1676676672579,1676676674073
1676676672291,1676676674109
1676676672391,1676676674109
1676676672531,1676676674157
1676676672611,1676676674177
1676676672454,1676676674261
1676676672827,1676676674309
1676676673071,1676676674344
1676676672203,1676676674357
1676676672399,1676676674389
1676676673219,1676676674393
1676676673091,1676676674409
1676676672607,1676676674457
1676676673207,1676676674493
1676676673559,1676676674573
1676676673123,1676676674597
1676676673451,1676676674681
1676676673831,1676676674684
1676676673021,1676676674689
1676676673551,1676676674733
1676676673759,1676676674829
1676676673159,1676676674909
1676676673215,1676676675009
1676676674035,1676676675085
1676676673635,1676676675093
1676676673717,1676676675133
1676676674075,1676676675233
1676676673429,1676676675249
1676676674179,1676676675301
1676676674263,1676676675313
1676676674067,1676676675449
1676676674159,1676676675477
1676676674346,1676676675525
1676676674391,1676676675629
1676676673967,1676676675637
1676676674395,1676676675649
1676676674359,1676676675737
1676676674311,1676676675741
1676676674111,1676676675757
1676676674037,1676676675797
1676676674599,1676676675858
1676676674059,1676676675881
1676676674411,1676676675909
1676676674459,1676676675937
1676676674495,1676676675985
1676676674575,1676676676009
1676676673919,1676676676025
1676676674075,1676676676041
1676676674111,1676676676165
1676676674683,1676676676197
1676676675087,1676676676225
1676676674696,1676676676329
1676676675095,1676676676425
1676676674911,1676676676429
1676676675315,1676676676433
1676676675135,1676676676481
1676676674831,1676676676617
1676676675251,1676676676697
1676676675451,1676676676709
1676676675883,1676676676781
1676676674735,1676676676785
1676676675011,1676676676813
1676676674686,1676676676833
1676676675236,1676676676909
1676676675639,1676676677065
1676676675527,1676676677081
1676676675987,1676676677097
1676676675939,1676676677105
1676676676043,1676676677145
1676676675303,1676676677173
1676676675631,1676676677188
1676676675480,1676676677225
1676676676027,1676676677282
1676676675760,1676676677293
1676676675859,1676676677413
1676676675804,1676676677525
1676676675911,1676676677536
1676676676227,1676676677549
1676676676055,1676676677613
1676676676427,1676676677669
1676676675739,1676676677673
1676676676431,1676676677749
1676676676199,1676676677784
1676676676011,1676676677801
1676676675651,1676676677889
1676676676167,1676676677897
1676676676700,1676676677981
1676676676619,1676676678021
1676676676783,1676676678129
1676676676835,1676676678173
1676676676711,1676676678177
1676676676435,1676676678205
1676676677175,1676676678233
1676676676331,1676676678305
1676676677083,1676676678313
1676676677068,1676676678413
1676676676787,1676676678429
1676676677189,1676676678521
1676676675743,1676676678573
1676676676483,1676676678581
1676676677227,1676676678601
1676676676912,1676676678653
1676676677147,1676676678693
1676676677099,1676676678713
1676676676815,1676676678721
1676676677067,1676676678725
1676676677527,1676676678733
1676676677284,1676676678757
1676676677107,1676676678821
1676676677295,1676676678829
1676676677415,1676676678967
1676676677899,1676676679025
1676676677620,1676676679069
1676676677803,1676676679093
1676676677751,1676676679161
1676676677538,1676676679185
1676676678419,1676676679273
1676676677671,1676676679309
1676676678207,1676676679341
1676676678179,1676676679429
1676676678083,1676676679453
1676676677983,1676676679473
1676676678583,1676676679513
1676676677675,1676676679525
1676676678131,1676676679585
1676676677891,1676676679589
1676676677551,1676676679645
1676676678023,1676676679649
1676676678695,1676676679653
1676676678307,1676676679757
1676676677786,1676676679820
1676676678723,1676676679849
1676676678431,1676676679949
1676676678655,1676676679965
1676676678175,1676676680017
1676676678759,1676676680065
1676676678235,1676676680157
1676676678727,1676676680177
1676676678969,1676676680185
1676676679071,1676676680221
1676676678603,1676676680393
1676676679311,1676676680421
1676676678823,1676676680445
1676676678523,1676676680497
1676676679095,1676676680501
1676676678735,1676676680505
1676676678715,1676676680525
1676676679027,1676676680569
1676676679459,1676676680589
1676676679094,1676676680713
1676676679527,1676676680729
1676676679515,1676676680749
1676676679591,1676676680765
1676676679431,1676676680820
1676676678575,1676676680873
1676676679343,1676676680889
1676676679651,1676676680909
1676676678831,1676676680921
1676676678315,1676676680961
1676676679655,1676676680969
1676676679475,1676676681001
1676676679187,1676676681029
1676676679275,1676676681069
1676676679821,1676676681077
1676676679759,1676676681133
1676676679163,1676676681197
1676676679851,1676676681211
1676676680019,1676676681261
1676676680223,1676676681365
1676676679967,1676676681449
1676676679587,1676676681469
1676676680423,1676676681525
1676676680179,1676676681533
1676676680067,1676676681677
1676676679647,1676676681897
1676676680187,1676676681923
1676676680159,1676676681973
1676676680971,1676676682049
1676676680499,1676676682141
1676676680767,1676676682141
1676676680923,1676676682273
1676676680571,1676676682274
1676676680395,1676676682301
1676676680507,1676676682309
1676676680591,1676676682333
1676676680503,1676676682493
1676676681031,1676676682501
1676676681003,1676676682573
1676676680528,1676676682581
1676676680891,1676676682657
1676676680822,1676676682689
1676676679951,1676676682705
1676676680719,1676676682805
1676676680731,1676676682809
1676676681367,1676676682877
1676676681079,1676676682965
1676676680447,1676676682985
1676676681071,1676676683001
1676676681263,1676676683025
1676676681115,1676676683045
1676676681135,1676676683073
1676676680963,1676676683081
1676676680751,1676676683081
1676676681925,1676676683105
1676676681899,1676676683113
1676676681975,1676676683121
1676676680912,1676676683121
1676676681527,1676676683141
1676676681679,1676676683157
1676676681199,1676676683161
1676676681471,1676676683161
1676676681451,1676676683181
1676676681213,1676676683197
1676676680875,1676676683313
1676676682143,1676676683373
1676676682127,1676676683385
1676676682142,1676676683413
1676676682275,1676676683417
1676676681535,1676676683573
1676676682807,1676676683625
1676676682335,1676676683633
1676676682707,1676676683646
1676676682303,1676676683657
1676676682691,1676676683725
1676676682311,1676676683769
1676676682275,1676676683804
1676676682811,1676676683981
1676676682503,1676676683989
1676676683003,1676676684033
1676676682967,1676676684105
1676676683183,1676676684257
1676676683083,1676676684309
1676676682495,1676676684344
1676676682658,1676676684417
1676676682879,1676676684441
1676676683075,1676676684521
1676676683375,1676676684525
1676676683158,1676676684529
1676676683315,1676676684557
1676676683162,1676676684621
1676676682583,1676676684629
1676676682987,1676676684697
1676676682575,1676676684713
1676676683051,1676676684721
1676676683107,1676676684777
1676676683575,1676676684826
1676676683648,1676676684833
1676676683635,1676676684885
1676676683140,1676676684917
1676676683083,1676676685016
1676676683123,1676676685041
1676676682051,1676676685143
1676676683142,1676676685153
1676676683115,1676676685181
1676676683806,1676676685201
1676676683199,1676676685205
1676676683027,1676676685217
1676676683627,1676676685297
1676676683771,1676676685329
1676676683415,1676676685349
1676676683659,1676676685361
1676676683163,1676676685393
1676676684107,1676676685421
1676676683727,1676676685453
1676676683983,1676676685489
1676676683123,1676676685490
1676676684035,1676676685505
1676676683391,1676676685517
1676676683419,1676676685529
1676676684419,1676676685653
1676676683991,1676676685669
1676676684623,1676676685677
1676676684443,1676676685745
1676676684311,1676676685753
1676676684523,1676676685849
1676676684779,1676676685893
1676676684922,1676676685905
1676676684346,1676676685933
1676676684699,1676676685977
1676676684723,1676676685989
1676676684531,1676676686037
1676676684260,1676676686045
1676676684631,1676676686105
1676676684715,1676676686177
1676676684835,1676676686201
1676676684887,1676676686233
1676676684527,1676676686253
1676676685299,1676676686257
1676676684559,1676676686285
1676676685017,1676676686317
1676676685331,1676676686349
1676676685507,1676676686453
1676676685207,1676676686553
1676676685144,1676676686629
1676676685395,1676676686645
1676676685219,1676676686657
1676676685155,1676676686669
1676676685043,1676676686689
1676676685183,1676676686749
1676676684828,1676676686797
1676676685351,1676676686845
1676676685423,1676676686853
1676676685160,1676676686909
1676676685852,1676676687005
1676676685363,1676676687037
1676676685455,1676676687057
1676676686179,1676676687093
1676676685203,1676676687133
1676676685491,1676676687193
1676676686039,1676676687201
1676676685907,1676676687205
1676676685519,1676676687209
1676676685655,1676676687217
1676676685755,1676676687297
1676676685491,1676676687337
1676676685531,1676676687377
1676676685747,1676676687444
1676676685935,1676676687509
1676676685679,1676676687517
1676676686255,1676676687557
1676676686047,1676676687577
1676676686351,1676676687577
1676676685671,1676676687597
1676676686203,1676676687633
1676676686318,1676676687673
1676676686174,1676676687685
1676676685895,1676676687697
1676676685991,1676676687705
1676676686287,1676676687713
1676676686455,1676676687717
1676676685979,1676676687737
1676676686555,1676676687753
1676676686855,1676676687825
1676676686107,1676676687877
1676676686631,1676676687929
1676676686915,1676676687953
1676676686691,1676676687975
1676676686235,1676676687993
1676676687039,1676676688101
1676676686259,1676676688157
1676676686799,1676676688245
1676676686647,1676676688245
1676676687007,1676676688249
1676676687135,1676676688285
1676676686659,1676676688333
1676676686671,1676676688361
1676676687059,1676676688441
1676676687635,1676676688445
1676676687559,1676676688497
1676676687299,1676676688505
1676676687219,1676676688573
1676676687095,1676676688577
1676676687446,1676676688591
1676676687195,1676676688737
1676676687715,1676676688741
1676676687579,1676676688749
1676676687206,1676676688753
1676676687719,1676676688765
1676676686751,1676676688825
1676676687739,1676676688833
1676676687211,1676676688965
1676676687203,1676676689049
1676676687511,1676676689057
1676676687707,1676676689057
1676676687599,1676676689085
1676676687691,1676676689117
1676676687977,1676676689149
1676676687339,1676676689165
1676676687378,1676676689181
1676676686848,1676676689221
1676676687675,1676676689225
1676676688579,1676676689305
1676676687579,1676676689353
1676676687755,1676676689361
1676676687190,1676676689361
1676676687699,1676676689389
1676676687519,1676676689441
1676676687931,1676676689443
1676676688251,1676676689477
1676676688159,1676676689509
1676676687995,1676676689601
1676676688443,1676676689617
1676676688247,1676676689657
1676676688103,1676676689685
1676676688363,1676676689693
1676676687827,1676676689781
1676676688499,1676676689781
1676676687879,1676676689793
1676676688247,1676676689857
1676676688593,1676676689877
1676676687955,1676676689889
1676676688287,1676676689893
1676676688446,1676676689921
1676676688507,1676676689945
1676676688967,1676676689985
1676676688755,1676676690037
1676676688827,1676676690053
1676676688743,1676676690073
1676676688335,1676676690161
1676676688575,1676676690173
1676676689183,1676676690305
1676676688767,1676676690351
1676676689167,1676676690352
1676676689226,1676676690425
1676676689658,1676676690425
1676676689087,1676676690437
1676676689355,1676676690477
1676676688835,1676676690481
1676676688751,1676676690557
1676676689199,1676676690569
1676676689051,1676676690601
1676676689119,1676676690609
1676676689059,1676676690693
1676676689367,1676676690705
1676676689445,1676676690717
1676676689390,1676676690741
1676676689479,1676676690753
1676676689151,1676676690761
1676676689442,1676676690781
1676676689879,1676676690885
1676676689223,1676676690917
1676676689783,1676676690965
1676676689619,1676676691005
1676676689307,1676676691061
1676676689947,1676676691089
1676676689603,1676676691137
1676676689511,1676676691241
1676676689059,1676676691241
1676676690427,1676676691249
1676676689987,1676676691273
1676676688739,1676676691277
1676676689795,1676676691329
1676676689687,1676676691350
1676676690353,1676676691357
1676676689695,1676676691369
1676676689891,1676676691425
1676676690175,1676676691437
1676676689783,1676676691453
1676676690054,1676676691465
1676676690039,1676676691477
1676676690353,1676676691533
1676676690307,1676676691585
1676676689895,1676676691637
1676676689363,1676676691692
1676676690163,1676676691693
1676676690075,1676676691742
1676676690479,1676676691829
1676676689859,1676676691857
1676676690483,1676676691873
1676676690603,1676676691903
1676676690559,1676676691965
1676676690575,1676676692001
1676676689923,1676676692073
1676676690214,1676676692097
1676676690707,1676676692129
1676676690783,1676676692169
1676676690887,1676676692173
1676676690718,1676676692197
1676676690439,1676676692276
1676676690763,1676676692285
1676676690743,1676676692397
1676676691438,1676676692401
1676676690695,1676676692417
1676676690611,1676676692417
1676676691063,1676676692477
1676676691243,1676676692477
1676676690967,1676676692493
1676676691139,1676676692505
1676676691007,1676676692569
1676676691427,1676676692585
1676676690755,1676676692617
1676676691242,1676676692617
1676676691251,1676676692665
1676676691275,1676676692693
1676676690427,1676676692701
1676676691091,1676676692744
1676676691370,1676676692773
1676676691227,1676676692797
1676676691331,1676676692865
1676676691467,1676676692905
1676676691479,1676676692928
1676676691693,1676676692929
1676676690919,1676676692941
1676676691279,1676676692953
1676676691535,1676676692957
1676676691352,1676676693025
1676676691455,1676676693065
1676676691359,1676676693069
1676676691859,1676676693093
1676676691744,1676676693121
1676676692171,1676676693177
1676676691695,1676676693205
1676676692103,1676676693225
1676676692003,1676676693245
1676676691587,1676676693253
1676676691639,1676676693328
1676676691905,1676676693421
1676676692131,1676676693436
1676676691875,1676676693517
1676676692198,1676676693541
1676676692419,1676676693681
1676676692399,1676676693757
1676676692507,1676676693757
1676676691831,1676676693805
1676676692495,1676676693819
1676676692479,1676676693913
1676676692695,1676676693913
1676676691967,1676676693981
1676676692419,1676676693992
1676676692286,1676676694005
1676676693071,1676676694025
1676676692803,1676676694057
1676676692943,1676676694065
1676676692403,1676676694217
1676676692702,1676676694257
1676676692619,1676676694288
1676676692278,1676676694329
1676676692867,1676676694397
1676676692570,1676676694425
1676676692075,1676676694437
1676676692955,1676676694473
1676676692775,1676676694473
1676676692586,1676676694497
1676676693095,1676676694505
1676676692619,1676676694561
1676676692175,1676676694561
1676676692930,1676676694569
1676676693519,1676676694589
1676676692745,1676676694621
1676676693255,1676676694629
1676676692907,1676676694641
1676676693179,1676676694649
1676676692930,1676676694741
1676676693067,1676676694761
1676676693027,1676676694773
1676676693246,1676676694821
1676676692479,1676676694821
1676676692667,1676676694877
1676676693915,1676676694893
1676676693329,1676676694910
1676676693244,1676676694925
1676676693423,1676676694957
1676676693438,1676676694977
1676676693122,1676676694981
1676676693227,1676676694991
1676676693759,1676676694997
1676676693759,1676676695037
1676676693207,1676676695041
1676676692959,1676676695104
1676676693543,1676676695141
1676676693808,1676676695233
1676676694059,1676676695257
1676676693983,1676676695281
1676676694007,1676676695313
1676676694475,1676676695381
1676676693683,1676676695421
1676676693915,1676676695445
1676676693994,1676676695477
1676676694427,1676676695529
1676676694399,1676676695565
1676676694331,1676676695565
1676676694499,1676676695657
1676676694475,1676676695681
1676676694570,1676676695729
1676676694563,1676676695733
1676676694262,1676676695733
1676676694067,1676676695740
1676676694219,1676676695749
1676676694027,1676676695789
1676676694651,1676676695805
1676676694290,1676676695869
1676676694823,1676676695889
1676676694763,1676676695889
1676676694439,1676676695893
1676676694643,1676676695941
1676676694959,1676676696073
1676676694563,1676676696081
1676676693821,1676676696141
1676676694879,1676676696209
1676676694631,1676676696249
1676676694259,1676676696261
1676676694623,1676676696297
1676676695105,1676676696305
1676676694912,1676676696317
1676676694743,1676676696325
1676676695039,1676676696385
1676676694591,1676676696389
1676676694823,1676676696397
1676676694775,1676676696401
1676676694979,1676676696449
1676676695143,1676676696493
1676676694894,1676676696497
1676676694931,1676676696509
1676676695283,1676676696537
1676676695043,1676676696577
1676676695235,1676676696633
1676676694507,1676676696637
1676676694993,1676676696669
1676676695383,1676676696678
1676676695259,1676676696683
1676676695567,1676676696749
1676676695479,1676676696781
1676676694999,1676676696800
1676676695447,1676676696829
1676676695531,1676676696845
1676676695739,1676676696873
1676676695423,1676676696917
1676676695315,1676676696989
1676676695791,1676676697033
1676676695659,1676676697053
1676676695891,1676676697089
1676676695807,1676676697125
1676676695567,1676676697153
1676676695871,1676676697157
1676676695751,1676676697173
1676676696143,1676676697181
1676676696075,1676676697181
1676676695943,1676676697193
1676676695735,1676676697245
1676676695683,1676676697261
1676676696263,1676676697293
1676676695731,1676676697296
1676676696451,1676676697321
1676676696318,1676676697365
1676676694983,1676676697377
1676676696211,1676676697425
1676676696783,1676676697477
1676676696387,1676676697509
1676676696299,1676676697513
1676676695891,1676676697541
1676676695742,1676676697601
1676676696307,1676676697641
1676676696276,1676676697665
1676676695895,1676676697681
1676676696082,1676676697693
1676676696391,1676676697709
1676676696579,1676676697757
1676676696495,1676676697767
1676676696251,1676676697779
1676676696671,1676676697793
1676676696326,1676676697837
1676676696802,1676676697845
1676676696498,1676676697901
1676676696680,1676676698002
1676676696399,1676676698013
1676676696684,1676676698053
1676676696875,1676676698073
1676676696639,1676676698085
1676676696831,1676676698113
1676676697091,1676676698137
1676676696539,1676676698157
1676676696918,1676676698197
1676676696511,1676676698245
1676676697263,1676676698261
1676676697175,1676676698309
1676676697367,1676676698348
1676676697054,1676676698353
1676676696403,1676676698353
1676676696635,1676676698405
1676676697127,1676676698433
1676676696991,1676676698501
1676676697155,1676676698513
1676676697323,1676676698585
1676676697298,1676676698617
1676676697035,1676676698653
1676676697183,1676676698665
1676676696846,1676676698705
1676676697603,1676676698745
1676676697195,1676676698757
1676676697514,1676676698761
1676676696751,1676676698765
1676676697295,1676676698777
1676676697543,1676676698777
1676676697158,1676676698861
1676676697291,1676676698865
1676676697479,1676676698869
1676676697183,1676676698889
1676676697378,1676676698925
1676676697759,1676676698949
1676676697247,1676676698949
1676676697695,1676676698985
1676676697847,1676676699033
1676676697769,1676676699045
1676676697903,1676676699105
1676676697427,1676676699153
1676676697781,1676676699161
1676676697839,1676676699185
1676676697683,1676676699213
1676676697511,1676676699225
1676676697795,1676676699245
1676676697643,1676676699287
1676676698075,1676676699309
1676676698139,1676676699325
1676676698262,1676676699389
1676676698087,1676676699421
1676676697671,1676676699461
1676676698159,1676676699481
1676676698055,1676676699545
1676676697711,1676676699553
1676676698115,1676676699641
1676676698503,1676676699685
1676676698199,1676676699713
1676676698654,1676676699721
1676676698311,1676676699732
1676676698355,1676676699773
1676676698247,1676676699797
1676676698355,1676676699813
1676676698349,1676676699821
1676676698759,1676676699845
1676676698515,1676676699856
1676676698619,1676676699869
1676676698015,1676676699913
1676676698667,1676676700009
1676676698870,1676676700137
1676676698779,1676676700162
1676676698986,1676676700169
1676676698434,1676676700201
1676676698747,1676676700201
1676676698407,1676676700241
1676676698863,1676676700241
1676676698707,1676676700297
1676676698927,1676676700333
1676676699311,1676676700340
1676676699187,1676676700341
1676676698587,1676676700393
1676676698951,1676676700401
1676676699547,1676676700433
1676676699226,1676676700437
1676676698767,1676676700437
1676676699308,1676676700461
1676676698778,1676676700469
1676676698890,1676676700489
1676676699390,1676676700585
1676676698951,1676676700597
1676676699215,1676676700620
1676676699247,1676676700621
1676676698004,1676676700653
1676676699423,1676676700665
1676676698871,1676676700669
1676676699162,1676676700721
1676676699047,1676676700733
1676676699035,1676676700781
1676676699289,1676676700781
1676676699463,1676676700841
1676676699107,1676676700901
1676676699327,1676676700929
1676676699799,1676676700929
1676676699155,1676676700933
1676676698763,1676676700953
1676676699858,1676676701005
1676676699715,1676676701009
1676676699915,1676676701053
1676676699687,1676676701085
1676676699483,1676676701089
1676676700203,1676676701101
1676676699734,1676676701201
1676676699555,1676676701229
1676676699723,1676676701273
1676676700243,1676676701293
1676676700010,1676676701301
1676676700139,1676676701325
1676676700203,1676676701381
1676676700164,1676676701433
1676676699815,1676676701465
1676676699643,1676676701497
1676676700471,1676676701537
1676676700435,1676676701573
1676676699847,1676676701592
1676676699823,1676676701657
1676676700623,1676676701693
1676676700342,1676676701701
1676676700320,1676676701729
1676676700395,1676676701737
1676676700299,1676676701809
1676676700654,1676676701865
1676676700491,1676676701917
1676676701087,1676676701920
1676676699775,1676676701941
1676676700735,1676676701997
1676676700843,1676676702005
1676676699871,1676676702033
1676676700342,1676676702105
1676676700243,1676676702121
1676676700599,1676676702185
1676676700467,1676676702221
1676676700667,1676676702233
1676676700402,1676676702241
1676676700334,1676676702261
1676676700171,1676676702261
1676676700587,1676676702265
1676676700935,1676676702305
1676676700723,1676676702340
1676676700903,1676676702393
1676676700670,1676676702413
1676676700783,1676676702425
1676676700439,1676676702433
1676676700783,1676676702445
1676676700439,1676676702481
1676676700931,1676676702497
1676676701055,1676676702501
1676676700955,1676676702505
1676676701007,1676676702561
1676676701011,1676676702561
1676676701091,1676676702574
1676676700931,1676676702617
1676676701382,1676676702627
1676676701303,1676676702645
1676676701434,1676676702725
1676676701327,1676676702757
1676676701103,1676676702765
1676676701695,1676676702789
1676676701703,1676676702865
1676676701499,1676676702873
1676676701867,1676676702933
1676676701295,1676676702961
1676676702007,1676676702968
1676676701811,1676676702969
1676676701734,1676676702969
1676676701593,1676676702977
1676676701659,1676676702981
1676676700621,1676676703037
1676676701467,1676676703053
1676676701538,1676676703073
1676676701275,1676676703077
1676676701942,1676676703108
1676676701739,1676676703160
1676676702499,1676676703165
1676676701922,1676676703211
1676676702034,1676676703297
1676676702123,1676676703352
1676676702267,1676676703369
1676676702262,1676676703413
1676676701574,1676676703465
1676676702263,1676676703469
1676676701231,1676676703485
1676676702107,1676676703537
1676676701202,1676676703633
1676676701919,1676676703633
1676676702867,1676676703637
1676676701999,1676676703661
1676676702187,1676676703681
1676676702503,1676676703693
1676676702223,1676676703733
1676676702394,1676676703773
1676676702766,1676676703781
1676676702242,1676676703781
1676676702446,1676676703797
1676676702306,1676676703805
1676676702427,1676676703813
1676676702235,1676676703853
1676676702758,1676676703853
1676676702506,1676676703861
1676676702628,1676676703865
1676676702333,1676676703909
1676676702619,1676676703933
1676676702576,1676676703973
1676676702435,1676676703977
1676676702875,1676676703993
1676676702342,1676676704005
1676676702563,1676676704085
1676676703299,1676676704137
1676676702935,1676676704147
1676676703038,1676676704157
1676676702482,1676676704169
1676676702727,1676676704249
1676676702647,1676676704357
1676676703079,1676676704377
1676676702979,1676676704477
1676676703166,1676676704497
1676676703109,1676676704565
1676676702415,1676676704597
1676676703161,1676676704613
1676676702791,1676676704625
1676676703415,1676676704721
1676676703467,1676676704733
1676676702562,1676676704769
1676676702982,1676676704769
1676676702963,1676676704809
1676676703075,1676676704833
1676676702969,1676676704888
1676676703735,1676676704889
1676676703370,1676676704913
1676676703663,1676676704925
1676676703354,1676676704925
1676676703638,1676676704933
1676676703471,1676676704985
1676676703815,1676676704989
1676676703806,1676676705001
1676676703783,1676676705025
1676676703539,1676676705025
1676676702970,1676676705029
1676676703855,1676676705061
1676676703979,1676676705081
1676676703487,1676676705089
1676676702971,1676676705149
1676676703213,1676676705197
1676676703914,1676676705201
1676676703055,1676676705205
1676676703695,1676676705205
1676676703798,1676676705213
1676676703855,1676676705257
1676676703867,1676676705293
1676676703635,1676676705313
1676676703635,1676676705353
1676676704379,1676676705361
1676676704170,1676676705473
1676676703935,1676676705497
1676676703863,1676676705509
1676676703683,1676676705545
1676676704158,1676676705585
1676676704138,1676676705589
1676676704251,1676676705609
1676676704627,1676676705621
1676676704567,1676676705625
1676676704086,1676676705633
1676676703995,1676676705641
1676676703974,1676676705673
1676676704890,1676676705681
1676676703775,1676676705705
1676676704007,1676676705721
1676676703783,1676676705733
1676676704479,1676676705837
1676676704359,1676676705877
1676676704349,1676676705889
1676676704149,1676676705897
1676676704771,1676676705925
1676676704499,1676676706049
1676676704723,1676676706101
1676676704914,1676676706137
1676676705003,1676676706141
1676676704735,1676676706225
1676676705062,1676676706269
1676676705202,1676676706337
1676676704835,1676676706381
1676676704991,1676676706389
1676676704890,1676676706441
1676676705082,1676676706465
1676676705026,1676676706465
1676676704599,1676676706488
1676676705259,1676676706521
1676676705151,1676676706525
1676676704927,1676676706529
1676676704935,1676676706545
1676676704927,1676676706545
1676676705586,1676676706569
1676676705207,1676676706585
1676676705634,1676676706589
1676676705207,1676676706601
1676676705090,1676676706609
1676676705511,1676676706613
1676676705027,1676676706617
1676676705199,1676676706673
1676676704987,1676676706688
1676676704811,1676676706693
1676676704771,1676676706693
1676676705683,1676676706790
1676676705315,1676676706837
1676676705294,1676676706861
1676676705722,1676676706873
1676676705363,1676676706933
1676676705030,1676676706952
1676676705547,1676676706981
1676676705215,1676676706985
1676676705898,1676676706997
1676676705499,1676676707013
1676676705591,1676676707037
1676676705610,1676676707061
1676676705927,1676676707101
1676676705354,1676676707121
1676676704614,1676676707145
1676676705707,1676676707165
1676676705675,1676676707193
1676676705623,1676676707233
1676676705627,1676676707241
1676676706143,1676676707245
1676676706383,1676676707341
1676676705894,1676676707372
1676676706270,1676676707401
1676676706227,1676676707454
1676676706527,1676676707517
1676676706138,1676676707517
1676676705839,1676676707517
1676676705878,1676676707529
1676676705474,1676676707549
1676676706615,1676676707633
1676676706051,1676676707689
1676676706103,1676676707705
1676676706391,1676676707761
1676676706570,1676676707777
1676676706590,1676676707806
1676676706442,1676676707809
1676676706874,1676676707849
1676676706675,1676676707857
1676676705643,1676676707869
1676676706490,1676676707877
1676676706547,1676676707885
1676676706339,1676676707893
1676676706603,1676676707913
1676676706689,1676676707965
1676676706365,1676676707961
1676676706791,1676676707993
1676676706587,1676676708001
1676676706611,1676676708009
1676676706531,1676676708053
1676676706467,1676676708089
1676676706547,1676676708137
1676676706839,1676676708181
1676676706694,1676676708193
1676676706467,1676676708205
1676676707103,1676676708293
1676676706953,1676676708317
1676676707015,1676676708325
1676676705734,1676676708325
1676676706987,1676676708329
1676676707038,1676676708329
1676676706523,1676676708341
1676676706618,1676676708367
1676676706983,1676676708373
1676676706999,1676676708393
1676676707167,1676676708393
1676676706695,1676676708409
1676676707342,1676676708482
1676676706862,1676676708541
1676676707242,1676676708561
1676676707195,1676676708585
1676676707147,1676676708601
1676676707374,1676676708653
1676676707810,1676676708669
1676676707530,1676676708685
1676676707062,1676676708689
1676676707235,1676676708773
1676676707859,1676676708813
1676676707403,1676676708821
1676676707895,1676676708865
1676676707519,1676676708905
1676676707519,1676676708965
1676676707551,1676676708977
1676676707519,1676676709001
1676676706935,1676676709021
1676676707763,1676676709037
1676676707887,1676676709057
1676676707691,1676676709073
1676676707122,1676676709113
1676676707455,1676676709201
1676676707851,1676676709201
1676676708091,1676676709205
1676676707995,1676676709245
1676676707635,1676676709257
1676676707779,1676676709297
1676676707707,1676676709337
1676676707967,1676676709357
1676676707879,1676676709361
1676676707967,1676676709393
1676676707808,1676676709425
1676676708183,1676676709441
1676676708295,1676676709444
1676676708369,1676676709465
1676676708003,1676676709465
1676676708054,1676676709497
1676676708139,1676676709533
1676676708327,1676676709693
1676676708319,1676676709693
1676676708327,1676676709717
1676676707915,1676676709745
1676676708374,1676676709797
1676676708411,1676676709801
1676676708687,1676676709801
1676676707871,1676676709849
1676676708207,1676676709873
1676676708330,1676676709925
1676676708691,1676676709937
1676676708563,1676676709945
1676676708380,1676676709945
1676676708331,1676676709961
1676676708671,1676676710037
1676676708484,1676676710065
1676676708815,1676676710125
1676676707247,1676676710129
1676676708603,1676676710133
1676676708394,1676676710169
1676676708543,1676676710185
1676676708906,1676676710201
1676676708394,1676676710213
1676676708011,1676676710221
1676676708343,1676676710250
1676676708587,1676676710297
1676676708967,1676676710313
1676676708823,1676676710349
1676676708980,1676676710401
1676676709023,1676676710473
1676676708775,1676676710485
1676676709338,1676676710493
1676676709075,1676676710505
1676676709203,1676676710521
1676676709115,1676676710525
1676676708195,1676676710533
1676676709247,1676676710545
1676676709206,1676676710609
1676676709299,1676676710657
1676676709850,1676676710665
1676676709203,1676676710665
1676676709395,1676676710737
1676676709363,1676676710757
1676676709259,1676676710757
1676676709059,1676676710769
1676676709359,1676676710773
1676676709747,1676676710785
1676676709446,1676676710797
1676676708868,1676676710833
1676676709003,1676676710833
1676676709694,1676676710849
1676676709427,1676676710881
1676676709039,1676676710881
1676676709467,1676676710891
1676676709799,1676676711045
1676676709718,1676676711085
1676676709442,1676676711125
1676676709535,1676676711133
1676676709803,1676676711141
1676676709963,1676676711158
1676676710127,1676676711189
1676676710131,1676676711233
1676676709803,1676676711257
1676676708655,1676676711265
1676676709926,1676676711309
1676676709946,1676676711313
1676676709499,1676676711317
1676676710223,1676676711425
1676676710171,1676676711445
1676676710039,1676676711497
1676676709950,1676676711561
1676676709938,1676676711590
1676676709695,1676676711629
1676676710067,1676676711677
1676676710215,1676676711685
1676676710135,1676676711721
1676676709466,1676676711768
1676676710252,1676676711821
1676676710506,1676676711849
1676676709875,1676676711861
1676676710403,1676676711865
1676676710487,1676676711873
1676676710299,1676676711881
1676676710351,1676676711897
1676676710611,1676676711953
1676676710547,1676676711977
1676676710786,1676676712009
1676676710475,1676676712033
1676676710399,1676676712069
1676676710759,1676676712081
1676676710535,1676676712097
1676676710851,1676676712105
1676676710187,1676676712113
1676676710771,1676676712169
1676676710315,1676676712205
1676676710666,1676676712209
1676676710893,1676676712241
1676676710835,1676676712277
1676676710799,1676676712281
1676676710882,1676676712313
1676676710759,1676676712321
1676676710834,1676676712349
1676676710494,1676676712385
1676676710667,1676676712413
1676676710883,1676676712421
1676676711160,1676676712429
1676676710774,1676676712433
1676676711127,1676676712437
1676676710523,1676676712485
1676676710203,1676676712493
1676676710659,1676676712505
1676676711311,1676676712537
1676676711315,1676676712577
1676676710527,1676676712585
1676676711191,1676676712592
1676676711235,1676676712621
1676676711267,1676676712633
1676676711678,1676676712669
1676676711259,1676676712685
1676676711563,1676676712685
1676676710738,1676676712689
1676676711499,1676676712773
1676676711427,1676676712845
1676676711851,1676676712845
1676676711319,1676676712869
1676676711135,1676676712873
1676676711686,1676676712925
1676676711087,1676676712953
1676676711047,1676676712969
1676676711591,1676676713009
1676676712076,1676676713021
1676676711447,1676676713101
1676676711143,1676676713101
1676676711631,1676676713129
1676676711955,1676676713161
1676676711722,1676676713189
1676676711867,1676676713225
1676676711823,1676676713317
1676676712011,1676676713333
1676676712435,1676676713345
1676676712035,1676676713349
1676676711769,1676676713365
1676676712351,1676676713389
1676676712243,1676676713449
1676676711875,1676676713461
1676676712171,1676676713477
1676676711862,1676676713489
1676676712211,1676676713509
1676676711899,1676676713525
1676676712083,1676676713561
1676676712107,1676676713593
1676676712099,1676676713637
1676676712430,1676676713705
1676676712315,1676676713721
1676676712283,1676676713741
1676676712495,1676676713829
1676676712623,1676676713829
1676676711883,1676676713829
1676676712691,1676676713837
1676676712207,1676676713853
1676676711979,1676676713861
1676676712670,1676676713881
1676676712438,1676676713885
1676676712115,1676676713889
1676676712847,1676676713925
1676676712415,1676676713933
1676676712279,1676676713943
1676676712774,1676676713985
1676676712322,1676676714013
1676676712875,1676676714029
1676676712386,1676676714045
1676676712954,1676676714093
1676676712507,1676676714117
1676676712847,1676676714121
1676676712926,1676676714133
1676676712586,1676676714169
1676676713163,1676676714173
1676676713011,1676676714181
1676676712539,1676676714257
1676676712686,1676676714265
1676676712579,1676676714269
1676676712686,1676676714341
1676676713102,1676676714409
1676676712487,1676676714409
1676676713103,1676676714417
1676676713227,1676676714437
1676676713351,1676676714481
1676676713023,1676676714494
1676676713131,1676676714501
1676676713462,1676676714541
1676676713334,1676676714605
1676676712422,1676676714621
1676676712594,1676676714649
1676676713319,1676676714705
1676676712970,1676676714717
1676676712870,1676676714733
1676676713347,1676676714745
1676676713527,1676676714761
1676676713563,1676676714777
1676676713450,1676676714787
1676676712635,1676676714809
1676676713366,1676676714825
1676676713723,1676676714825
1676676713415,1676676714865
1676676713838,1676676714889
1676676713707,1676676714933
1676676713390,1676676714949
1676676713886,1676676714977
1676676713595,1676676715001
1676676713190,1676676715037
1676676713862,1676676715049
1676676713510,1676676715053
1676676713935,1676676715129
1676676713743,1676676715129
1676676713945,1676676715137
1676676714135,1676676715149
1676676713891,1676676715177
1676676713986,1676676715193
1676676714015,1676676715213
1676676713927,1676676715213
1676676713831,1676676715223
1676676713478,1676676715237
1676676714046,1676676715241
1676676714183,1676676715317
1676676714095,1676676715385
1676676714175,1676676715429
1676676714411,1676676715468
1676676714171,1676676715469
1676676714119,1676676715469
1676676714343,1676676715493
1676676714123,1676676715537
1676676713639,1676676715553
1676676713491,1676676715577
1676676713830,1676676715605
1676676714483,1676676715609
1676676714031,1676676715613
1676676714271,1676676715713
1676676713830,1676676715731
1676676714608,1676676715741
1676676714419,1676676715745
1676676714651,1676676715745
1676676714411,1676676715793
1676676714439,1676676715797
1676676714266,1676676715808
1676676714503,1676676715897
1676676714719,1676676715917
1676676714789,1676676715957
1676676713855,1676676715997
1676676714543,1676676716007
1676676714811,1676676716025
1676676714496,1676676716041
1676676714779,1676676716077
1676676714747,1676676716089
1676676714259,1676676716092
1676676714763,1676676716097
1676676715131,1676676716221
1676676714827,1676676716245
1676676714827,1676676716273
1676676715051,1676676716285
1676676715319,1676676716306
1676676714707,1676676716333
1676676714623,1676676716337
1676676715238,1676676716345
1676676715151,1676676716357
1676676714951,1676676716373
1676676713883,1676676716389
1676676714871,1676676716401
1676676715055,1676676716409
1676676715039,1676676716425
1676676715215,1676676716513
1676676715799,1676676716601
1676676714891,1676676716645
1676676715387,1676676716689
1676676715715,1676676716689
1676676715430,1676676716721
1676676715225,1676676716753
1676676715131,1676676716769
1676676714735,1676676716777
1676676715555,1676676716789
1676676715215,1676676716801
1676676714979,1676676716817
1676676715003,1676676716829
1676676715471,1676676716833
1676676715611,1676676716965
1676676715495,1676676716977
1676676715615,1676676716989
1676676715733,1676676716993
1676676715470,1676676717053
1676676715471,1676676717085
1676676715139,1676676717089
1676676715747,1676676717101
1676676715899,1676676717145
1676676715179,1676676717149
1676676714935,1676676717181
1676676715746,1676676717181
1676676715579,1676676717193
1676676715919,1676676717209
1676676715539,1676676717221
1676676715810,1676676717261
1676676716091,1676676717269
1676676715743,1676676717269
1676676716099,1676676717333
1676676716094,1676676717337
1676676716008,1676676717421
1676676716335,1676676717437
1676676715607,1676676717509
1676676716081,1676676717529
1676676716308,1676676717553
1676676716247,1676676717585
1676676716427,1676676717593
1676676716347,1676676717605
1676676716411,1676676717617
1676676715999,1676676717617
1676676716391,1676676717681
1676676715794,1676676717713
1676676715195,1676676717717
1676676716437,1676676717725
1676676716647,1676676717777
1676676716027,1676676717785
1676676716375,1676676717805
1676676715959,1676676717813
1676676716223,1676676717813
1676676716275,1676676717861
1676676716287,1676676717861
1676676716779,1676676717905
1676676716602,1676676717909
1676676716403,1676676717909
1676676716723,1676676717953
1676676716979,1676676717965
1676676716791,1676676717989
1676676716771,1676676718061
1676676716515,1676676718065
1676676716043,1676676718069
1676676716835,1676676718181
1676676717263,1676676718189
1676676716819,1676676718221
1676676716831,1676676718221
1676676716359,1676676718253
1676676717055,1676676718281
1676676716755,1676676718297
1676676716995,1676676718305
1676676716803,1676676718305
1676676717183,1676676718317
1676676717147,1676676718321
1676676716691,1676676718357
1676676717211,1676676718369
1676676717091,1676676718401
1676676716967,1676676718409
1676676715243,1676676718429
1676676717339,1676676718429
1676676717271,1676676718497
1676676717223,1676676718541
1676676716339,1676676718577
1676676717087,1676676718581
1676676716691,1676676718604
1676676717271,1676676718715
1676676717439,1676676718729
1676676717619,1676676718733
1676676717587,1676676718761
1676676717423,1676676718781
1676676717511,1676676718801
1676676717183,1676676718806
1676676717607,1676676718857
1676676717151,1676676718901
1676676717786,1676676718929
1676676717683,1676676718933
1676676717595,1676676718937
1676676717531,1676676718957
1676676717955,1676676719013
1676676717103,1676676719028
1676676717195,1676676719037
1676676717991,1676676719065
1676676718067,1676676719069
1676676717863,1676676719073
1676676718255,1676676719125
1676676717779,1676676719141
1676676718063,1676676719161
1676676717715,1676676719173
1676676717335,1676676719193
1676676717967,1676676719197
1676676717807,1676676719209
1676676717719,1676676719289
1676676716991,1676676719305
1676676717911,1676676719309
1676676717555,1676676719321
1676676718403,1676676719385
1676676717619,1676676719411
1676676717731,1676676719429
1676676718411,1676676719429
1676676717814,1676676719438
1676676718183,1676676719481
1676676718191,1676676719497
1676676717911,1676676719517
1676676717907,1676676719553
1676676718299,1676676719625
1676676717815,1676676719701
1676676718716,1676676719705
1676676718071,1676676719709
1676676718223,1676676719717
1676676717863,1676676719725
1676676718371,1676676719757
1676676718498,1676676719761
1676676718359,1676676719801
1676676718323,1676676719817
1676676718431,1676676719841
1676676718307,1676676719853
1676676718431,1676676719885
1676676718283,1676676719893
1676676718808,1676676719897
1676676719067,1676676719937
1676676718583,1676676719965
1676676718307,1676676719985
1676676718579,1676676719989
1676676718783,1676676720065
1676676718735,1676676720073
1676676718543,1676676720117
1676676718606,1676676720141
1676676718859,1676676720201
1676676718223,1676676720229
1676676719071,1676676720233
1676676718935,1676676720268
1676676719175,1676676720269
1676676719075,1676676720269
1676676718319,1676676720301
1676676718959,1676676720377
1676676719015,1676676720385
1676676718763,1676676720397
1676676718939,1676676720425
1676676718803,1676676720429
1676676719291,1676676720445
1676676719199,1676676720449
1676676719311,1676676720529
1676676719195,1676676720545
1676676719143,1676676720557
1676676719711,1676676720577
1676676718731,1676676720593
1676676719431,1676676720613
1676676719431,1676676720641
1676676719163,1676676720693
1676676719627,1676676720701
1676676719211,1676676720721
1676676718903,1676676720761
1676676719483,1676676720777
1676676719127,1676676720801
1676676719386,1676676720829
1676676719703,1676676720845
1676676719039,1676676720857
1676676718931,1676676720881
1676676719519,1676676720953
1676676719307,1676676720957
1676676719323,1676676720977
1676676719030,1676676720997
1676676719413,1676676721005
1676676720067,1676676721025
1676676719499,1676676721057
1676676719987,1676676721069
1676676719991,1676676721113
1676676719803,1676676721141
1676676719967,1676676721142
1676676719899,1676676721201
1676676719759,1676676721241
1676676719895,1676676721250
1676676719939,1676676721265
1676676719763,1676676721273
1676676719843,1676676721321
1676676719707,1676676721329
1676676720075,1676676721365
1676676720231,1676676721397
1676676719718,1676676721414
1676676720143,1676676721425
1676676719727,1676676721449
1676676719887,1676676721485
1676676719819,1676676721489
1676676720531,1676676721529
1676676720451,1676676721541
1676676720579,1676676721553
1676676720427,1676676721589
1676676720119,1676676721617
1676676720271,1676676721632
1676676719855,1676676721649
1676676720203,1676676721681
1676676719440,1676676721701
1676676720303,1676676721725
1676676720431,1676676721773
1676676720723,1676676721817
1676676719555,1676676721817
1676676720379,1676676721829
1676676720615,1676676721873
1676676720270,1676676721885
1676676720271,1676676721921
1676676720387,1676676721921
1676676720999,1676676721929
1676676720643,1676676721985
1676676720235,1676676722013
1676676720695,1676676722053
1676676720547,1676676722085
1676676720803,1676676722101
1676676720979,1676676722105
1676676720779,1676676722161
1676676721027,1676676722205
1676676720847,1676676722205
1676676720703,1676676722219
1676676720831,1676676722241
1676676720595,1676676722253
1676676721059,1676676722345
1676676720559,1676676722349
1676676721462,1676676722377
1676676720399,1676676722405
1676676721144,1676676722413
1676676720763,1676676722425
1676676721115,1676676722461
1676676720959,1676676722481
1676676720955,1676676722485
1676676721416,1676676722489
1676676721071,1676676722509
1676676721203,1676676722516
1676676721491,1676676722565
1676676720883,1676676722573
1676676721252,1676676722585
1676676721367,1676676722604
1676676721399,1676676722629
1676676721267,1676676722653
1676676721451,1676676722701
1676676721619,1676676722713
1676676721243,1676676722721
1676676721323,1676676722729
1676676721923,1676676722737
1676676721888,1676676722753
1676676721531,1676676722773
1676676721651,1676676722785
1676676721143,1676676722873
1676676721331,1676676722885
1676676722056,1676676722901
1676676720447,1676676722909
1676676721819,1676676722929
1676676722015,1676676723005
1676676721831,1676676723029
1676676721543,1676676723061
1676676721427,1676676723081
1676676721727,1676676723101
1676676721683,1676676723109
1676676721634,1676676723113
1676676721875,1676676723129
1676676721487,1676676723141
1676676721775,1676676723185
1676676722255,1676676723205
1676676721819,1676676723213
1676676722107,1676676723229
1676676721923,1676676723289
1676676721987,1676676723333
1676676720858,1676676723341
1676676721007,1676676723353
1676676721275,1676676723389
1676676721703,1676676723401
1676676722103,1676676723433
1676676721931,1676676723501
1676676721591,1676676723517
1676676721555,1676676723597
1676676722463,1676676723617
1676676722351,1676676723625
1676676722163,1676676723625
1676676722482,1676676723673
1676676722383,1676676723681
1676676722207,1676676723757
1676676722243,1676676723785
1676676722518,1676676723839
1676676722655,1676676723853
1676676722787,1676676723855
1676676722574,1676676723865
1676676722087,1676676723884
1676676722347,1676676723925
1676676722605,1676676723945
1676676722491,1676676723949
1676676722723,1676676723957
1676676722774,1676676723961
1676676723063,1676676723981
1676676722586,1676676724021
1676676722486,1676676724025
1676676722427,1676676724057
1676676722755,1676676724089
1676676722731,1676676724125
1676676722510,1676676724149
1676676723111,1676676724149
1676676722567,1676676724153
1676676723007,1676676724197
1676676722631,1676676724201
1676676722415,1676676724217
1676676722911,1676676724329
1676676723355,1676676724369
1676676723115,1676676724385
1676676722207,1676676724397
1676676722715,1676676724409
1676676722903,1676676724409
1676676722874,1676676724417
1676676723031,1676676724457
1676676723231,1676676724489
1676676722739,1676676724543
1676676723343,1676676724545
1676676722221,1676676724561
1676676723503,1676676724617
1676676722703,1676676724629
1676676723675,1676676724629
1676676723403,1676676724661
1676676723391,1676676724749
1676676723434,1676676724757
1676676723335,1676676724765
1676676722887,1676676724833
1676676723215,1676676724837
1676676722931,1676676724853
1676676723291,1676676724885
1676676723207,1676676724913
1676676722407,1676676724917
1676676723519,1676676724933
1676676723131,1676676724957
1676676723683,1676676724969
1676676723619,1676676724985
1676676723102,1676676725001
1676676723187,1676676725002
1676676723627,1676676725013
1676676723599,1676676725017
1676676723855,1676676725029
1676676723083,1676676725093
1676676723951,1676676725137
1676676723887,1676676725149
1676676723841,1676676725161
1676676723143,1676676725165
1676676724127,1676676725253
1676676724023,1676676725253
1676676724459,1676676725261
1676676723787,1676676725321
1676676724091,1676676725342
1676676724027,1676676725361
1676676723963,1676676725365
1676676723760,1676676725378
1676676723867,1676676725385
1676676724150,1676676725401
1676676723627,1676676725441
1676676724387,1676676725461
1676676724219,1676676725489
1676676724331,1676676725517
1676676724155,1676676725525
1676676724151,1676676725573
1676676723857,1676676725597
1676676724662,1676676725641
1676676724491,1676676725688
1676676723959,1676676725733
1676676724059,1676676725749
1676676724412,1676676725757
1676676724399,1676676725757
1676676723927,1676676725765
1676676724619,1676676725809
1676676724563,1676676725861
1676676724203,1676676725893
1676676723947,1676676725905
1676676724199,1676676725905
1676676724631,1676676725925
1676676724547,1676676725953
1676676724758,1676676725973
1676676724411,1676676725985
1676676724545,1676676725997
1676676724987,1676676726025
1676676725003,1676676726073
1676676724371,1676676726073
1676676724838,1676676726077
1676676724751,1676676726093
1676676724855,1676676726133
1676676725151,1676676726141
1676676724631,1676676726169
1676676724419,1676676726225
1676676725255,1676676726281
1676676725015,1676676726365
1676676725363,1676676726385
1676676724959,1676676726389
1676676725443,1676676726389
1676676725323,1676676726401
1676676725095,1676676726458
1676676723983,1676676726469
1676676724918,1676676726528
1676676725019,1676676726557
1676676725163,1676676726637
1676676725380,1676676726641
1676676725387,1676676726641
1676676724971,1676676726661
1676676725263,1676676726665
1676676725402,1676676726689
1676676725367,1676676726693
1676676724766,1676676726717
1676676725255,1676676726721
1676676724835,1676676726721
1676676724886,1676676726741
1676676725463,1676676726749
1676676725031,1676676726773
1676676725004,1676676726785
1676676725690,1676676726849
1676676724935,1676676726893
1676676724915,1676676726977
1676676725527,1676676726997
1676676725491,1676676726997
1676676725954,1676676727045
1676676725167,1676676727057
1676676725863,1676676727121
1676676725895,1676676727157
1676676725811,1676676727205
1676676725599,1676676727205
1676676725139,1676676727209
1676676725907,1676676727221
1676676725735,1676676727244
1676676726095,1676676727245
1676676725344,1676676727253
1676676725751,1676676727261
1676676725767,1676676727262
1676676726027,1676676727274
1676676725575,1676676727282
1676676725519,1676676727397
1676676726135,1676676727421
1676676726079,1676676727437
1676676725907,1676676727437
1676676725926,1676676727441
1676676725998,1676676727453
1676676725759,1676676727465
1676676725987,1676676727466
1676676725643,1676676727489
1676676726391,1676676727497
1676676726075,1676676727545
1676676726402,1676676727569
1676676726391,1676676727609
1676676726171,1676676727609
1676676725974,1676676727673
1676676726282,1676676727709
1676676726075,1676676727757
1676676726367,1676676727765
1676676726227,1676676727780
1676676726143,1676676727785
1676676726663,1676676727809
1676676726387,1676676727813
1676676725759,1676676727817
1676676726787,1676676727901
1676676726750,1676676727977
1676676726718,1676676728021
1676676726460,1676676728041
1676676726471,1676676728073
1676676726723,1676676728073
1676676726723,1676676728109
1676676726851,1676676728117
1676676726559,1676676728129
1676676726742,1676676728181
1676676726529,1676676728189
1676676726691,1676676728237
1676676727123,1676676728241
1676676726642,1676676728263
1676676727246,1676676728273
1676676727210,1676676728273
1676676726895,1676676728289
1676676727498,1676676728297
1676676726666,1676676728309
1676676726998,1676676728317
1676676726775,1676676728321
1676676727443,1676676728322
1676676726979,1676676728425
1676676727276,1676676728537
1676676726639,1676676728553
1676676727263,1676676728561
1676676726642,1676676728569
1676676727255,1676676728645
1676676727263,1676676728715
1676676726694,1676676728749
1676676727439,1676676728789
1676676727711,1676676728809
1676676727059,1676676728810
1676676727247,1676676728817
1676676727047,1676676728853
1676676727546,1676676728869
1676676728022,1676676728917
1676676727223,1676676728917
1676676726998,1676676728921
1676676727767,1676676728929
1676676727490,1676676729005
1676676727398,1676676729041
1676676727786,1676676729057
1676676727611,1676676729077
1676676727206,1676676729077
1676676728044,1676676729077
1676676727159,1676676729085
1676676727439,1676676729089
1676676727467,1676676729117
1676676727422,1676676729121
1676676727284,1676676729141
1676676727571,1676676729169
1676676727207,1676676729229
1676676727819,1676676729249
1676676728239,1676676729301
1676676727468,1676676729309
1676676727782,1676676729349
1676676727759,1676676729361
1676676727903,1676676729385
1676676728075,1676676729393
1676676727611,1676676729405
1676676728243,1676676729433
1676676728275,1676676729444
1676676728323,1676676729501
1676676728265,1676676729512
1676676728191,1676676729545
1676676727978,1676676729553
1676676728183,1676676729557
1676676727815,1676676729557
1676676728275,1676676729561
1676676728131,1676676729581
1676676728427,1676676729585
1676676728539,1676676729697
1676676728111,1676676729717
1676676727455,1676676729761
1676676728555,1676676729785
1676676728323,1676676729793
1676676728571,1676676729813
1676676727675,1676676729845
1676676728291,1676676729869
1676676728311,1676676729873
1676676728810,1676676729881
1676676728075,1676676729909
1676676728119,1676676729997
1676676728647,1676676730013
1676676728299,1676676730025
1676676727811,1676676730081
1676676728818,1676676730153
1676676729119,1676676730229
1676676728751,1676676730237
1676676728319,1676676730249
1676676729059,1676676730265
1676676729251,1676676730294
1676676729351,1676676730332
1676676729171,1676676730341
1676676728563,1676676730357
1676676729311,1676676730381
1676676728931,1676676730381
1676676729435,1676676730409
1676676729007,1676676730409
1676676729079,1676676730421
1676676728791,1676676730429
1676676728871,1676676730429
1676676728855,1676676730468
1676676729558,1676676730649
1676676728923,1676676730705
1676676729122,1676676730709
1676676729090,1676676730737
1676676729142,1676676730753
1676676729043,1676676730757
1676676728812,1676676730761
1676676729079,1676676730797
1676676729079,1676676730837
1676676729559,1676676730858
1676676729407,1676676730861
1676676729231,1676676730941
1676676729363,1676676730961
1676676729883,1676676730969
1676676729847,1676676730997
1676676728717,1676676731005
1676676729514,1676676731017
1676676729387,1676676731039
1676676728919,1676676731065
1676676729446,1676676731092
1676676729871,1676676731097
1676676730155,1676676731101
1676676729763,1676676731109
1676676729699,1676676731141
1676676728919,1676676731160
1676676729875,1676676731161
1676676729303,1676676731209
1676676729563,1676676731213
1676676729583,1676676731217
1676676729587,1676676731221
1676676729787,1676676731241
1676676729395,1676676731249
1676676730027,1676676731261
1676676729546,1676676731265
1676676730422,1676676731313
1676676730015,1676676731313
1676676729503,1676676731333
1676676729719,1676676731337
1676676729086,1676676731373
1676676729795,1676676731445
1676676730083,1676676731493
1676676729911,1676676731493
1676676730383,1676676731537
1676676730251,1676676731577
1676676730239,1676676731616
1676676730296,1676676731645
1676676730267,1676676731649
1676676729815,1676676731651
1676676730707,1676676731717
1676676730862,1676676731729
1676676730758,1676676731765
1676676729554,1676676731800
1676676730962,1676676731837
1676676730431,1676676731897
1676676730343,1676676731901
1676676730651,1676676731901
1676676729999,1676676731921
1676676730410,1676676731950
1676676730411,1676676731957
1676676730431,1676676731992
1676676730470,1676676732005
1676676730838,1676676732065
1676676731066,1676676732109
1676676730231,1676676732181
1676676731006,1676676732201
1676676731018,1676676732241
1676676731111,1676676732345
1676676730999,1676676732373
1676676730333,1676676732397
1676676730739,1676676732437
1676676731093,1676676732461
1676676731143,1676676732481
1676676730359,1676676732521
1676676731103,1676676732529
1676676731041,1676676732613
1676676730754,1676676732613
1676676730798,1676676732665
1676676730970,1676676732713
1676676731315,1676676732718
1676676730710,1676676732731
1676676731375,1676676732733
1676676731251,1676676732749
1676676731719,1676676732753
1676676730763,1676676732809
1676676731647,1676676732848
1676676731243,1676676732865
1676676730943,1676676732873
1676676731219,1676676732905
1676676731801,1676676732941
1676676731161,1676676732961
1676676731099,1676676732969
1676676731899,1676676732989
1676676731215,1676676733001
1676676731211,1676676733009
1676676731447,1676676733013
1676676731495,1676676733033
1676676730859,1676676733037
1676676730383,1676676733044
1676676731495,1676676733061
1676676731163,1676676733081
1676676731538,1676676733097
1676676731578,1676676733109
1676676731958,1676676733121
1676676731903,1676676733141
1676676731994,1676676733157
1676676731335,1676676733157
1676676731923,1676676733165
1676676731903,1676676733221
1676676731315,1676676733257
1676676731223,1676676733293
1676676731339,1676676733297
1676676731267,1676676733305
1676676731766,1676676733347
1676676732066,1676676733369
1676676731263,1676676733433
1676676731731,1676676733457
1676676732463,1676676733466
1676676731650,1676676733489
1676676732531,1676676733501
1676676732398,1676676733529
1676676732202,1676676733537
1676676732007,1676676733540
1676676731618,1676676733557
1676676731653,1676676733581
1676676731952,1676676733593
1676676732243,1676676733653
1676676732346,1676676733673
1676676731838,1676676733685
1676676732183,1676676733693
1676676732375,1676676733761
1676676732110,1676676733789
1676676732715,1676676733805
1676676732735,1676676733945
1676676733034,1676676733989
1676676732483,1676676734021
1676676732850,1676676734021
1676676733014,1676676734053
1676676732732,1676676734061
1676676732754,1676676734141
1676676732614,1676676734145
1676676732523,1676676734153
1676676732942,1676676734165
1676676732666,1676676734169
1676676732614,1676676734245
1676676732750,1676676734273
1676676733046,1676676734277
1676676732971,1676676734309
1676676733082,1676676734337
1676676732907,1676676734337
1676676733038,1676676734393
1676676732875,1676676734421
1676676733143,1676676734433
1676676733159,1676676734449
1676676733166,1676676734481
1676676733062,1676676734493
1676676732867,1676676734493
1676676733010,1676676734529
1676676732439,1676676734549
1676676733307,1676676734553
1676676732991,1676676734565
1676676733223,1676676734573
1676676733295,1676676734577
1676676732810,1676676734581
1676676733542,1676676734648
1676676733348,1676676734673
1676676733002,1676676734690
1676676733110,1676676734733
1676676732720,1676676734737
1676676733583,1676676734833
1676676733675,1676676734833
1676676733558,1676676734841
1676676733807,1676676734841
1676676733490,1676676734845
1676676733259,1676676734849
1676676733371,1676676734897
1676676733098,1676676734901
1676676733468,1676676734915
1676676733531,1676676734961
1676676733123,1676676734973
1676676733763,1676676734981
1676676733695,1676676735017
1676676732962,1676676735017
1676676733991,1676676735037
1676676733503,1676676735049
1676676733791,1676676735073
1676676734155,1676676735117
1676676733299,1676676735137
1676676734023,1676676735156
1676676733655,1676676735161
1676676733687,1676676735181
1676676734167,1676676735181
1676676734063,1676676735187
1676676734394,1676676735189
1676676733595,1676676735209
1676676733459,1676676735241
1676676734278,1676676735273
1676676734023,1676676735321
1676676733435,1676676735329
1676676734171,1676676735345
1676676733947,1676676735393
1676676734339,1676676735420
1676676733539,1676676735509
1676676734550,1676676735589
1676676733158,1676676735592
1676676734055,1676676735609
1676676734147,1676676735645
1676676734555,1676676735673
1676676734339,1676676735725
1676676734495,1676676735745
1676676734247,1676676735785
1676676734275,1676676735797
1676676734567,1676676735809
1676676734310,1676676735813
1676676734434,1676676735829
1676676734650,1676676735861
1676676734692,1676676735885
1676676734422,1676676735893
1676676734495,1676676735917
1676676734739,1676676735945
1676676734450,1676676735965
1676676734898,1676676736072
1676676734482,1676676736100
1676676734575,1676676736109
1676676735138,1676676736129
1676676734835,1676676736161
1676676734851,1676676736169
1676676734917,1676676736197
1676676734962,1676676736240
1676676735039,1676676736245
1676676734847,1676676736273
1676676734835,1676676736289
1676676735183,1676676736373
1676676734974,1676676736377
1676676734582,1676676736465
1676676735275,1676676736509
1676676734531,1676676736524
1676676734983,1676676736601
1676676735183,1676676736621
1676676735075,1676676736717
1676676735322,1676676736717
1676676735019,1676676736720
1676676734902,1676676736733
1676676734675,1676676736745
1676676735421,1676676736777
1676676734579,1676676736793
1676676734842,1676676736817
1676676734842,1676676736821
1676676735331,1676676736833
1676676735019,1676676736873
1676676735346,1676676736937
1676676735189,1676676736953
1676676735647,1676676736957
1676676735895,1676676736969
1676676735815,1676676736993
1676676735211,1676676737024
1676676735162,1676676737041
1676676735947,1676676737089
1676676735395,1676676737098
1676676735511,1676676737125
1676676735799,1676676737125
1676676735674,1676676737129
1676676735050,1676676737133
1676676735158,1676676737153
1676676735594,1676676737157
1676676735919,1676676737185
1676676735190,1676676737221
1676676736130,1676676737225
1676676735727,1676676737241
1676676735747,1676676737241
1676676735611,1676676737257
1676676735118,1676676737265
1676676735242,1676676737281
1676676736102,1676676737305
1676676735831,1676676737373
1676676736291,1676676737381
1676676736467,1676676737393
1676676736110,1676676737397
1676676735863,1676676737409
1676676736163,1676676737409
1676676735787,1676676737437
1676676735811,1676676737461
1676676734735,1676676737585
1676676736171,1676676737601
1676676736242,1676676737649
1676676736275,1676676737669
1676676736198,1676676737712
1676676736603,1676676737721
1676676736525,1676676737737
1676676736375,1676676737743
1676676735966,1676676737781
1676676735590,1676676737809
1676676736823,1676676737821
1676676736735,1676676737853
1676676736719,1676676737873
1676676735887,1676676737901
1676676737100,1676676737997
1676676736778,1676676738002
1676676737227,1676676738038
1676676736971,1676676738049
1676676736073,1676676738049
1676676736995,1676676738133
1676676736247,1676676738145
1676676736378,1676676738169
1676676736795,1676676738221
1676676736623,1676676738245
1676676736819,1676676738289
1676676736722,1676676738293
1676676737043,1676676738301
1676676737439,1676676738353
1676676736955,1676676738373
1676676736511,1676676738377
1676676737187,1676676738381
1676676737283,1676676738385
1676676737243,1676676738390
1676676737135,1676676738405
1676676736875,1676676738433
1676676736959,1676676738441
1676676737131,1676676738477
1676676737603,1676676738557
1676676737242,1676676738561
1676676737155,1676676738597
1676676736835,1676676738621
1676676737307,1676676738665
1676676736939,1676676738669
1676676737811,1676676738669
1676676737026,1676676738685
1676676736719,1676676738693
1676676737127,1676676738693
1676676737259,1676676738705
1676676736747,1676676738753
1676676738004,1676676738769
1676676737783,1676676738797
1676676737127,1676676738801
1676676737823,1676676738825
1676676737091,1676676738841
1676676737651,1676676738841
1676676737159,1676676738845
1676676737411,1676676738857
1676676737222,1676676738873
1676676737411,1676676738877
1676676737267,1676676738897
1676676737383,1676676738945
1676676737375,1676676739005
1676676737587,1676676739005
1676676737724,1676676739077
1676676737463,1676676739077
1676676738050,1676676739097
1676676737671,1676676739101
1676676737855,1676676739149
1676676737874,1676676739149
1676676737714,1676676739159
1676676737395,1676676739177
1676676737998,1676676739185
1676676738170,1676676739276
1676676737399,1676676739329
1676676737739,1676676739333
1676676738391,1676676739365
1676676738247,1676676739425
1676676737903,1676676739449
1676676738291,1676676739461
1676676738295,1676676739505
1676676738040,1676676739537
1676676738147,1676676739541
1676676738379,1676676739641
1676676737744,1676676739645
1676676738051,1676676739664
1676676738671,1676676739668
1676676738695,1676676739681
1676676738479,1676676739685
1676676738435,1676676739749
1676676738875,1676676739837
1676676738406,1676676739849
1676676738303,1676676739877
1676676738707,1676676739885
1676676738599,1676676739933
1676676738386,1676676739933
1676676738135,1676676739953
1676676739150,1676676739965
1676676738667,1676676740045
1676676738803,1676676740077
1676676739007,1676676740089
1676676738843,1676676740093
1676676738859,1676676740101
1676676738670,1676676740121
1676676738374,1676676740169
1676676738559,1676676740181
1676676738687,1676676740193
1676676738847,1676676740249
1676676738799,1676676740265
1676676739078,1676676740329
1676676738879,1676676740381
1676676739366,1676676740407
1676676738382,1676676740407
1676676739102,1676676740453
1676676738899,1676676740477
1676676738771,1676676740477
1676676739161,1676676740501
1676676738562,1676676740521
1676676739098,1676676740553
1676676739007,1676676740585
1676676739451,1676676740589
1676676739079,1676676740593
1676676738695,1676676740625
1676676739150,1676676740633
1676676738754,1676676740657
1676676739186,1676676740669
1676676738354,1676676740681
1676676739179,1676676740693
1676676738223,1676676740721
1676676739670,1676676740769
1676676738443,1676676740789
1676676739335,1676676740813
1676676738827,1676676740833
1676676739277,1676676740865
1676676739643,1676676740901
1676676739506,1676676740905
1676676738622,1676676740933
1676676738947,1676676740953
1676676739666,1676676740965
1676676738843,1676676740981
1676676739543,1676676741029
1676676739750,1676676741129
1676676739851,1676676741137
1676676739967,1676676741181
1676676739683,1676676741233
1676676739646,1676676741269
1676676739426,1676676741273
1676676740047,1676676741277
1676676740123,1676676741281
1676676739879,1676676741309
1676676739538,1676676741333
1676676739935,1676676741345
1676676740091,1676676741377
1676676740251,1676676741377
1676676740103,1676676741389
1676676740183,1676676741417
1676676739462,1676676741420
1676676740267,1676676741445
1676676739934,1676676741457
1676676740095,1676676741529
1676676740330,1676676741537
1676676739955,1676676741621
1676676740079,1676676741637
1676676740383,1676676741645
1676676740171,1676676741689
1676676740683,1676676741705
1676676739838,1676676741725
1676676740409,1676676741725
1676676740523,1676676741761
1676676740455,1676676741793
1676676740627,1676676741813
1676676740195,1676676741833
1676676740503,1676676741881
1676676739686,1676676741893
1676676740555,1676676741925
1676676740671,1676676741945
1676676740955,1676676741977
1676676741183,1676676742013
1676676740983,1676676742033
1676676739887,1676676742041
1676676740587,1676676742045
1676676740695,1676676742045
1676676740479,1676676742073
1676676740659,1676676742077
1676676740594,1676676742086
1676676740635,1676676742097
1676676740815,1676676742101
1676676740903,1676676742105
1676676740791,1676676742161
1676676740591,1676676742189
1676676740771,1676676742213
1676676741031,1676676742289
1676676740723,1676676742301
1676676741139,1676676742353
1676676740907,1676676742401
1676676740408,1676676742437
1676676740935,1676676742453
1676676741379,1676676742457
1676676741271,1676676742482
1676676740867,1676676742545
1676676740967,1676676742545
1676676741391,1676676742588
1676676740834,1676676742697
1676676741447,1676676742705
1676676741335,1676676742713
1676676740480,1676676742713
1676676741419,1676676742741
1676676741764,1676676742777
1676676741275,1676676742797
1676676741647,1676676742822
1676676741691,1676676742825
1676676741895,1676676742833
1676676741539,1676676742845
1676676742075,1676676742895
1676676741279,1676676742917
1676676741459,1676676742929
1676676741707,1676676742999
1676676741531,1676676743014
1676676742355,1676676743021
1676676741639,1676676743041
1676676741311,1676676743049
1676676741927,1676676743049
1676676741835,1676676743077
1676676741283,1676676743081
1676676742103,1676676743117
1676676741422,1676676743121
1676676741814,1676676743137
1676676741347,1676676743205
1676676741623,1676676743209
1676676741235,1676676743217
1676676742303,1676676743277
1676676742035,1676676743290
1676676741131,1676676743293
1676676741882,1676676743325
1676676741795,1676676743341
1676676741727,1676676743361
1676676742099,1676676743369
1676676742043,1676676743389
1676676742015,1676676743449
1676676742046,1676676743473
1676676741727,1676676743473
1676676742106,1676676743497
1676676742047,1676676743569
1676676741947,1676676743574
1676676742439,1676676743617
1676676742455,1676676743617
1676676742403,1676676743653
1676676742191,1676676743721
1676676742215,1676676743741
1676676742589,1676676743745
1676676742088,1676676743749
1676676742291,1676676743777
1676676742163,1676676743817
1676676742079,1676676743845
1676676742744,1676676743869
1676676742715,1676676743897
1676676742779,1676676743933
1676676743001,1676676743965
1676676742459,1676676743973
1676676742547,1676676744005
1676676742919,1676676744049
1676676742699,1676676744049
1676676742834,1676676744057
1676676742823,1676676744101
1676676742707,1676676744105
1676676743218,1676676744105
1676676742547,1676676744145
1676676742897,1676676744165
1676676742799,1676676744177
1676676742827,1676676744193
1676676742931,1676676744196
1676676743139,1676676744373
1676676743119,1676676744381
1676676743207,1676676744381
1676676742484,1676676744401
1676676743391,1676676744401
1676676741979,1676676744409
1676676742847,1676676744429
1676676743371,1676676744441
1676676743042,1676676744441
1676676743016,1676676744485
1676676743619,1676676744545
1676676743474,1676676744582
1676676743279,1676676744629
1676676743743,1676676744649
1676676743295,1676676744669
1676676743079,1676676744709
1676676743499,1676676744725
1676676743871,1676676744756
1676676743211,1676676744773
1676676743022,1676676744817
1676676743847,1676676744825
1676676743123,1676676744905
1676676743751,1676676744917
1676676743655,1676676744925
1676676743327,1676676744933
1676676743342,1676676744993
1676676742715,1676676744993
1676676743292,1676676745083
1676676743363,1676676745105
1676676743051,1676676745113
1676676744103,1676676745169
1676676744179,1676676745193
1676676743051,1676676745201
1676676743935,1676676745233
1676676743475,1676676745256
1676676743967,1676676745297
1676676743899,1676676745305
1676676743576,1676676745338
1676676744060,1676676745341
1676676744007,1676676745345
1676676743083,1676676745361
1676676743723,1676676745361
1676676743619,1676676745393
1676676744107,1676676745405
1676676744107,1676676745405
1676676744198,1676676745421
1676676743571,1676676745429
1676676743779,1676676745462
1676676744403,1676676745473
1676676743747,1676676745509
1676676743819,1676676745529
1676676743451,1676676745562
1676676744711,1676676745577
1676676743975,1676676745581
1676676744431,1676676745585
1676676744147,1676676745629
1676676744051,1676676745667
1676676744630,1676676745705
1676676744487,1676676745705
1676676744195,1676676745709
1676676744775,1676676745729
1676676744818,1676676745751
1676676744443,1676676745757
1676676744443,1676676745817
1676676744827,1676676745841
1676676744411,1676676745842
1676676744403,1676676745933
1676676744383,1676676745969
1676676744375,1676676745993
1676676744919,1676676746009
1676676744650,1676676746057
1676676744926,1676676746145
1676676744383,1676676746177
1676676745107,1676676746201
1676676744758,1676676746205
1676676744995,1676676746213
1676676744671,1676676746289
1676676744935,1676676746293
1676676744051,1676676746301
1676676744584,1676676746313
1676676744547,1676676746349
1676676745475,1676676746389
1676676744727,1676676746425
1676676745347,1676676746429
1676676744907,1676676746465
1676676744995,1676676746493
1676676745085,1676676746569
1676676745363,1676676746605
1676676745343,1676676746697
1676676745431,1676676746697
1676676745258,1676676746713
1676676745235,1676676746717
1676676745299,1676676746725
1676676745395,1676676746746
1676676745115,1676676746810
1676676745195,1676676746821
1676676745423,1676676746837
1676676745407,1676676746845
1676676745564,1676676746865
1676676745407,1676676746909
1676676745587,1676676746921
1676676745759,1676676746943
1676676745583,1676676746949
1676676745363,1676676747009
1676676745711,1676676747017
1676676745707,1676676747025
1676676745203,1676676747048
1676676745731,1676676747057
1676676745669,1676676747085
1676676745171,1676676747169
1676676745819,1676676747173
1676676745844,1676676747177
1676676746059,1676676747181
1676676745843,1676676747245
1676676745340,1676676747298
1676676745935,1676676747298
1676676745753,1676676747305
1676676745511,1676676747337
1676676745995,1676676747353
1676676745631,1676676747361
1676676746215,1676676747377
1676676746203,1676676747401
1676676745464,1676676747401
1676676745579,1676676747414
1676676745707,1676676747424
1676676745971,1676676747469
1676676746295,1676676747473
1676676746207,1676676747497
1676676745307,1676676747513
1676676746467,1676676747541
1676676746291,1676676747617
1676676746011,1676676747713
1676676746303,1676676747714
1676676746699,1676676747753
1676676745531,1676676747789
1676676746179,1676676747801
1676676746923,1676676747805
1676676746351,1676676747805
1676676746431,1676676747817
1676676746607,1676676747881
1676676746495,1676676747901
1676676746812,1676676747941
1676676746699,1676676747981
1676676746315,1676676747997
1676676746823,1676676748009
1676676746571,1676676748093
1676676747019,1676676748197
1676676746748,1676676748201
1676676746839,1676676748221
1676676746427,1676676748229
1676676746847,1676676748233
1676676746727,1676676748245
1676676746867,1676676748289
1676676746147,1676676748289
1676676747379,1676676748309
1676676747307,1676676748385
1676676747171,1676676748409
1676676747027,1676676748457
1676676746715,1676676748465
1676676746911,1676676748489
1676676747300,1676676748505
1676676747300,1676676748621
1676676747471,1676676748649
1676676747050,1676676748685
1676676747087,1676676748701
1676676746719,1676676748705
1676676747499,1676676748773
1676676747059,1676676748809
1676676746951,1676676748809
1676676746945,1676676748829
1676676747355,1676676748829
1676676747247,1676676748845
1676676747403,1676676748849
1676676747417,1676676748869
1676676747791,1676676748903
1676676747011,1676676748973
1676676747807,1676676748989
1676676747543,1676676749001
1676676747175,1676676749017
1676676747715,1676676749045
1676676747426,1676676749085
1676676747807,1676676749093
1676676747363,1676676749101
1676676747339,1676676749121
1676676747618,1676676749121
1676676747755,1676676749129
1676676747403,1676676749129
1676676747515,1676676749133
1676676748235,1676676749165
1676676748203,1676676749213
1676676747943,1676676749233
1676676747983,1676676749257
1676676747179,1676676749270
1676676748231,1676676749301
1676676747183,1676676749337
1676676747903,1676676749337
1676676747803,1676676749341
1676676747819,1676676749345
1676676748223,1676676749385
1676676747999,1676676749421
1676676748467,1676676749425
1676676748095,1676676749445
1676676747716,1676676749457
1676676748291,1676676749457
1676676747883,1676676749481
1676676748291,1676676749504
1676676748311,1676676749577
1676676748507,1676676749584
1676676748687,1676676749709
1676676747475,1676676749721
1676676748491,1676676749749
1676676748011,1676676749749
1676676748775,1676676749773
1676676748651,1676676749781
1676676748459,1676676749861
1676676748199,1676676749906
1676676748703,1676676750017
1676676748811,1676676750073
1676676748707,1676676750117
1676676749215,1676676750157
1676676749123,1676676750193
1676676748975,1676676750209
1676676749131,1676676750245
1676676748247,1676676750265
1676676748847,1676676750285
1676676748851,1676676750293
1676676749047,1676676750313
1676676749303,1676676750404
1676676749271,1676676750445
1676676748622,1676676750481
1676676749339,1676676750513
1676676748387,1676676750541
1676676749235,1676676750541
1676676748811,1676676750549
1676676748831,1676676750565
1676676748871,1676676750613
1676676749459,1676676750621
1676676749131,1676676750625
1676676749167,1676676750641
1676676749339,1676676750645
1676676749135,1676676750661
1676676749123,1676676750717
1676676748905,1676676750769
1676676749505,1676676750773
1676676748991,1676676750797
1676676749347,1676676750845
1676676749259,1676676750881
1676676749579,1676676750897
1676676749003,1676676750917
1676676749863,1676676750949
1676676749447,1676676750961
1676676749427,1676676750985
1676676749423,1676676750993
1676676749103,1676676751049
1676676748831,1676676751053
1676676749343,1676676751061
1676676749386,1676676751061
1676676749723,1676676751073
1676676749459,1676676751077
1676676749095,1676676751089
1676676749751,1676676751089
1676676749483,1676676751091
1676676749087,1676676751105
1676676750295,1676676751157
1676676749019,1676676751221
1676676750267,1676676751229
1676676749586,1676676751257
1676676749711,1676676751277
1676676750075,1676676751297
1676676750211,1676676751301
1676676749775,1676676751313
1676676750019,1676676751318
1676676749751,1676676751357
1676676750247,1676676751377
1676676750159,1676676751383
1676676750447,1676676751465
1676676750287,1676676751469
1676676749908,1676676751483
1676676749783,1676676751497
1676676750543,1676676751541
1676676750543,1676676751569
1676676750567,1676676751593
1676676750515,1676676751669
1676676750195,1676676751713
1676676750899,1676676751717
1676676750119,1676676751756
1676676750963,1676676751829
1676676750483,1676676751855
1676676751055,1676676751885
1676676750551,1676676751885
1676676750406,1676676751893
1676676750315,1676676751925
1676676750643,1676676751949
1676676750623,1676676751985
1676676750647,1676676752041
1676676751279,1676676752081
1676676750775,1676676752125
1676676751063,1676676752135
1676676750919,1676676752171
1676676751051,1676676752317
1676676751091,1676676752341
1676676750847,1676676752365
1676676751091,1676676752377
1676676751299,1676676752377
1676676750627,1676676752397
1676676750951,1676676752449
1676676751107,1676676752457
1676676751093,1676676752497
1676676750799,1676676752501
1676676751259,1676676752521
1676676750663,1676676752533
1676676750615,1676676752545
1676676751159,1676676752565
1676676751075,1676676752569
1676676750995,1676676752613
1676676751471,1676676752629
1676676751079,1676676752632
1676676751062,1676676752664
1676676751485,1676676752693
1676676751467,1676676752733
1676676751542,1676676752793
1676676751887,1676676752809
1676676751857,1676676752853
1676676750719,1676676752881
1676676751303,1676676752889
1676676751385,1676676752917
1676676751359,1676676752925
1676676751831,1676676752961
1676676751719,1676676752961
1676676751595,1676676752973
1676676750771,1676676752997
1676676750987,1676676753025
1676676751315,1676676753033
1676676751671,1676676753061
1676676751758,1676676753101
1676676751379,1676676753129
1676676751499,1676676753129
1676676752043,1676676753161
1676676751951,1676676753169
1676676751231,1676676753189
1676676751927,1676676753244
1676676751320,1676676753257
1676676751887,1676676753345
1676676751571,1676676753373
1676676752127,1676676753417
1676676752567,1676676753493
1676676751223,1676676753509
1676676752137,1676676753529
1676676752378,1676676753609
1676676752083,1676676753625
1676676752172,1676676753649
1676676752499,1676676753665
1676676751987,1676676753685
1676676752399,1676676753697
1676676752666,1676676753701
1676676752615,1676676753713
1676676752547,1676676753749
1676676752535,1676676753781
1676676752451,1676676753805
1676676752883,1676676753837
1676676752631,1676676753853
1676676752571,1676676753901
1676676752735,1676676753957
1676676752523,1676676753969
1676676752795,1676676753977
1676676751715,1676676753997
1676676752927,1676676754008
1676676752695,1676676754077
1676676752318,1676676754084
1676676751895,1676676754105
1676676752343,1676676754121
1676676752999,1676676754177
1676676753027,1676676754205
1676676752811,1676676754229
1676676753063,1676676754253
1676676752379,1676676754261
1676676752503,1676676754293
1676676753163,1676676754301
1676676753191,1676676754301
1676676752963,1676676754312
1676676752891,1676676754341
1676676752634,1676676754369
1676676752367,1676676754393
1676676752974,1676676754405
1676676753103,1676676754410
1676676753171,1676676754509
1676676753035,1676676754549
1676676753347,1676676754685
1676676753628,1676676754721
1676676752459,1676676754733
1676676753246,1676676754759
1676676753259,1676676754769
1676676752854,1676676754797
1676676753495,1676676754813
1676676753375,1676676754817
1676676752963,1676676754824
1676676752919,1676676754861
1676676753131,1676676754897
1676676753511,1676676754961
1676676753687,1676676754961
1676676753807,1676676755010
1676676753651,1676676755021
1676676753783,1676676755041
1676676753419,1676676755061
1676676753751,1676676755069
1676676754107,1676676755087
1676676753667,1676676755121
1676676753703,1676676755145
1676676754123,1676676755197
1676676753999,1676676755249
1676676753971,1676676755257
1676676753699,1676676755325
1676676754551,1676676755337
1676676753979,1676676755357
1676676753839,1676676755393
1676676753855,1676676755409
1676676754086,1676676755417
1676676753903,1676676755417
1676676753715,1676676755449
1676676754179,1676676755471
1676676754303,1676676755473
1676676754079,1676676755481
1676676754314,1676676755533
1676676754412,1676676755545
1676676753611,1676676755549
1676676753531,1676676755581
1676676754407,1676676755633
1676676753959,1676676755633
1676676754207,1676676755657
1676676754371,1676676755681
1676676754231,1676676755681
1676676754723,1676676755704
1676676754761,1676676755725
1676676754009,1676676755765
1676676754255,1676676755809
1676676754295,1676676755857
1676676754342,1676676755865
1676676754303,1676676755877
1676676754862,1676676755893
1676676754395,1676676755901
1676676754826,1676676755905
1676676755063,1676676755949
1676676754263,1676676755953
1676676755012,1676676755989
1676676754771,1676676755993
1676676754899,1676676756129
1676676754687,1676676756141
1676676755071,1676676756161
1676676754799,1676676756221
1676676755123,1676676756229
1676676755199,1676676756309
1676676755251,1676676756317
1676676755022,1676676756321
1676676754963,1676676756349
1676676754819,1676676756397
1676676755147,1676676756517
1676676754511,1676676756569
1676676754815,1676676756653
1676676755327,1676676756657
1676676755683,1676676756665
1676676755473,1676676756705
1676676754736,1676676756745
1676676755411,1676676756761
1676676755359,1676676756781
1676676755259,1676676756813
1676676755089,1676676756861
1676676755583,1676676756873
1676676755907,1676676756877
1676676754963,1676676756889
1676676755339,1676676756893
1676676755043,1676676756941
1676676755659,1676676756965
1676676755682,1676676757001
1676676755418,1676676757021
1676676755635,1676676757021
1676676755395,1676676757025
1676676755547,1676676757037
1676676755451,1676676757045
1676676755767,1676676757077
1676676755419,1676676757089
1676676755483,1676676757113
1676676755991,1676676757117
1676676755903,1676676757133
1676676756143,1676676757141
1676676755535,1676676757221
1676676755859,1676676757297
1676676755879,1676676757313
1676676755706,1676676757429
1676676756323,1676676757461
1676676755895,1676676757466
1676676755951,1676676757469
1676676756131,1676676757497
1676676755727,1676676757513
1676676755995,1676676757541
1676676756311,1676676757653
1676676756519,1676676757653
1676676756763,1676676757657
1676676756667,1676676757661
1676676755634,1676676757677
1676676755867,1676676757692
1676676756351,1676676757705
1676676755955,1676676757737
1676676756231,1676676757749
1676676756875,1676676757785
1676676756319,1676676757785
1676676756655,1676676757861
1676676756891,1676676758005
1676676755811,1676676758031
1676676756967,1676676758050
1676676756943,1676676758057
1676676756707,1676676758081
1676676756223,1676676758113
1676676756815,1676676758117
1676676756571,1676676758197
1676676757091,1676676758230
1676676757026,1676676758248
1676676756400,1676676758265
1676676757115,1676676758265
1676676756878,1676676758289
1676676756783,1676676758333
1676676757499,1676676758345
1676676757079,1676676758345
1676676756894,1676676758385
1676676757038,1676676758421
1676676757047,1676676758437
1676676757003,1676676758441
1676676757142,1676676758510
1676676757468,1676676758533
1676676757135,1676676758583
1676676757299,1676676758657
1676676756747,1676676758665
1676676757663,1676676758665
1676676756659,1676676758669
1676676756863,1676676758729
1676676757023,1676676758744
1676676757739,1676676758757
1676676756163,1676676758781
1676676757707,1676676758793
1676676757223,1676676758905
1676676757431,1676676758908
1676676757693,1676676758925
1676676757515,1676676758930
1676676757659,1676676758965
1676676757679,1676676758969
1676676757119,1676676758973
1676676757471,1676676758981
1676676757655,1676676758989
1676676757787,1676676759085
1676676758267,1676676759169
1676676757462,1676676759205
1676676757314,1676676759205
1676676758346,1676676759280
1676676757787,1676676759281
1676676758083,1676676759385
1676676758422,1676676759413
1676676758442,1676676759425
1676676758115,1676676759437
1676676758007,1676676759473
1676676758119,1676676759525
1676676757863,1676676759525
1676676758033,1676676759557
1676676758052,1676676759557
1676676758439,1676676759581
1676676758250,1676676759613
1676676758231,1676676759676
1676676757750,1676676759765
1676676758535,1676676759765
1676676758267,1676676759785
1676676758334,1676676759797
1676676758290,1676676759817
1676676758200,1676676759821
1676676758932,1676676759845
1676676758387,1676676759873
1676676758584,1676676759877
1676676757655,1676676759977
1676676758667,1676676760021
1676676757543,1676676760025
1676676758511,1676676760033
1676676758909,1676676760034
1676676758666,1676676760057
1676676758783,1676676760057
1676676758730,1676676760145
1676676758927,1676676760157
1676676758906,1676676760189
1676676758745,1676676760197
1676676758794,1676676760225
1676676758975,1676676760233
1676676758759,1676676760281
1676676758659,1676676760325
1676676759087,1676676760357
1676676759527,1676676760433
1676676759171,1676676760433
1676676758971,1676676760437
1676676759207,1676676760489
1676676758347,1676676760509
1676676758982,1676676760521
1676676758991,1676676760685
1676676759387,1676676760705
1676676759527,1676676760709
1676676759207,1676676760721
1676676759615,1676676760757
1676676758966,1676676760765
1676676759281,1676676760773
1676676758671,1676676760773
1676676759559,1676676760809
1676676759283,1676676760869
1676676759415,1676676760895
1676676759878,1676676760901
1676676759439,1676676760957
1676676759583,1676676761033
1676676759798,1676676761057
1676676759475,1676676761069
1676676760035,1676676761081
1676676759767,1676676761173
1676676760059,1676676761205
1676676759678,1676676761209
1676676759767,1676676761237
1676676759846,1676676761290
1676676759786,1676676761297
1676676760191,1676676761313
1676676759559,1676676761321
1676676760283,1676676761333
1676676760023,1676676761345
1676676759819,1676676761417
1676676760147,1676676761449
1676676759979,1676676761477
1676676760235,1676676761509
1676676760059,1676676761553
1676676759874,1676676761572
1676676759427,1676676761573
1676676760759,1676676761681
1676676760027,1676676761693
1676676760159,1676676761713
1676676760439,1676676761777
1676676760327,1676676761781
1676676760036,1676676761781
1676676760767,1676676761813
1676676760199,1676676761821
1676676760491,1676676761825
1676676760687,1676676761829
1676676759823,1676676761901
1676676760811,1676676761933
1676676760711,1676676761957
1676676760523,1676676761965
1676676760227,1676676762081
1676676760511,1676676762081
1676676761059,1676676762149
1676676761083,1676676762197
1676676760435,1676676762205
1676676760707,1676676762225
1676676760722,1676676762237
1676676760435,1676676762281
1676676760897,1676676762298
1676676761175,1676676762333
1676676760775,1676676762397
1676676760871,1676676762437
1676676760359,1676676762449
1676676761573,1676676762493
1676676761314,1676676762517
1676676761419,1676676762613
1676676761071,1676676762613
1676676761511,1676676762621
1676676760775,1676676762641
1676676761207,1676676762646
1676676761239,1676676762681
1676676761554,1676676762709
1676676761479,1676676762763
1676676761451,1676676762770
1676676761298,1676676762777
1676676760903,1676676762801
1676676761323,1676676762817
1676676761346,1676676762817
1676676761211,1676676762821
1676676761292,1676676762897
1676676761815,1676676762897
1676676760959,1676676762943
1676676761335,1676676762961
1676676761682,1676676762961
1676676761783,1676676763039
1676676761827,1676676763085
1676676761783,1676676763181
1676676762239,1676676763181
1676676761694,1676676763197
1676676761035,1676676763197
1676676761779,1676676763273
1676676761831,1676676763285
1676676761959,1676676763321
1676676761935,1676676763337
1676676762283,1676676763361
1676676762083,1676676763393
1676676761822,1676676763429
1676676762299,1676676763469
1676676761903,1676676763481
1676676761715,1676676763549
1676676762335,1676676763585
1676676762519,1676676763605
1676676762439,1676676763617
1676676762227,1676676763661
1676676762083,1676676763681
1676676762151,1676676763689
1676676762399,1676676763761
1676676762199,1676676763761
1676676762683,1676676763765
1676676762615,1676676763917
1676676762623,1676676763949
1676676762495,1676676763981
1676676762823,1676676764005
1676676762207,1676676764117
1676676763199,1676676764121
1676676763183,1676676764153
1676676762779,1676676764157
1676676763086,1676676764165
1676676762772,1676676764198
1676676762451,1676676764217
1676676762819,1676676764269
1676676762963,1676676764269
1676676762899,1676676764309
1676676762963,1676676764313
1676676762899,1676676764349
1676676763395,1676676764361
1676676762765,1676676764377
1676676762711,1676676764425
1676676762647,1676676764477
1676676762819,1676676764517
1676676762643,1676676764577
1676676763040,1676676764585
1676676763323,1676676764633
1676676763587,1676676764633
1676676762803,1676676764727
1676676763683,1676676764829
1676676763275,1676676764829
1676676763199,1676676764897
1676676762945,1676676764905
1676676763363,1676676764909
1676676763471,1676676764953
1676676763483,1676676764993
1676676763919,1676676764997
1676676763339,1676676765065
1676676763287,1676676765069
1676676763767,1676676765201
1676676763691,1676676765237
1676676764123,1676676765245
1676676763551,1676676765277
1676676764119,1676676765297
1676676762615,1676676765365
1676676763183,1676676765369
1676676763983,1676676765437
1676676764155,1676676765453
1676676763951,1676676765477
1676676763763,1676676765485
1676676763431,1676676765549
1676676764200,1676676765605
1676676763762,1676676765629
1676676764271,1676676765645
1676676764579,1676676765649
1676676764479,1676676765673
1676676764362,1676676765685
1676676764219,1676676765693
1676676764831,1676676765745
1676676764167,1676676765749
1676676764379,1676676765789
1676676764427,1676676765885
1676676764899,1676676765925
1676676764519,1676676765929
1676676764587,1676676765965
1676676764635,1676676765969
1676676764351,1676676765977
1676676763619,1676676765981
1676676764728,1676676766082
1676676764271,1676676766109
1676676765299,1676676766141
1676676764311,1676676766157
1676676765372,1676676766165
1676676763607,1676676766169
1676676764159,1676676766173
1676676764955,1676676766201
1676676765067,1676676766217
1676676765367,1676676766257
1676676764635,1676676766261
1676676765071,1676676766329
1676676764831,1676676766333
1676676764999,1676676766352
1676676764007,1676676766405
1676676764995,1676676766417
1676676765439,1676676766417
1676676765479,1676676766453
1676676765651,1676676766525
1676676765647,1676676766569
1676676764315,1676676766669
1676676765279,1676676766681
1676676765247,1676676766701
1676676765675,1676676766737
1676676765551,1676676766817
1676676765455,1676676766849
1676676765487,1676676766909
1676676765751,1676676766945
1676676765971,1676676766977
1676676765203,1676676767005
1676676765791,1676676767041
1676676765927,1676676767180
1676676766170,1676676767189
1676676766175,1676676767209
1676676766084,1676676767221
1676676765238,1676676767229
1676676765747,1676676767249
1676676765982,1676676767293
1676676764907,1676676767325
1676676764911,1676676767325
1676676766259,1676676767417
1676676766219,1676676767425
1676676766455,1676676767433
1676676766111,1676676767440
1676676765931,1676676767465
1676676766330,1676676767469
1676676765607,1676676767469
1676676766159,1676676767489
1676676765631,1676676767513
1676676765887,1676676767521
1676676765978,1676676767563
1676676766203,1676676767649
1676676766407,1676676767658
1676676766527,1676676767781
1676676766671,1676676767809
1676676766703,1676676767841
1676676766167,1676676767877
1676676765967,1676676767885
1676676766143,1676676767977
1676676766947,1676676767989
1676676766571,1676676768033
1676676766418,1676676768081
1676676766263,1676676768117
1676676766978,1676676768157
1676676766419,1676676768225
1676676766683,1676676768245
1676676766353,1676676768305
1676676767007,1676676768354
1676676767043,1676676768377
1676676766739,1676676768389
1676676767295,1676676768477
1676676766818,1676676768477
1676676766911,1676676768481
1676676767250,1676676768513
1676676767190,1676676768525
1676676767651,1676676768525
1676676767523,1676676768565
1676676767514,1676676768633
1676676767181,1676676768670
1676676766334,1676676768677
1676676767434,1676676768681
1676676767470,1676676768717
1676676767231,1676676768749
1676676767223,1676676768805
1676676767491,1676676768837
1676676767783,1676676768893
1676676767564,1676676768917
1676676767419,1676676768925
1676676767427,1676676768985
1676676767327,1676676768997
1676676767660,1676676769005
1676676767210,1676676769049
1676676767471,1676676769057
1676676767327,1676676769073
1676676767887,1676676769089
1676676767441,1676676769137
1676676767979,1676676769213
1676676767990,1676676769265
1676676766851,1676676769291
1676676767843,1676676769365
1676676768247,1676676769373
1676676768159,1676676769405
1676676767810,1676676769405
1676676768307,1676676769441
1676676768035,1676676769517
1676676768227,1676676769525
1676676767467,1676676769529
1676676767879,1676676769569
1676676768356,1676676769609
1676676768119,1676676769817
1676676768679,1676676769849
1676676768082,1676676769873
1676676768527,1676676769875
1676676769091,1676676770025
1676676768839,1676676770061
1676676768479,1676676770065
1676676768683,1676676770065
1676676768479,1676676770081
1676676768635,1676676770105
1676676768919,1676676770149
1676676768515,1676676770185
1676676768927,1676676770201
1676676768379,1676676770257
1676676769075,1676676770257
1676676768483,1676676770293
1676676769293,1676676770349
1676676768895,1676676770357
1676676768807,1676676770361
1676676769611,1676676770373
1676676769367,1676676770397
1676676769059,1676676770473
1676676769215,1676676770477
1676676768987,1676676770477
1676676769051,1676676770489
1676676769443,1676676770582
1676676769375,1676676770613
1676676769571,1676676770629
1676676768719,1676676770653
1676676768527,1676676770661
1676676768672,1676676770713
1676676769519,1676676770725
1676676768999,1676676770737
1676676769407,1676676770745
1676676769139,1676676770785
1676676768751,1676676770829
1676676769527,1676676770873
1676676769008,1676676770953
1676676769531,1676676770989
1676676770295,1676676771141
1676676769875,1676676771141
1676676770259,1676676771205
1676676770067,1676676771221
1676676769851,1676676771281
1676676770063,1676676771293
1676676769267,1676676771301
1676676769877,1676676771313
1676676770187,1676676771373
1676676770107,1676676771409
1676676770359,1676676771409
1676676769819,1676676771417
1676676770067,1676676771465
1676676770203,1676676771541
1676676770479,1676676771649
1676676770151,1676676771661
1676676770083,1676676771689
1676676770399,1676676771713
1676676770027,1676676771733
1676676770375,1676676771749
1676676770655,1676676771797
1676676770663,1676676771813
1676676770715,1676676771829
1676676769407,1676676771849
1676676770259,1676676771881
1676676770363,1676676771914
1676676770475,1676676771941
1676676770875,1676676772105
1676676770584,1676676772129
1676676770739,1676676772181
1676676770479,1676676772189
1676676770631,1676676772217
1676676770491,1676676772241
1676676770787,1676676772285
1676676771223,1676676772289
1676676770747,1676676772289
1676676770955,1676676772297
1676676770615,1676676772339
1676676770830,1676676772345
1676676771283,1676676772409
1676676770351,1676676772513
1676676771315,1676676772561
1676676771143,1676676772609
1676676771663,1676676772645
1676676771543,1676676772657
1676676771419,1676676772689
1676676771207,1676676772741
1676676771143,1676676772773
1676676771691,1676676772809
1676676770991,1676676772825
1676676771303,1676676772897
1676676771735,1676676772941
1676676771411,1676676772969
1676676771815,1676676773101
1676676771751,1676676773137
1676676771851,1676676773137
1676676771651,1676676773141
1676676772291,1676676773153
1676676771831,1676676773165
1676676771715,1676676773253
1676676771295,1676676773265
1676676771943,1676676773269
1676676771799,1676676773284
1676676772341,1676676773317
1676676771411,1676676773445
1676676771915,1676676773465
1676676771883,1676676773501
1676676772191,1676676773541
1676676772131,1676676773550
1676676772411,1676676773621
1676676771375,1676676773637
1676676772743,1676676773673
1676676772107,1676676773705
1676676772291,1676676773725
1676676772563,1676676773733
1676676772287,1676676773793
1676676772299,1676676773861
1676676771467,1676676773885
1676676772346,1676676773997
1676676772775,1676676773997
1676676772243,1676676774009
1676676772659,1676676774069
1676676772647,1676676774105
1676676772899,1676676774117
1676676772183,1676676774181
1676676772811,1676676774241
1676676773255,1676676774353
1676676772515,1676676774409
1676676773139,1676676774437
1676676773319,1676676774441
1676676773552,1676676774473
1676676772971,1676676774493
1676676773271,1676676774569
1676676772611,1676676774573
1676676773155,1676676774581
1676676772943,1676676774617
1676676773503,1676676774633
1676676773447,1676676774637
1676676772827,1676676774733
1676676773886,1676676774793
1676676773623,1676676774840
1676676773543,1676676774857
1676676773139,1676676774857
1676676773167,1676676774905
1676676773734,1676676774913
1676676773143,1676676774933
1676676773267,1676676774945
1676676773675,1676676774945
1676676773863,1676676774989
1676676773639,1676676774989
1676676773103,1676676775025
1676676773999,1676676775085
1676676773999,1676676775161
1676676773707,1676676775206
1676676772218,1676676775221
1676676774071,1676676775225
1676676773795,1676676775285
1676676774583,1676676775465
1676676773286,1676676775541
1676676774571,1676676775561
1676676774439,1676676775653
1676676774443,1676676775681
1676676774495,1676676775773
1676676774355,1676676775809
1676676774735,1676676775837
1676676774619,1676676775889
1676676774411,1676676775917
1676676774107,1676676775953
1676676774011,1676676775957
1676676774935,1676676776017
1676676774635,1676676776145
1676676774991,1676676776149
1676676774243,1676676776149
1676676774639,1676676776161
1676676775208,1676676776181
1676676774119,1676676776229
1676676774859,1676676776231
1676676775223,1676676776337
1676676775027,1676676776385
1676676775163,1676676776389
1676676774475,1676676776421
1676676774991,1676676776477
1676676774183,1676676776477
1676676774859,1676676776481
1676676775087,1676676776517
1676676774915,1676676776593
1676676774795,1676676776669
1676676774947,1676676776713
1676676774947,1676676776729
1676676775287,1676676776773
1676676774575,1676676776787
1676676775563,1676676776797
1676676774908,1676676776937
1676676775655,1676676776985
1676676775543,1676676777009
1676676775775,1676676777109
1676676775839,1676676777165
1676676776233,1676676777221
1676676774842,1676676777257
1676676775227,1676676777301
1676676775919,1676676777305
1676676776183,1676676777425
1676676775959,1676676777457
1676676776232,1676676777553
1676676776151,1676676777593
1676676775891,1676676777609
1676676776019,1676676777617
1676676775467,1676676777681
1676676776715,1676676777721
1676676776391,1676676777741
1676676776479,1676676777785
1676676776339,1676676777833
1676676776789,1676676777845
1676676776519,1676676777897
1676676776387,1676676777905
1676676776423,1676676777916
1676676776147,1676676777941
1676676776151,1676676777957
1676676777011,1676676777981
1676676777222,1676676778025
1676676776594,1676676778025
1676676775955,1676676778041
1676676776483,1676676778117
1676676776987,1676676778117
1676676776479,1676676778117
1676676776671,1676676778181
1676676776163,1676676778209
1676676777307,1676676778345
1676676776799,1676676778361
1676676776775,1676676778377
1676676775683,1676676778461
1676676776939,1676676778477
1676676777619,1676676778505
1676676777427,1676676778509
1676676777259,1676676778537
1676676777111,1676676778625
1676676776731,1676676778654
1676676777167,1676676778781
1676676777302,1676676778801
1676676777595,1676676778813
1676676777683,1676676778849
1676676778119,1676676779057
1676676777743,1676676779085
1676676777835,1676676779121
1676676778211,1676676779137
1676676777943,1676676779224
1676676777847,1676676779325
1676676777554,1676676779353
1676676777907,1676676779356
1676676777723,1676676779378
1676676778027,1676676779397
1676676778119,1676676779425
1676676778043,1676676779493
1676676777918,1676676779509
1676676778511,1676676779525
1676676777899,1676676779593
1676676777959,1676676779621
1676676777983,1676676779853
1676676777459,1676676779853
1676676778539,1676676779857
1676676778627,1676676779857
1676676778379,1676676779869
1676676778119,1676676779881
1676676778851,1676676779881
1676676778027,1676676779933
1676676778479,1676676779937
1676676778363,1676676779997
1676676778463,1676676780013
1676676778507,1676676780013
1676676778347,1676676780085
1676676779355,1676676780109
1676676778783,1676676780117
1676676778182,1676676780125
1676676778803,1676676780165
1676676778815,1676676780241
1676676779358,1676676780261
1676676779226,1676676780429
1676676779595,1676676780505
1676676778656,1676676780551
1676676779379,1676676780573
1676676779139,1676676780613
1676676779527,1676676780629
1676676779059,1676676780789
1676676779495,1676676780917
1676676779123,1676676780925
1676676779855,1676676780953
1676676779623,1676676780981
1676676779326,1676676781053
1676676779511,1676676781073
1676676779855,1676676781101
1676676779087,1676676781105
1676676780015,1676676781169
1676676779399,1676676781385
1676676780263,1676676781429
1676676779859,1676676781449
1676676779883,1676676781493
1676676780111,1676676781497
1676676779935,1676676781525
1676676779859,1676676781557
1676676779871,1676676781557
1676676780015,1676676781609
1676676780243,1676676781629
1676676779883,1676676781629
1676676780087,1676676781684
1676676779999,1676676781825
1676676780431,1676676781837
1676676780575,1676676781853
1676676780615,1676676781881
1676676781103,1676676781893
1676676780119,1676676782085
1676676780954,1676676782113
1676676780553,1676676782114
1676676780507,1676676782114
1676676779939,1676676782122
1676676780167,1676676782147
1676676780127,1676676782225
1676676780983,1676676782253
1676676780927,1676676782297
1676676781054,1676676782333
1676676781451,1676676782389
1676676781431,1676676782413
1676676781075,1676676782549
1676676780791,1676676782577
1676676781171,1676676782599
1676676781499,1676676782601
1676676781387,1676676782629
1676676781495,1676676782733
1676676780631,1676676782749
1676676781107,1676676782917
1676676781527,1676676782925
1676676781827,1676676782985
1676676781631,1676676783057
1676676781559,1676676783066
1676676780918,1676676783137
1676676781839,1676676783173
1676676781611,1676676783177
1676676781895,1676676783209
1676676781883,1676676783377
1676676782115,1676676783405
1676676782579,1676676783469
1676676781559,1676676783481
1676676782335,1676676783513
1676676782124,1676676783549
1676676782149,1676676783613
1676676782391,1676676783657
1676676782255,1676676783699
1676676782227,1676676783741
1676676782087,1676676783781
1676676782601,1676676783821
1676676781855,1676676783917
1676676782415,1676676783953
1676676782116,1676676783993
1676676782299,1676676784018
1676676782919,1676676784053
1676676783179,1676676784121
1676676782631,1676676784229
1676676783139,1676676784489
1676676782603,1676676784513
1676676783068,1676676784549
1676676782926,1676676784605
1676676782116,1676676784637
1676676782551,1676676784653
1676676783471,1676676784689
1676676783211,1676676784749
1676676783407,1676676784789
1676676783515,1676676784805
1676676783059,1676676784837
1676676783483,1676676784957
1676676783175,1676676784959
1676676783701,1676676785065
1676676782751,1676676785081
1676676783743,1676676785109
1676676782987,1676676785121
1676676783783,1676676785217
1676676783615,1676676785253
1676676782735,1676676785273
1676676783954,1676676785401
1676676783659,1676676785417
1676676783379,1676676785453
1676676784123,1676676785477
1676676783919,1676676785477
1676676784055,1676676785497
1676676783823,1676676785565
1676676784551,1676676785645
1676676784807,1676676785661
1676676784019,1676676785689
1676676784231,1676676785714
1676676784607,1676676785737
1676676783995,1676676785809
1676676784691,1676676785829
1676676784639,1676676785837
1676676784491,1676676785949
1676676784515,1676676785949
1676676784655,1676676786033
1676676785111,1676676786053
1676676784959,1676676786201
1676676785219,1676676786293
1676676785275,1676676786305
1676676784839,1676676786321
1676676785067,1676676786333
1676676785083,1676676786493
1676676784961,1676676786542
1676676785255,1676676786573
1676676785123,1676676786573
1676676785479,1676676786577
1676676784751,1676676786733
1676676785647,1676676786741
1676676785403,1676676786765
1676676785455,1676676786810
1676676785691,1676676786865
1676676785716,1676676786937
1676676785831,1676676787017
1676676785419,1676676787101
1676676785811,1676676787109
1676676785839,1676676787245
1676676786335,1676676787261
1676676785739,1676676787293
1676676786035,1676676787361
1676676785567,1676676787377
1676676785499,1676676787505
1676676785479,1676676787561
1676676786203,1676676787585
1676676785663,1676676787625
1676676786295,1676676787645
1676676786307,1676676787653
1676676785951,1676676787721
1676676786495,1676676787813
1676676785950,1676676787961
1676676786735,1676676788017
1676676786055,1676676788021
1676676786767,1676676788065
1676676786543,1676676788125
1676676786575,1676676788209
1676676786812,1676676788237
1676676786579,1676676788273
1676676787019,1676676788449
1676676787362,1676676788481
1676676787111,1676676788493
1676676787263,1676676788501
1676676787295,1676676788537
1676676787379,1676676788692
1676676786575,1676676788697
1676676786867,1676676788725
1676676787587,1676676788765
1676676787563,1676676788789
1676676786939,1676676788817
1676676787507,1676676788861
1676676787655,1676676788929
1676676786743,1676676788989
1676676787723,1676676789097
1676676787247,1676676789189
1676676787963,1676676789205
1676676787815,1676676789221
1676676788239,1676676789445
1676676788019,1676676789473
1676676788483,1676676789534
1676676787627,1676676789649
1676676788503,1676676789653
1676676788023,1676676789665
1676676788275,1676676789669
1676676788127,1676676789701
1676676787647,1676676789729
1676676788495,1676676789789
1676676788067,1676676789957
1676676788539,1676676790141
1676676788767,1676676790161
1676676788863,1676676790213
1676676788211,1676676790233
1676676788727,1676676790241
1676676788694,1676676790257
1676676789099,1676676790469
1676676788819,1676676790525
1676676789207,1676676790569
1676676788791,1676676790609
1676676788451,1676676790765
1676676789651,1676676790809
1676676789447,1676676790825
1676676788699,1676676790841
1676676789223,1676676790897
1676676788931,1676676790985
1676676789791,1676676791033
1676676789703,1676676791041
1676676789191,1676676791065
1676676789536,1676676791109
1676676789959,1676676791145
1676676789731,1676676791177
1676676788991,1676676791193
1676676790215,1676676791205
1676676789475,1676676791241
1676676789667,1676676791289
1676676790163,1676676791313
1676676790235,1676676791462
1676676790143,1676676791561
1676676790258,1676676791709
1676676790987,1676676791933
1676676790527,1676676791945
1676676790767,1676676792001
1676676790611,1676676792073
1676676790843,1676676792109
1676676791035,1676676792161
1676676791067,1676676792173
1676676790811,1676676792221
1676676790243,1676676792265
1676676791243,1676676792361
1676676790571,1676676792372
1676676790899,1676676792397
1676676790471,1676676792413
1676676791315,1676676792581
1676676790827,1676676792593
1676676791207,1676676792657
1676676791147,1676676792749
1676676791291,1676676792853
1676676791179,1676676792913
1676676791947,1676676792957
1676676791711,1676676792981
1676676791043,1676676793037
1676676791563,1676676793217
1676676792363,1676676793317
1676676792075,1676676793417
1676676791195,1676676793445
1676676792003,1676676793473
1676676791111,1676676793505
1676676791935,1676676793537
1676676792175,1676676793589
1676676792223,1676676793757
1676676792659,1676676793815
1676676792111,1676676793829
1676676792595,1676676793933
1676676792751,1676676793953
1676676792415,1676676794013
1676676792267,1676676794041
1676676792583,1676676794213
1676676792399,1676676794252
1676676792855,1676676794269
1676676792163,1676676794281
1676676792374,1676676794365
1676676792915,1676676794377
1676676792983,1676676794484
1676676792959,1676676794641
1676676793039,1676676794693
1676676793447,1676676794749
1676676793218,1676676794965
1676676793831,1676676795005
1676676793475,1676676795113
1676676793759,1676676795137
1676676793507,1676676795161
1676676793419,1676676795245
1676676793817,1676676795365
1676676794014,1676676795461
1676676793934,1676676795505
1676676794254,1676676795541
1676676793954,1676676795569
1676676794283,1676676795601
1676676793591,1676676795637
1676676794486,1676676795717
1676676794042,1676676795749
1676676794270,1676676795757
1676676794379,1676676795765
1676676794367,1676676795925
1676676794695,1676676795961
1676676794215,1676676796069
1676676794751,1676676796097
1676676795007,1676676796121
1676676795139,1676676796213
1676676795367,1676676796277
1676676795247,1676676796325
1676676795163,1676676796433
1676676794644,1676676796565
1676676794967,1676676796581
1676676795115,1676676796694
1676676795571,1676676796701
1676676795603,1676676796829
1676676795543,1676676796837
1676676795639,1676676796853
1676676795758,1676676796861
1676676795507,1676676796946
1676676795463,1676676797041
1676676795751,1676676797169
1676676795927,1676676797209
1676676795719,1676676797273
1676676795767,1676676797317
1676676796215,1676676797377
1676676796123,1676676797417
1676676795963,1676676797505
1676676796327,1676676797669
1676676796071,1676676797693
1676676796099,1676676797873
1676676796839,1676676797925
1676676797043,1676676798229
1676676796435,1676676798265
1676676796855,1676676798301
1676676796703,1676676798325
1676676796568,1676676798417
1676676796583,1676676798437
1676676797507,1676676798541
1676676796831,1676676798577
1676676797319,1676676798633
1676676796863,1676676798869
1676676796695,1676676798885
1676676797171,1676676799117
1676676797419,1676676799185
1676676796948,1676676799213
1676676797379,1676676799265
1676676797671,1676676799357
1676676797875,1676676799449
1676676797275,1676676799525
1676676798327,1676676799545
1676676797695,1676676799581
1676676798303,1676676799613
1676676798267,1676676799633
1676676798419,1676676799645
1676676797927,1676676799801
1676676798579,1676676799885
1676676798543,1676676799905
1676676798231,1676676800029
1676676798439,1676676800177
1676676798871,1676676800249
1676676799267,1676676800365
1676676798887,1676676800429
1676676799187,1676676800453
1676676798635,1676676800468
1676676799215,1676676800617
1676676799547,1676676800709
1676676799119,1676676800837
1676676799887,1676676801089
1676676799583,1676676801128
1676676799635,1676676801133
1676676800031,1676676801349
1676676799647,1676676801373
1676676800251,1676676801445
1676676799359,1676676801521
1676676799527,1676676801649
1676676799451,1676676801701
1676676800179,1676676801805
1676676800711,1676676801889
1676676799907,1676676801901
1676676800455,1676676801953
1676676801091,1676676801965
1676676800431,1676676802141
1676676800367,1676676802173
1676676800470,1676676802185
1676676800839,1676676802217
1676676801651,1676676802725
1676676801955,1676676802873
1676676801375,1676676802917
1676676801967,1676676803001
1676676801130,1676676803029
1676676801351,1676676803089
1676676801703,1676676803137
1676676801523,1676676803137
1676676801135,1676676803189
1676676800619,1676676803253
1676676801807,1676676803333
1676676801447,1676676803401
1676676802187,1676676803465
1676676802143,1676676803665
1676676801891,1676676803793
1676676802727,1676676803877
1676676802219,1676676804025
1676676801903,1676676804029
1676676803255,1676676804457
1676676802919,1676676804481
1676676803031,1676676804657
1676676803667,1676676805049
1676676804031,1676676805053
1676676803191,1676676805269
1676676803467,1676676805333
1676676803403,1676676805341
1676676803091,1676676805489
1676676803139,1676676805713
1676676804459,1676676805725
1676676803002,1676676805733
1676676803879,1676676805737
1676676804027,1676676805905
1676676803139,1676676806221
1676676803335,1676676806249
1676676804659,1676676806317
1676676803795,1676676806337
1676676804483,1676676806425
1676676805271,1676676806657
1676676805055,1676676806801
1676676805051,1676676806925
1676676805739,1676676806929
1676676805735,1676676807057
1676676805727,1676676807177
1676676805491,1676676807293
1676676805907,1676676807293
1676676805715,1676676807317
1676676805343,1676676807457
1676676806250,1676676807549
1676676806339,1676676807589
1676676806223,1676676807589
1676676806319,1676676807797
1676676806659,1676676808161
1676676806427,1676676808229
1676676806803,1676676808601
1676676807059,1676676808681
1676676807319,1676676808721
1676676806927,1676676808753
1676676807295,1676676809069
1676676806931,1676676809437
1676676807459,1676676809480
1676676807591,1676676809517
1676676807179,1676676809565
1676676807295,1676676809605
1676676808231,1676676809713
1676676808163,1676676809817
1676676807551,1676676809853
1676676808603,1676676810029
1676676807799,1676676810032
1676676807591,1676676810077
1676676808755,1676676810353
1676676809519,1676676810641
1676676809071,1676676810645
1676676809481,1676676810878
1676676810079,1676676811005
1676676809715,1676676811009
1676676808683,1676676811075
1676676809567,1676676811097
1676676809439,1676676811269
1676676809855,1676676811509
1676676810355,1676676811653
1676676810031,1676676811713
1676676810033,1676676811741
1676676809607,1676676811785
1676676810880,1676676812009
1676676811077,1676676812126
1676676811271,1676676812313
1676676811099,1676676812633
1676676811011,1676676812681
1676676811715,1676676812717
1676676811007,1676676812781
1676676811787,1676676812881
1676676811655,1676676813073
1676676811742,1676676813157
1676676810647,1676676813189
1676676810643,1676676813209
1676676811511,1676676813253
1676676812127,1676676813257
1676676812315,1676676813365
1676676812011,1676676813397
1676676812719,1676676813932
1676676812635,1676676814289
1676676813191,1676676814289
1676676813211,1676676814341
1676676813074,1676676814353
1676676812683,1676676814361
1676676812783,1676676814665
1676676813399,1676676815013
1676676813159,1676676815029
1676676813259,1676676815049
1676676813934,1676676815174
1676676813255,1676676815373
1676676814363,1676676815609
1676676813367,1676676816033
1676676814291,1676676816069
1676676814355,1676676816129
1676676814291,1676676816229
1676676814343,1676676816245
1676676814667,1676676816249
1676676815375,1676676816497
1676676815176,1676676816724
1676676815031,1676676816885
1676676815051,1676676816933
1676676816035,1676676816993
1676676815015,1676676817021
1676676815611,1676676817041
1676676816247,1676676817161
1676676816231,1676676817277
1676676816071,1676676817437
1676676816251,1676676817474
1676676816498,1676676817945
1676676817023,1676676818005
1676676816887,1676676818401
1676676817163,1676676818629
1676676817279,1676676818705
1676676817043,1676676818789
1676676816726,1676676819005
1676676816131,1676676819053
1676676817439,1676676819237
1676676817476,1676676819305
1676676816995,1676676819509
1676676818403,1676676819561
1676676818007,1676676819637
1676676818791,1676676820049
1676676817947,1676676820241
1676676818631,1676676820357
1676676819639,1676676820821
1676676819055,1676676820957
1676676819239,1676676821121
1676676818707,1676676821249
1676676819563,1676676821477
1676676820051,1676676821797
1676676819511,1676676821877
1676676820243,1676676821925
1676676819007,1676676822061
1676676821250,1676676822377
1676676819307,1676676822397
1676676820359,1676676822429
1676676820959,1676676822669
1676676821123,1676676822781
1676676821479,1676676822905
1676676821879,1676676823061
1676676822063,1676676823461
1676676822399,1676676823661
1676676821927,1676676823701
1676676822431,1676676823785
1676676821799,1676676823845
1676676822378,1676676823925
1676676822671,1676676824109
1676676822783,1676676824125
1676676822907,1676676824669
1676676823463,1676676824689
1676676823063,1676676825017
1676676823787,1676676825337
1676676823926,1676676825361
1676676824111,1676676825437
1676676823663,1676676825529
1676676823703,1676676825901
1676676823846,1676676826325
1676676824127,1676676826341
1676676825363,1676676826377
1676676824691,1676676826609
1676676825019,1676676826653
1676676824671,1676676826717
1676676825339,1676676826741
1676676825439,1676676826985
1676676825903,1676676827157
1676676826379,1676676827729
1676676826343,1676676827797
1676676825531,1676676828029
1676676826719,1676676828245
1676676826743,1676676828253
1676676826327,1676676828397
1676676826611,1676676829217
1676676827799,1676676829285
1676676827159,1676676829297
1676676826655,1676676829489
1676676828255,1676676829801
1676676828399,1676676829845
1676676828247,1676676829873
1676676827731,1676676829969
1676676826987,1676676829997
1676676829219,1676676830753
1676676829298,1676676830805
1676676829491,1676676830877
1676676829847,1676676830989
1676676828031,1676676831193
1676676829286,1676676831497
1676676829971,1676676831781
1676676829999,1676676831797
1676676829803,1676676831949
1676676829875,1676676831957
1676676830807,1676676832117
1676676830755,1676676832849
1676676831499,1676676833065
1676676831799,1676676833113
1676676831959,1676676833397
1676676830879,1676676833513
1676676832119,1676676833669
1676676831951,1676676833669
1676676830991,1676676833789
1676676831783,1676676833849
1676676831195,1676676833929
1676676833115,1676676834285
1676676833067,1676676834390
1676676832851,1676676834565
1676676833671,1676676834853
1676676833399,1676676834897
1676676833515,1676676834945
1676676833671,1676676835029
1676676834287,1676676835421
1676676833851,1676676835565
1676676834567,1676676835833
1676676834855,1676676836093
1676676833931,1676676836317
1676676834392,1676676836373
1676676835031,1676676836481
1676676833791,1676676836725
1676676835264,1676676836785
1676676835567,1676676836833
1676676835834,1676676837097
1676676834947,1676676837445
1676676836319,1676676837649
1676676836375,1676676837745
1676676834899,1676676837765
1676676835423,1676676837853
1676676836835,1676676838013
1676676836095,1676676838305
1676676837100,1676676838305
1676676836791,1676676838353
1676676836483,1676676838357
1676676836727,1676676838469
1676676837447,1676676839033
1676676837651,1676676839173
1676676837767,1676676839297
1676676837855,1676676839317
1676676837747,1676676839701
1676676838359,1676676839925
1676676838307,1676676840025
1676676838471,1676676840085
1676676838355,1676676840137
1676676839035,1676676840234
1676676838015,1676676840281
1676676838307,1676676840305
1676676839318,1676676840473
1676676839175,1676676840625
1676676839299,1676676840785
1676676839927,1676676841173
1676676839703,1676676841329
1676676840027,1676676841377
1676676840307,1676676841449
1676676840087,1676676841633
1676676840236,1676676841769
1676676840289,1676676842121
1676676840475,1676676842301
1676676840139,1676676842301
1676676840283,1676676842381
1676676840627,1676676842841
1676676840787,1676676842881
1676676841771,1676676843021
1676676841331,1676676843053
1676676841451,1676676843329
1676676841379,1676676843460
1676676842303,1676676843541
1676676841175,1676676843589
1676676842126,1676676843653
1676676842303,1676676843669
1676676841635,1676676843686
1676676843055,1676676844017
1676676843023,1676676844389
1676676842842,1676676844545
1676676842883,1676676844657
1676676843304,1676676844777
1676676843331,1676676844889
1676676843591,1676676844909
1676676842383,1676676845101
1676676843462,1676676845193
1676676843655,1676676845209
1676676844019,1676676845225
1676676843543,1676676845305
1676676843671,1676676845589
1676676844547,1676676845833
1676676843687,1676676845929
1676676844911,1676676846177
1676676844391,1676676846481
1676676844782,1676676846557
1676676844891,1676676846613
1676676845227,1676676846697
1676676845307,1676676847001
1676676845211,1676676847325
1676676845195,1676676847333
1676676845103,1676676847385
1676676845591,1676676847505
1676676844659,1676676847581
1676676845931,1676676847625
1676676846325,1676676847713
1676676845835,1676676848085
1676676847327,1676676848377
1676676846179,1676676848441
1676676846615,1676676848497
1676676846483,1676676848513
1676676846559,1676676848581
1676676846699,1676676848633
1676676847003,1676676848645
1676676847387,1676676848773
1676676847507,1676676848937
1676676847627,1676676848965
1676676847335,1676676849105
1676676847585,1676676849137
1676676848087,1676676849269
1676676847718,1676676849361
1676676848443,1676676849785
1676676848647,1676676849901
1676676848775,1676676850175
1676676848515,1676676850213
1676676848337,1676676850401
1676676848939,1676676850445
1676676848499,1676676850489
1676676848635,1676676850561
1676676848583,1676676850649
1676676849107,1676676850693
1676676849139,1676676850749
1676676848967,1676676850773
1676676849363,1676676850793
1676676848379,1676676850877
1676676849787,1676676851037
1676676850215,1676676851041
1676676849271,1676676851077
1676676849903,1676676851257
1676676850651,1676676851461
1676676850447,1676676851781
1676676850775,1676676851949
1676676850177,1676676851961
1676676850406,1676676852033
1676676850357,1676676852097
1676676850695,1676676852213
1676676850491,1676676852337
1676676850563,1676676852377
1676676851079,1676676852401
1676676850795,1676676852641
1676676851043,1676676852785
1676676850879,1676676852829
1676676851259,1676676852869
1676676851463,1676676852933
1676676850751,1676676852969
1676676851039,1676676853117
1676676851783,1676676853184
1676676852103,1676676853305
1676676851963,1676676853377
1676676851951,1676676853417
1676676852036,1676676853433
1676676852215,1676676853445
1676676852371,1676676853621
1676676852402,1676676853745
1676676852339,1676676853853
1676676852871,1676676853961
1676676852831,1676676854257
1676676852787,1676676854313
1676676852643,1676676854405
1676676853447,1676676854421
1676676852971,1676676854440
1676676852935,1676676854469
1676676853185,1676676854589
1676676852379,1676676854679
1676676853119,1676676854765
1676676853435,1676676854813
1676676853626,1676676854941
1676676853307,1676676855033
1676676853379,1676676855089
1676676853419,1676676855215
1676676853855,1676676855245
1676676854259,1676676855477
1676676854389,1676676855513
1676676853747,1676676855769
1676676853963,1676676855909
1676676854592,1676676855961
1676676854681,1676676856065
1676676854314,1676676856273
1676676854767,1676676856276
1676676854471,1676676856417
1676676854442,1676676856485
1676676855035,1676676856645
1676676854407,1676676856701
1676676855091,1676676856753
1676676854423,1676676856753
1676676854943,1676676856756
1676676855247,1676676856774
1676676855771,1676676856841
1676676855216,1676676856861
1676676855519,1676676856881
1676676854815,1676676856965
1676676855479,1676676857053
1676676856275,1676676857189
1676676855963,1676676857314
1676676855911,1676676857437
1676676856419,1676676857517
1676676856278,1676676857553
1676676856067,1676676857561
1676676856405,1676676857573
1676676856647,1676676857621
1676676856863,1676676857965
1676676856755,1676676858197
1676676856776,1676676858313
1676676857055,1676676858331
1676676856883,1676676858341
1676676856487,1676676858561
1676676856755,1676676858645
1676676856843,1676676858837
1676676857439,1676676858877
1676676856967,1676676859013
1676676856758,1676676859133
1676676857520,1676676859137
1676676857563,1676676859157
1676676857316,1676676859193
1676676857579,1676676859457
1676676857555,1676676859533
1676676857191,1676676859549
1676676858315,1676676859645
1676676856703,1676676859665
1676676858333,1676676859733
1676676858199,1676676859749
1676676857623,1676676859781
1676676857419,1676676859825
1676676857967,1676676859865
1676676858563,1676676859937
1676676859015,1676676859997
1676676858343,1676676860037
1676676859139,1676676860209
1676676858647,1676676860345
1676676859459,1676676860357
1676676858879,1676676860359
1676676859135,1676676860385
1676676858839,1676676860397
1676676859159,1676676860561
1676676859647,1676676860705
1676676859551,1676676860837
1676676859195,1676676860869
1676676859436,1676676860881
1676676860039,1676676861125
1676676859667,1676676861377
1676676859783,1676676861389
1676676859830,1676676861457
1676676860347,1676676861497
1676676859867,1676676861568
1676676859735,1676676861613
1676676859750,1676676861613
1676676859999,1676676861689
1676676859939,1676676861889
1676676859535,1676676862073
1676676860359,1676676862129
1676676860387,1676676862269
1676676860871,1676676862277
1676676860563,1676676862329
1676676860399,1676676862376
1676676860211,1676676862441
1676676860839,1676676862749
1676676861379,1676676862769
1676676860887,1676676862781
1676676861499,1676676862833
1676676861128,1676676862893
1676676860450,1676676862929
1676676860361,1676676862985
1676676860707,1676676863001
1676676861391,1676676863029
1676676861891,1676676863157
1676676861459,1676676863245
1676676861570,1676676863284
1676676862331,1676676863330
1676676861615,1676676863345
1676676862075,1676676863385
1676676861691,1676676863389
1676676861615,1676676863397
1676676862463,1676676863613
1676676862131,1676676863625
1676676862377,1676676863673
1676676862271,1676676863825
1676676862279,1676676863873
1676676862771,1676676864025
1676676862895,1676676864049
1676676862783,1676676864077
1676676863031,1676676864217
1676676862987,1676676864269
1676676863159,1676676864337
1676676862443,1676676864377
1676676862835,1676676864561
1676676862751,1676676864573
1676676863399,1676676864617
1676676863332,1676676864629
1676676863003,1676676864673
1676676862935,1676676864725
1676676863347,1676676864733
1676676863247,1676676864801
1676676863391,1676676864829
1676676864027,1676676865089
1676676863827,1676676865141
1676676863387,1676676865189
1676676863478,1676676865289
1676676863619,1676676865309
1676676863875,1676676865369
1676676863627,1676676865417
1676676864079,1676676865489
1676676864051,1676676865517
1676676864219,1676676865565
1676676864575,1676676865597
1676676863286,1676676865641
1676676863675,1676676865741
1676676864271,1676676865860
1676676864619,1676676865865
1676676864379,1676676865889
1676676864728,1676676865917
1676676864803,1676676866029
1676676864675,1676676866145
1676676864339,1676676866305
1676676864831,1676676866309
1676676864563,1676676866365
1676676865419,1676676866433
1676676864631,1676676866473
1676676865143,1676676866505
1676676865091,1676676866597
1676676864735,1676676866717
1676676865296,1676676866721
1676676865567,1676676866893
1676676865371,1676676866945
1676676865599,1676676866977
1676676865311,1676676867017
1676676865498,1676676867137
1676676865491,1676676867173
1676676866147,1676676867205
1676676865191,1676676867261
1676676865743,1676676867325
1676676866031,1676676867397
1676676865891,1676676867405
1676676865519,1676676867617
1676676865919,1676676867677
1676676865643,1676676867765
1676676866435,1676676867825
1676676865862,1676676867849
1676676866311,1676676867913
1676676866512,1676676867957
1676676866723,1676676868041
1676676865867,1676676868053
1676676866475,1676676868085
1676676866507,1676676868101
1676676866307,1676676868185
1676676866895,1676676868189
1676676866947,1676676868333
1676676867263,1676676868357
1676676867399,1676676868405
1676676867143,1676676868445
1676676867019,1676676868489
1676676866599,1676676868493
1676676866979,1676676868585
1676676866367,1676676868593
1676676866719,1676676868713
1676676867407,1676676868721
1676676867679,1676676868737
1676676867827,1676676868833
1676676867767,1676676869033
1676676867327,1676676869033
1676676867207,1676676869089
1676676868187,1676676869125
1676676867524,1676676869189
1676676867963,1676676869247
1676676868087,1676676869352
1676676868043,1676676869397
1676676867619,1676676869397
1676676867851,1676676869425
1676676867175,1676676869445
1676676868407,1676676869548
1676676868447,1676676869565
1676676868495,1676676869733
1676676868715,1676676869753
1676676868723,1676676869785
1676676868103,1676676869814
1676676868055,1676676869949
1676676868835,1676676869973
1676676867915,1676676869989
1676676868335,1676676869997
1676676868491,1676676870001
1676676868739,1676676870153
1676676868587,1676676870177
1676676869035,1676676870193
1676676868191,1676676870269
1676676869091,1676676870297
1676676868359,1676676870352
1676676869353,1676676870425
1676676868595,1676676870449
1676676869447,1676676870477
1676676869249,1676676870577
1676676869195,1676676870601
1676676869035,1676676870683
1676676869127,1676676870765
1676676869398,1676676870849
1676676869816,1676676870877
1676676869951,1676676870981
1676676869735,1676676871149
1676676869427,1676676871177
1676676869991,1676676871241
1676676869755,1676676871253
1676676869567,1676676871309
1676676870155,1676676871325
1676676869550,1676676871353
1676676869975,1676676871357
1676676869999,1676676871389
1676676869399,1676676871390
1676676869787,1676676871429
1676676870003,1676676871482
1676676870179,1676676871497
1676676870271,1676676871513
1676676870451,1676676871565
1676676869544,1676676871690
1676676870195,1676676871805
1676676870768,1676676871865
1676676870603,1676676871897
1676676870684,1676676871969
1676676870354,1676676871981
1676676870579,1676676872009
1676676870299,1676676872065
1676676870427,1676676872113
1676676870479,1676676872205
1676676870851,1676676872301
1676676870879,1676676872385
1676676871327,1676676872458
1676676871311,1676676872517
1676676871359,1676676872537
1676676871391,1676676872569
1676676871179,1676676872601
1676676871393,1676676872601
1676676870983,1676676872661
1676676871499,1676676872905
1676676871243,1676676872969
1676676870559,1676676872993
1676676871255,1676676873029
1676676871867,1676676873089
1676676871484,1676676873213
1676676871567,1676676873237
1676676871151,1676676873265
1676676871355,1676676873274
1676676871431,1676676873309
1676676872115,1676676873321
1676676871807,1676676873381
1676676871515,1676676873389
1676676871573,1676676873458
1676676871983,1676676873529
1676676871900,1676676873626
1676676872207,1676676873626
1676676872011,1676676873673
1676676872303,1676676873781
1676676872571,1676676873829
1676676871695,1676676873861
1676676872663,1676676873885
1676676872387,1676676873905
1676676872460,1676676873929
1676676871971,1676676873961
1676676872603,1676676874005
1676676873215,1676676874173
1676676872907,1676676874177
1676676872539,1676676874309
1676676872067,1676676874323
1676676873531,1676676874401
1676676873276,1676676874505
1676676872999,1676676874533
1676676872519,1676676874546
1676676873091,1676676874569
1676676872603,1676676874608
1676676873031,1676676874621
1676676873239,1676676874649
1676676873311,1676676874677
1676676873383,1676676874716
1676676873887,1676676874801
1676676873267,1676676874853
1676676873589,1676676874889
1676676873831,1676676874941
1676676873628,1676676875021
1676676872972,1676676875069
1676676873931,1676676875105
1676676873675,1676676875129
1676676873863,1676676875165
1676676873628,1676676875205
1676676874179,1676676875225
1676676874175,1676676875326
1676676874571,1676676875441
1676676874007,1676676875465
1676676873963,1676676875481
1676676873391,1676676875520
1676676873783,1676676875569
1676676874403,1676676875605
1676676874507,1676676875621
1676676873322,1676676875645
1676676873463,1676676875685
1676676873907,1676676875729
1676676874311,1676676875749
1676676874623,1676676875817
1676676874535,1676676875841
1676676874855,1676676875889
1676676874325,1676676875913
1676676874651,1676676875925
1676676874604,1676676876025
1676676874717,1676676876033
1676676875071,1676676876097
1676676875108,1676676876129
1676676875207,1676676876205
1676676874549,1676676876208
1676676874802,1676676876221
1676676874894,1676676876225
1676676875131,1676676876241
1676676874943,1676676876393
1676676875607,1676676876493
1676676874679,1676676876505
1676676875227,1676676876541
1676676875328,1676676876573
1676676875167,1676676876581
1676676875483,1676676876589
1676676874609,1676676876598
1676676875443,1676676876705
1676676875646,1676676876789
1676676875571,1676676876817
1676676875751,1676676876821
1676676875687,1676676876885
1676676875023,1676676876989
1676676875522,1676676877001
1676676875819,1676676877053
1676676876031,1676676877085
1676676875915,1676676877105
1676676875618,1676676877185
1676676876227,1676676877277
1676676875891,1676676877297
1676676875843,1676676877321
1676676876131,1676676877437
1676676875927,1676676877509
1676676876099,1676676877573
1676676875730,1676676877621
1676676875467,1676676877634
1676676876495,1676676877761
1676676876243,1676676877841
1676676876600,1676676877861
1676676877087,1676676877897
1676676876208,1676676877909
1676676876575,1676676877973
1676676875623,1676676878037
1676676876210,1676676878061
1676676876791,1676676878069
1676676876395,1676676878081
1676676876591,1676676878193
1676676876583,1676676878193
1676676876707,1676676878205
1676676876223,1676676878233
1676676876991,1676676878249
1676676876543,1676676878265
1676676876035,1676676878313
1676676876507,1676676878357
1676676876819,1676676878381
1676676877511,1676676878429
1676676876823,1676676878457
1676676877107,1676676878473
1676676877323,1676676878489
1676676877003,1676676878513
1676676877191,1676676878549
1676676876887,1676676878581
1676676877055,1676676878673
1676676877299,1676676878698
1676676877279,1676676878721
1676676877636,1676676878765
1676676877439,1676676878825
1676676877623,1676676878849
1676676877975,1676676879009
1676676878039,1676676879173
1676676877576,1676676879249
1676676877843,1676676879341
1676676877763,1676676879489
1676676877639,1676676879521
1676676878431,1676676879589
1676676878583,1676676879665
1676676877911,1676676879693
1676676878195,1676676879733
1676676878315,1676676879769
1676676877863,1676676879781
1676676878475,1676676879857
1676676878515,1676676879921
1676676878251,1676676879937
1676676878235,1676676880057
1676676878851,1676676880069
1676676878491,1676676880129
1676676878551,1676676880129
1676676878063,1676676880149
1676676878675,1676676880153
1676676878459,1676676880225
1676676877899,1676676880229
1676676878723,1676676880321
1676676878195,1676676880325
1676676878207,1676676880361
1676676878359,1676676880493
1676676878827,1676676880533
1676676879011,1676676880578
1676676878383,1676676880594
1676676878767,1676676880609
1676676878071,1676676880633
1676676878267,1676676880673
1676676878655,1676676880669
1676676879343,1676676880701
1676676878083,1676676880713
1676676879251,1676676880769
1676676879859,1676676880781
1676676879175,1676676880813
1676676879527,1676676880877
1676676879923,1676676880889
1676676879939,1676676880901
1676676879591,1676676881025
1676676879669,1676676881057
1676676880059,1676676881101
1676676878700,1676676881119
1676676879771,1676676881169
1676676879735,1676676881209
1676676879667,1676676881261
1676676880131,1676676881321
1676676879695,1676676881425
1676676880232,1676676881505
1676676880227,1676676881509
1676676880327,1676676881509
1676676880131,1676676881536
1676676879783,1676676881617
1676676880071,1676676881625
1676676880580,1676676881737
1676676879491,1676676881769
1676676880151,1676676881777
1676676880155,1676676881785
1676676880323,1676676881857
1676676880675,1676676881891
1676676880535,1676676881893
1676676880363,1676676881897
1676676881121,1676676881997
1676676880596,1676676882013
1676676880611,1676676882028
1676676880771,1676676882129
1676676880703,1676676882161
1676676880635,1676676882204
1676676880879,1676676882309
1676676880783,1676676882317
1676676880688,1676676882337
1676676880815,1676676882373
1676676880891,1676676882409
1676676880715,1676676882409
1676676881538,1676676882429
1676676880495,1676676882481
1676676881427,1676676882513
1676676881263,1676676882517
1676676880903,1676676882545
1676676881323,1676676882601
1676676880675,1676676882677
1676676881507,1676676882757
1676676881211,1676676882817
1676676881627,1676676882837
1676676881511,1676676882901
1676676881171,1676676882942
1676676881619,1676676882949
1676676881899,1676676883025
1676676881027,1676676883049
1676676881860,1676676883053
1676676881771,1676676883157
1676676881103,1676676883185
1676676881739,1676676883205
1676676881787,1676676883227
1676676881511,1676676883353
1676676882375,1676676883377
1676676881062,1676676883413
1676676882411,1676676883517
1676676882162,1676676883529
1676676882483,1676676883585
1676676882411,1676676883761
1676676882030,1676676883765
1676676882547,1676676883797
1676676882519,1676676883873
1676676881779,1676676883945
1676676881894,1676676883973
1676676882431,1676676884001
1676676881895,1676676884025
1676676882311,1676676884049
1676676882015,1676676884085
1676676882343,1676676884145
1676676882206,1676676884261
1676676882131,1676676884273
1676676882699,1676676884293
1676676882678,1676676884321
1676676882319,1676676884409
1676676882951,1676676884441
1676676883229,1676676884485
1676676882759,1676676884485
1676676882903,1676676884485
1676676883187,1676676884505
1676676883055,1676676884521
1676676881998,1676676884521
1676676882819,1676676884597
1676676882515,1676676884605
1676676882943,1676676884653
1676676883379,1676676884689
1676676882603,1676676884701
1676676883051,1676676884729
1676676883027,1676676884792
1676676883799,1676676884897
1676676882839,1676676884913
1676676884051,1676676884929
1676676883159,1676676885013
1676676883763,1676676885035
1676676883519,1676676885053
1676676883416,1676676885057
1676676883715,1676676885089
1676676884003,1676676885173
1676676883767,1676676885217
1676676883875,1676676885238
1676676884148,1676676885257
1676676883947,1676676885269
1676676884087,1676676885273
1676676884263,1676676885321
1676676883975,1676676885393
1676676884411,1676676885473
1676676883207,1676676885526
1676676884027,1676676885605
1676676884487,1676676885637
1676676883531,1676676885653
1676676883587,1676676885717
1676676884507,1676676885741
1676676883355,1676676885809
1676676884487,1676676885865
1676676884323,1676676885913
1676676884275,1676676885945
1676676884599,1676676886009
1676676884523,1676676886069
1676676884442,1676676886097
1676676884655,1676676886149
1676676884487,1676676886169
1676676884523,1676676886189
1676676884731,1676676886205
1676676884703,1676676886213
1676676884729,1676676886221
1676676885037,1676676886265
1676676885055,1676676886437
1676676885175,1676676886493
1676676885275,1676676886493
1676676884691,1676676886509
1676676885015,1676676886533
1676676884793,1676676886541
1676676885219,1676676886561
1676676884607,1676676886569
1676676884899,1676676886633
1676676885395,1676676886645
1676676885529,1676676886744
1676676885240,1676676886745
1676676885095,1676676886749
1676676885475,1676676886750
1676676885059,1676676886873
1676676884931,1676676886881
1676676885639,1676676886901
1676676885259,1676676886905
1676676884915,1676676886925
1676676885607,1676676886941
1676676885867,1676676887053
1676676885271,1676676887089
1676676884298,1676676887089
1676676885323,1676676887101
1676676885811,1676676887113
1676676885915,1676676887249
1676676886171,1676676887277
1676676886571,1676676887313
1676676886267,1676676887333
1676676885655,1676676887369
1676676886011,1676676887377
1676676886215,1676676887377
1676676885743,1676676887405
1676676885719,1676676887433
1676676886071,1676676887437
1676676886151,1676676887461
1676676886227,1676676887502
1676676886563,1676676887557
1676676886207,1676676887617
1676676886439,1676676887673
1676676886191,1676676887677
1676676886511,1676676887697
1676676886543,1676676887705
1676676886746,1676676887749
1676676886635,1676676887921
1676676886875,1676676887969
1676676886747,1676676888005
1676676886746,1676676888109
1676676886099,1676676888113
1676676886751,1676676888141
1676676886495,1676676888149
1676676886647,1676676888185
1676676886944,1676676888221
1676676886495,1676676888265
1676676886907,1676676888281
1676676886883,1676676888321
1676676887091,1676676888347
1676676887278,1676676888349
1676676887091,1676676888377
1676676886927,1676676888389
1676676885947,1676676888449
1676676886535,1676676888457
1676676887103,1676676888569
1676676887463,1676676888585
1676676887315,1676676888601
1676676887335,1676676888645
1676676886752,1676676888713
1676676887055,1676676888719
1676676887379,1676676888729
1676676887504,1676676888821
1676676887407,1676676888857
1676676887250,1676676888933
1676676887435,1676676888945
1676676886903,1676676888989
1676676887115,1676676889006
1676676887371,1676676889037
1676676887751,1676676889093
1676676888115,1676676889105
1676676887760,1676676889121
1676676887559,1676676889185
1676676887439,1676676889193
1676676888006,1676676889281
1676676887679,1676676889285
1676676887971,1676676889325
1676676888323,1676676889341
1676676888187,1676676889389
1676676887379,1676676889425
1676676887699,1676676889513
1676676887923,1676676889529
1676676888114,1676676889545
1676676888267,1676676889589
1676676888283,1676676889605
1676676887707,1676676889661
1676676888451,1676676889689
1676676888223,1676676889821
1676676887619,1676676889833
1676676888348,1676676889837
1676676888151,1676676889844
1676676888143,1676676889849
1676676888379,1676676889853
1676676888571,1676676889921
1676676888587,1676676890009
1676676888603,1676676890061
1676676888731,1676676890085
1676676888647,1676676890146
1676676888459,1676676890169
1676676888715,1676676890173
1676676888351,1676676890185
1676676889127,1676676890229
1676676887675,1676676890245
1676676888777,1676676890293
1676676888720,1676676890309
1676676889343,1676676890381
1676676888947,1676676890409
1676676889107,1676676890409
1676676888823,1676676890433
1676676888935,1676676890525
1676676889327,1676676890541
1676676889187,1676676890553
1676676888859,1676676890577
1676676889007,1676676890578
1676676889287,1676676890589
1676676889591,1676676890653
1676676889607,1676676890669
1676676888991,1676676890805
1676676889427,1676676890821
1676676888391,1676676890833
1676676889095,1676676890845
1676676889515,1676676890853
1676676889195,1676676890861
1676676889547,1676676890890
1676676889040,1676676890897
1676676890087,1676676890961
1676676889834,1676676890997
1676676889846,1676676891001
1676676889391,1676676891021
1676676890063,1676676891125
1676676889531,1676676891157
1676676889823,1676676891169
1676676889851,1676676891177
1676676889283,1676676891189
1676676890171,1676676891313
1676676889839,1676676891333
1676676890299,1676676891357
1676676889855,1676676891377
1676676890247,1676676891381
1676676890311,1676676891449
1676676890232,1676676891465
1676676890148,1676676891473
1676676890187,1676676891653
1676676890383,1676676891673
1676676889923,1676676891721
1676676890543,1676676891721
1676676890671,1676676891745
1676676889663,1676676891813
1676676890580,1676676891865
1676676890655,1676676891949
1676676890579,1676676891973
1676676890822,1676676891981
1676676890435,1676676891981
1676676890175,1676676892025
1676676890011,1676676892033
1676676890999,1676676892057
1676676890527,1676676892105
1676676890591,1676676892145
1676676890411,1676676892161
1676676889691,1676676892181
1676676890807,1676676892225
1676676891003,1676676892225
1676676891127,1676676892237
1676676891023,1676676892273
1676676890899,1676676892293
1676676891171,1676676892345
1676676890855,1676676892368
1676676891191,1676676892401
1676676890411,1676676892402
1676676890892,1676676892405
1676676890835,1676676892409
1676676890963,1676676892469
1676676890555,1676676892489
1676676890847,1676676892521
1676676890794,1676676892561
1676676890863,1676676892605
1676676891383,1676676892665
1676676891159,1676676892737
1676676891723,1676676892765
1676676891475,1676676892773
1676676891335,1676676892789
1676676891379,1676676892805
1676676891451,1676676892818
1676676891315,1676676892889
1676676891359,1676676892909
1676676891723,1676676892949
1676676891179,1676676893001
1676676892107,1676676893073
1676676891655,1676676893097
1676676891812,1676676893145
1676676891467,1676676893232
1676676892059,1676676893257
1676676891675,1676676893405
1676676891983,1676676893405
1676676891951,1676676893429
1676676891867,1676676893449
1676676891975,1676676893449
1676676892369,1676676893477
1676676892227,1676676893499
1676676892183,1676676893501
1676676892567,1676676893565
1676676892275,1676676893605
1676676892407,1676676893617
1676676892163,1676676893629
1676676891748,1676676893701
1676676891815,1676676893753
1676676891983,1676676893789
1676676892239,1676676893789
1676676892295,1676676893805
1676676892027,1676676893840
1676676892819,1676676893893
1676676892767,1676676893921
1676676892667,1676676893933
1676676892807,1676676893974
1676676892147,1676676893985
1676676892347,1676676893997
1676676892791,1676676893997
1676676892951,1676676894033
1676676892827,1676676894045
1676676892471,1676676894085
1676676892491,1676676894089
1676676892402,1676676894093
1676676892523,1676676894113
1676676892739,1676676894113
1676676892227,1676676894121
1676676892607,1676676894169
1676676892034,1676676894213
1676676892404,1676676894241
1676676893075,1676676894301
1676676893099,1676676894313
1676676892891,1676676894457
1676676893151,1676676894477
1676676893234,1676676894501
1676676893479,1676676894557
1676676892410,1676676894649
1676676893003,1676676894729
1676676892775,1676676894817
1676676893503,1676676894841
1676676893407,1676676894845
1676676893407,1676676894857
1676676893607,1676676894889
1676676893895,1676676894913
1676676893451,1676676894921
1676676893431,1676676894957
1676676893259,1676676894969
1676676893703,1676676894989
1676676893501,1676676894997
1676676893842,1676676895037
1676676894035,1676676895053
1676676893791,1676676895085
1676676893935,1676676895093
1676676893999,1676676895097
1676676892912,1676676895125
1676676893567,1676676895158
1676676894091,1676676895242
1676676893619,1676676895285
1676676893755,1676676895349
1676676893631,1676676895373
1676676894051,1676676895381
1676676893923,1676676895417
1676676893987,1676676895505
1676676893791,1676676895509
1676676894315,1676676895549
1676676894215,1676676895593
1676676893807,1676676895609
1676676893451,1676676895689
1676676894504,1676676895745
1676676894115,1676676895749
1676676894171,1676676895757
1676676893999,1676676895777
1676676894095,1676676895853
1676676894923,1676676895877
1676676894480,1676676895885
1676676893976,1676676895933
1676676894731,1676676895941
1676676894999,1676676895953
1676676894115,1676676895957
1676676894844,1676676895969
1676676895127,1676676895997
1676676894959,1676676896009
1676676894842,1676676896045
1676676894243,1676676896045
1676676894651,1676676896133
1676676894915,1676676896181
1676676894991,1676676896221
1676676894124,1676676896289
1676676895055,1676676896297
1676676894890,1676676896297
1676676894087,1676676896305
1676676895287,1676676896441
1676676895099,1676676896497
1676676895244,1676676896553
1676676895511,1676676896585
1676676894459,1676676896593
1676676894847,1676676896616
1676676895160,1676676896625
1676676895747,1676676896641
1676676894819,1676676896649
1676676894559,1676676896749
1676676894858,1676676896757
1676676895087,1676676896797
1676676895039,1676676896833
1676676895595,1676676896925
1676676895095,1676676896949
1676676895751,1676676897041
1676676895383,1676676897045
1676676895551,1676676897065
1676676894971,1676676897077
1676676895507,1676676897093
1676676895418,1676676897097
1676676894303,1676676897125
1676676895375,1676676897133
1676676895857,1676676897143
1676676895611,1676676897265
1676676895691,1676676897281
1676676895351,1676676897317
1676676895943,1676676897317
1676676895955,1676676897329
1676676895879,1676676897349
1676676895959,1676676897357
1676676895759,1676676897377
1676676896223,1676676897461
1676676896047,1676676897485
1676676895779,1676676897501
1676676895887,1676676897509
1676676896307,1676676897513
1676676895935,1676676897525
1676676895975,1676676897533
1676676896135,1676676897601
1676676895999,1676676897629
1676676896183,1676676897645
1676676896555,1676676897657
1676676896291,1676676897669
1676676896299,1676676897685
1676676895855,1676676897789
1676676896299,1676676897793
1676676896011,1676676897809
1676676896927,1676676897813
1676676896499,1676676897825
1676676896443,1676676897841
1676676896594,1676676897853
1676676896759,1676676897873
1676676896751,1676676897885
1676676896617,1676676897957
1676676896627,1676676897965
1676676896835,1676676898005
1676676896047,1676676898037
1676676896651,1676676898081
1676676896799,1676676898093
1676676896951,1676676898120
1676676896642,1676676898194
1676676897135,1676676898205
1676676897331,1676676898273
1676676897149,1676676898273
1676676897319,1676676898301
1676676897283,1676676898309
1676676897511,1676676898373
1676676896586,1676676898457
1676676897067,1676676898469
1676676897487,1676676898505
1676676897351,1676676898549
1676676897319,1676676898553
1676676897658,1676676898569
1676676897647,1676676898597
1676676897535,1676676898705
1676676897515,1676676898741
1676676897099,1676676898745
1676676897127,1676676898773
1676676897379,1676676898777
1676676897095,1676676898893
1676676897079,1676676898908
1676676897047,1676676898961
1676676897043,1676676898961
1676676897603,1676676898981
1676676897827,1676676899005
1676676897631,1676676899061
1676676898083,1676676899089
1676676897267,1676676899089
1676676897360,1676676899101
1676676897855,1676676899129
1676676897874,1676676899173
1676676897959,1676676899189
1676676897843,1676676899245
1676676897687,1676676899249
1676676897811,1676676899294
1676676897795,1676676899345
1676676897670,1676676899349
1676676897967,1676676899377
1676676898122,1676676899389
1676676898311,1676676899397
1676676897463,1676676899397
1676676897887,1676676899401
1676676898275,1676676899409
1676676898039,1676676899409
1676676898095,1676676899417
1676676898274,1676676899449
1676676898302,1676676899509
1676676897814,1676676899545
1676676898207,1676676899553
1676676897527,1676676899589
1676676898375,1676676899647
1676676897503,1676676899653
1676676897874,1676676899677
1676676898551,1676676899709
1676676898196,1676676899797
1676676897791,1676676899917
1676676898708,1676676899917
1676676898471,1676676899949
1676676898007,1676676899953
1676676898909,1676676899965
1676676898779,1676676900057
1676676898747,1676676900057
1676676898963,1676676900081
1676676898963,1676676900149
1676676898895,1676676900153
1676676899092,1676676900181
1676676899131,1676676900181
1676676898555,1676676900181
1676676898459,1676676900209
1676676899174,1676676900237
1676676898599,1676676900237
1676676898743,1676676900249
1676676898890,1676676900245
1676676899378,1676676900297
1676676899411,1676676900393
1676676898775,1676676900417
1676676899399,1676676900425
1676676898571,1676676900427
1676676899403,1676676900513
1676676899295,1676676900517
1676676899063,1676676900621
1676676899511,1676676900627
1676676899655,1676676900665
1676676899246,1676676900677
1676676899451,1676676900701
1676676899399,1676676900717
1676676899007,1676676900717
1676676898983,1676676900729
1676676899391,1676676900733
1676676899346,1676676900757
1676676899251,1676676900757
1676676899091,1676676900761
1676676899191,1676676900777
1676676899103,1676676900801
1676676899591,1676676900805
1676676899351,1676676900833
1676676899920,1676676900861
1676676899418,1676676900881
1676676899649,1676676900917
1676676898507,1676676900981
1676676899411,1676676901065
1676676899547,1676676901093
1676676899555,1676676901117
1676676899799,1676676901181
1676676899967,1676676901202
1676676899950,1676676901245
1676676899682,1676676901261
1676676900211,1676676901357
1676676900299,1676676901409
1676676900183,1676676901469
1676676899955,1676676901477
1676676900183,1676676901489
1676676900059,1676676901517
1676676900151,1676676901585
1676676900703,1676676901593
1676676900155,1676676901705
1676676900427,1676676901709
1676676900251,1676676901737
1676676900238,1676676901757
1676676900429,1676676901769
1676676900059,1676676901816
1676676900251,1676676901841
1676676900083,1676676901877
1676676900183,1676676901893
1676676900419,1676676901909
1676676899711,1676676901949
1676676900679,1676676901949
1676676899919,1676676901985
1676676900395,1676676902021
1676676900730,1676676902093
1676676900623,1676676902133
1676676900239,1676676902141
1676676900919,1676676902141
1676676900629,1676676902165
1676676900803,1676676902253
1676676900735,1676676902285
1676676900667,1676676902285
1676676900807,1676676902289
1676676900759,1676676902341
1676676900835,1676676902345
1676676900719,1676676902357
1676676900779,1676676902393
1676676901183,1676676902405
1676676901067,1676676902437
1676676900515,1676676902441
1676676900759,1676676902449
1676676900519,1676676902473
1676676901095,1676676902489
1676676900719,1676676902493
1676676901119,1676676902501
1676676900763,1676676902505
1676676900883,1676676902513
1676676901263,1676676902513
1676676901411,1676676902557
1676676900906,1676676902589
1676676901479,1676676902601
1676676901247,1676676902636
1676676901471,1676676902689
1676676901711,1676676902693
1676676900983,1676676902721
1676676900863,1676676902728
1676676901491,1676676902749
1676676901739,1676676902773
1676676901918,1676676902817
1676676901758,1676676902821
1676676901771,1676676902837
1676676901595,1676676902893
1676676901587,1676676902953
1676676902094,1676676902965
1676676901950,1676676902977
1676676901950,1676676903053
1676676901986,1676676903057
1676676901359,1676676903069
1676676901707,1676676903077
1676676902135,1676676903141
1676676901843,1676676903213
1676676901817,1676676903233
1676676901879,1676676903245
1676676901205,1676676903285
1676676902443,1676676903433
1676676901911,1676676903509
1676676902343,1676676903597
1676676902395,1676676903605
1676676902255,1676676903621
1676676901519,1676676903657
1676676902166,1676676903665
1676676902506,1676676903673
1676676902287,1676676903753
1676676902023,1676676903765
1676676902407,1676676903769
1676676902358,1676676903781
1676676902287,1676676903813
1676676902144,1676676903825
1676676901895,1676676903837
1676676902347,1676676903849
1676676902494,1676676903885
1676676902144,1676676903920
1676676902729,1676676903921
1676676902474,1676676903941
1676676902823,1676676903941
1676676902895,1676676903973
1676676902451,1676676904033
1676676902638,1676676904053
1676676902559,1676676904069
1676676902967,1676676904073
1676676902291,1676676904117
1676676902515,1676676904141
1676676903071,1676676904177
1676676903143,1676676904193
1676676902502,1676676904233
1676676902694,1676676904237
1676676902774,1676676904287
1676676902723,1676676904297
1676676902822,1676676904313
1676676902838,1676676904321
1676676903235,1676676904365
1676676902691,1676676904366
1676676902979,1676676904433
1676676902490,1676676904445
1676676902954,1676676904457
1676676902438,1676676904497
1676676902750,1676676904542
1676676903055,1676676904581
1676676902602,1676676904589
1676676902514,1676676904645
1676676903215,1676676904649
1676676903755,1676676904657
1676676903247,1676676904661
1676676903287,1676676904717
1676676902594,1676676904741
1676676903623,1676676904774
1676676903079,1676676904801
1676676903059,1676676904837
1676676904075,1676676904933
1676676903827,1676676904941
1676676903851,1676676905061
1676676903607,1676676905081
1676676904071,1676676905105
1676676903435,1676676905169
1676676903922,1676676905181
1676676903599,1676676905205
1676676904034,1676676905209
1676676903675,1676676905229
1676676903659,1676676905249
1676676904119,1676676905268
1676676903667,1676676905269
1676676903943,1676676905289
1676676904143,1676676905297
1676676903975,1676676905305
1676676903767,1676676905341
1676676904055,1676676905385
1676676903943,1676676905429
1676676903887,1676676905454
1676676903511,1676676905461
1676676904459,1676676905463
1676676903937,1676676905481
1676676903815,1676676905489
1676676904315,1676676905493
1676676904179,1676676905545
1676676903839,1676676905549
1676676904591,1676676905557
1676676904289,1676676905589
1676676903923,1676676905597
1676676903771,1676676905613
1676676904239,1676676905633
1676676904299,1676676905709
1676676904719,1676676905753
1676676904447,1676676905817
1676676904235,1676676905873
1676676904499,1676676905877
1676676904195,1676676905887
1676676904659,1676676905893
1676676903783,1676676905909
1676676904368,1676676905936
1676676904651,1676676905937
1676676904647,1676676905993
1676676904583,1676676906045
1676676904435,1676676906049
1676676905291,1676676906109
1676676904776,1676676906117
1676676904323,1676676906138
1676676905171,1676676906185
1676676904838,1676676906193
1676676904367,1676676906229
1676676905183,1676676906257
1676676904943,1676676906273
1676676905343,1676676906281
1676676904802,1676676906321
1676676904935,1676676906326
1676676904663,1676676906425
1676676904743,1676676906466
1676676905231,1676676906537
1676676904544,1676676906557
1676676905547,1676676906569
1676676905107,1676676906625
1676676905063,1676676906681
1676676905599,1676676906709
1676676905207,1676676906737
1676676905299,1676676906805
1676676905487,1676676906829
1676676905559,1676676906841
1676676905387,1676676906845
1676676905251,1676676906865
1676676905465,1676676906873
1676676905463,1676676906885
1676676905495,1676676906917
1676676905591,1676676906932
1676676905307,1676676906973
1676676905819,1676676907017
1676676905551,1676676907057
1676676905875,1676676907105
1676676905083,1676676907141
1676676905958,1676676907162
1676676905270,1676676907169
1676676906111,1676676907201
1676676905211,1676676907229
1676676905491,1676676907237
1676676905635,1676676907257
1676676905456,1676676907257
1676676905711,1676676907285
1676676906140,1676676907285
1676676905879,1676676907305
1676676905431,1676676907385
1676676906047,1676676907389
1676676905939,1676676907389
1676676906187,1676676907441
1676676905895,1676676907453
1676676906283,1676676907453
1676676905911,1676676907521
1676676905615,1676676907528
1676676906119,1676676907533
1676676905271,1676676907557
1676676906051,1676676907577
1676676906231,1676676907629
1676676906275,1676676907633
1676676906559,1676676907638
1676676906538,1676676907645
1676676906259,1676676907709
1676676905755,1676676907729
1676676905889,1676676907753
1676676906328,1676676907809
1676676906571,1676676907821
1676676905938,1676676907837
1676676906919,1676676907865
1676676906627,1676676907889
1676676906831,1676676907893
1676676905994,1676676907905
1676676906867,1676676907941
1676676906323,1676676907957
1676676906195,1676676907957
1676676906467,1676676907989
1676676906739,1676676908005
1676676906875,1676676908083
1676676906683,1676676908089
1676676906807,1676676908101
1676676907018,1676676908141
1676676906427,1676676908169
1676676907287,1676676908189
1676676907143,1676676908201
1676676907259,1676676908213
1676676907203,1676676908257
1676676906711,1676676908325
1676676906934,1676676908415
1676676907167,1676676908417
1676676907287,1676676908473
1676676906887,1676676908477
1676676907307,1676676908529
1676676906975,1676676908573
1676676907559,1676676908601
1676676907387,1676676908629
1676676907107,1676676908641
1676676907391,1676676908657
1676676907259,1676676908669
1676676907231,1676676908697
1676676907535,1676676908721
1676676907455,1676676908737
1676676906843,1676676908749
1676676907530,1676676908773
1676676907640,1676676908777
1676676907523,1676676908809
1676676907171,1676676908833
1676676907579,1676676908869
1676676907631,1676676908905
1676676906847,1676676908905
1676676907390,1676676908945
1676676907647,1676676908969
1676676907635,1676676908973
1676676907755,1676676909013
1676676908142,1676676909089
1676676907990,1676676909101
1676676907811,1676676909169
1676676907731,1676676909169
1676676907240,1676676909173
1676676908103,1676676909245
1676676908191,1676676909249
1676676908084,1676676909249
1676676908171,1676676909249
1676676907059,1676676909301
1676676908259,1676676909325
1676676908214,1676676909341
1676676907977,1676676909413
1676676907711,1676676909477
1676676907959,1676676909477
1676676908007,1676676909493
1676676907443,1676676909509
1676676907824,1676676909541
1676676908475,1676676909541
1676676907891,1676676909545
1676676907895,1676676909578
1676676907943,1676676909597
1676676908672,1676676909613
1676676908202,1676676909641
1676676908419,1676676909645
1676676908327,1676676909657
1676676907959,1676676909657
1676676907455,1676676909758
1676676907907,1676676909761
1676676908479,1676676909785
1676676907867,1676676909789
1676676908659,1676676909807
1676676908603,1676676909833
1676676908574,1676676909949
1676676908417,1676676909973
1676676908091,1676676909993
1676676908751,1676676910045
1676676908739,1676676910045
1676676908907,1676676910065
1676676908835,1676676910105
1676676908971,1676676910109
1676676908723,1676676910150
1676676907839,1676676910169
1676676908530,1676676910185
1676676909251,1676676910213
1676676908811,1676676910225
1676676908779,1676676910242
1676676908642,1676676910273
1676676908699,1676676910297
1676676909175,1676676910301
1676676909251,1676676910309
1676676908907,1676676910449
1676676909171,1676676910457
1676676909103,1676676910457
1676676909015,1676676910461
1676676908631,1676676910481
1676676908947,1676676910533
1676676908775,1676676910537
1676676909327,1676676910589
1676676909303,1676676910657
1676676909495,1676676910658
1676676909419,1676676910733
1676676909479,1676676910769
1676676909543,1676676910785
1676676908871,1676676910813
1676676909171,1676676910837
1676676909511,1676676910893
1676676909647,1676676910901
1676676909659,1676676910909
1676676909251,1676676910913
1676676909547,1676676910957
1676676908975,1676676910961
1676676909091,1676676910993
1676676909580,1676676910997
1676676909759,1676676911018
1676676909599,1676676911065
1676676909643,1676676911073
1676676909763,1676676911121
1676676909543,1676676911189
1676676909615,1676676911189
1676676909247,1676676911233
1676676909479,1676676911241
1676676909835,1676676911245
1676676909791,1676676911249
1676676909786,1676676911257
1676676909343,1676676911273
1676676909659,1676676911289
1676676910106,1676676911297
1676676909951,1676676911309
1676676910459,1676676911385
1676676910303,1676676911405
1676676910187,1676676911425
1676676909995,1676676911429
1676676909809,1676676911449
1676676910215,1676676911473
1676676910275,1676676911505
1676676910299,1676676911509
1676676910111,1676676911521
1676676910311,1676676911571
1676676910152,1676676911593
1676676910451,1676676911597
1676676910066,1676676911641
1676676910787,1676676911665
1676676910171,1676676911693
1676676910659,1676676911717
1676676910047,1676676911745
1676676910539,1676676911765
1676676910591,1676676911789
1676676909975,1676676911835
1676676910245,1676676911837
1676676910047,1676676911881
1676676909996,1676676911885
1676676910535,1676676911937
1676676910963,1676676911953
1676676910735,1676676911997
1676676910903,1676676912012
1676676910895,1676676912029
1676676910459,1676676912065
1676676910915,1676676912133
1676676910463,1676676912153
1676676910483,1676676912164
1676676910227,1676676912181
1676676911251,1676676912225
1676676910660,1676676912237
1676676911243,1676676912261
1676676910839,1676676912349
1676676910959,1676676912353
1676676911066,1676676912429
1676676911123,1676676912489
1676676910999,1676676912512
1676676911020,1676676912598
1676676911191,1676676912609
1676676911075,1676676912625
1676676910771,1676676912625
1676676911247,1676676912637
1676676911235,1676676912637
1676676911259,1676676912649
1676676911427,1676676912681
1676676911311,1676676912693
1676676911191,1676676912705
1676676911667,1676676912761
1676676911451,1676676912789
1676676911598,1676676912793
1676676911387,1676676912805
1676676910995,1676676912845
1676676911275,1676676912853
1676676911767,1676676912885
1676676911507,1676676912905
1676676911432,1676676912961
1676676911291,1676676913017
1676676912013,1676676913033
1676676911573,1676676913043
1676676911511,1676676913057
1676676910815,1676676913057
1676676911883,1676676913065
1676676911299,1676676913073
1676676912134,1676676913165
1676676911475,1676676913169
1676676911643,1676676913197
1676676910911,1676676913233
1676676911836,1676676913241
1676676911407,1676676913269
1676676912227,1676676913281
1676676911839,1676676913285
1676676911719,1676676913297
1676676911595,1676676913417
1676676912014,1676676913421
1676676911747,1676676913445
1676676912067,1676676913485
1676676912183,1676676913537
1676676911695,1676676913556
1676676911791,1676676913605
1676676912351,1676676913605
1676676911999,1676676913605
1676676912431,1676676913649
1676676912695,1676676913661
1676676911939,1676676913681
1676676911890,1676676913689
1676676911523,1676676913713
1676676912030,1676676913717
1676676912166,1676676913717
1676676912854,1676676913749
1676676912155,1676676913753
1676676912491,1676676913765
1676676912514,1676676913805
1676676912611,1676676913837
1676676912651,1676676913849
1676676912790,1676676913857
1676676911955,1676676913877
1676676912600,1676676913885
1676676912639,1676676913917
1676676912846,1676676913929
1676676912355,1676676913953
1676676912627,1676676913981
1676676912239,1676676913981
1676676913171,1676676914001
1676676912763,1676676914041
1676676912639,1676676914081
1676676912263,1676676914132
1676676913067,1676676914193
1676676912807,1676676914213
1676676913074,1676676914229
1676676912795,1676676914249
1676676913283,1676676914309
1676676913235,1676676914325
1676676913199,1676676914341
1676676912627,1676676914345
1676676912707,1676676914369
1676676913423,1676676914369
1676676912907,1676676914377
1676676913058,1676676914413
1676676912963,1676676914429
1676676913019,1676676914465
1676676913299,1676676914493
1676676913038,1676676914505
1676676913607,1676676914533
1676676913419,1676676914537
1676676912683,1676676914557
1676676912887,1676676914597
1676676913691,1676676914645
1676676913287,1676676914761
1676676913167,1676676914763
1676676913755,1676676914785
1676676913271,1676676914813
1676676913243,1676676914813
1676676913751,1676676914868
1676676913044,1676676914901
1676676913715,1676676914917
1676676913059,1676676914941
1676676913719,1676676914973
1676676914083,1676676914985
1676676913608,1676676914994
1676676913955,1676676914997
1676676914230,1676676915045
1676676913851,1676676915089
1676676913807,1676676915121
1676676913607,1676676915124
1676676913447,1676676915161
1676676913487,1676676915173
1676676913767,1676676915177
1676676913859,1676676915317
1676676913683,1676676915317
1676676913663,1676676915337
1676676914215,1676676915374
1676676913839,1676676915381
1676676913651,1676676915397
1676676914133,1676676915465
1676676913887,1676676915469
1676676914371,1676676915501
1676676914343,1676676915509
1676676913879,1676676915521
1676676913919,1676676915529
1676676914467,1676676915541
1676676913558,1676676915573
1676676914043,1676676915585
1676676914195,1676676915689
1676676913719,1676676915709
1676676914414,1676676915729
1676676913539,1676676915730
1676676914815,1676676915789
1676676914003,1676676915798
1676676914431,1676676915821
1676676914371,1676676915909
1676676913983,1676676915973
1676676914346,1676676915997
1676676914251,1676676916069
1676676914495,1676676916073
1676676914599,1676676916085
1676676914647,1676676916089
1676676914559,1676676916101
1676676913983,1676676916121
1676676914815,1676676916157
1676676914327,1676676916169
1676676914764,1676676916229
1676676914539,1676676916249
1676676915376,1676676916257
1676676914903,1676676916265
1676676915046,1676676916277
1676676914310,1676676916325
1676676914379,1676676916337
1676676913931,1676676916349
1676676914507,1676676916381
1676676914765,1676676916409
1676676915036,1676676916417
1676676914535,1676676916446
1676676915175,1676676916481
1676676914943,1676676916489
1676676914870,1676676916545
1676676914919,1676676916561
1676676914987,1676676916605
1676676915123,1676676916621
1676676915125,1676676916629
1676676915503,1676676916629
1676676914975,1676676916645
1676676915399,1676676916669
1676676915543,1676676916761
1676676915471,1676676916773
1676676915523,1676676916833
1676676915691,1676676916877
1676676915511,1676676916937
1676676915383,1676676916941
1676676915091,1676676916957
1676676915319,1676676916961
1676676915823,1676676916969
1676676915467,1676676917001
1676676914787,1676676917029
1676676915800,1676676917053
1676676915575,1676676917069
1676676915163,1676676917093
1676676914996,1676676917101
1676676916411,1676676917109
1676676914999,1676676917113
1676676915339,1676676917153
1676676915319,1676676917165
1676676915179,1676676917217
1676676915999,1676676917268
1676676915732,1676676917269
1676676916279,1676676917341
1676676916267,1676676917345
1676676915587,1676676917373
1676676916091,1676676917393
1676676915791,1676676917441
1676676915911,1676676917509
1676676916351,1676676917561
1676676915711,1676676917597
1676676915731,1676676917621
1676676916071,1676676917621
1676676915975,1676676917669
1676676916327,1676676917737
1676676916102,1676676917737
1676676916647,1676676917781
1676676916491,1676676917861
1676676916171,1676676917925
1676676916631,1676676917929
1676676916159,1676676917933
1676676916448,1676676917961
1676676916075,1676676917972
1676676916879,1676676917975
1676676916383,1676676918017
1676676916484,1676676918029
1676676916763,1676676918037
1676676916563,1676676918065
1676676916607,1676676918073
1676676916547,1676676918077
1676676916231,1676676918093
1676676916339,1676676918093
1676676916423,1676676918093
1676676916122,1676676918145
1676676915531,1676676918169
1676676916959,1676676918201
1676676916251,1676676918229
1676676916087,1676676918233
1676676916260,1676676918277
1676676916971,1676676918277
1676676916943,1676676918333
1676676916631,1676676918345
1676676916775,1676676918349
1676676917115,1676676918385
1676676916835,1676676918453
1676676916963,1676676918469
1676676917031,1676676918545
1676676917103,1676676918569
1676676917395,1676676918601
1676676916939,1676676918629
1676676917094,1676676918673
1676676917110,1676676918693
1676676917599,1676676918721
1676676916623,1676676918737
1676676917155,1676676918769
1676676917167,1676676918817
1676676917863,1676676918833
1676676917003,1676676918861
1676676917270,1676676918893
1676676917623,1676676918905
1676676917343,1676676918937
1676676917623,1676676918972
1676676917270,1676676918989
1676676917347,1676676918989
1676676916671,1676676919005
1676676917375,1676676919033
1676676917443,1676676919069
1676676917935,1676676919089
1676676917218,1676676919093
1676676917563,1676676919121
1676676917739,1676676919137
1676676917963,1676676919149
1676676918019,1676676919153
1676676917672,1676676919189
1676676917055,1676676919213
1676676917070,1676676919257
1676676917511,1676676919257
1676676917977,1676676919277
1676676917931,1676676919349
1676676917927,1676676919369
1676676918095,1676676919369
1676676918171,1676676919385
1676676918079,1676676919441
1676676918095,1676676919481
1676676917739,1676676919485
1676676917974,1676676919565
1676676918031,1676676919577
1676676918056,1676676919577
1676676918203,1676676919608
1676676918347,1676676919609
1676676918075,1676676919621
1676676918235,1676676919629
1676676918280,1676676919629
1676676918455,1676676919630
1676676918094,1676676919649
1676676918231,1676676919657
1676676918279,1676676919673
1676676918471,1676676919673
1676676918039,1676676919729
1676676918067,1676676919753
1676676918819,1676676919773
1676676918739,1676676919797
1676676918603,1676676919844
1676676918147,1676676919861
1676676918895,1676676919869
1676676919007,1676676919969
1676676918571,1676676919978
1676676918335,1676676919993
1676676918974,1676676920009
1676676917784,1676676920053
1676676918695,1676676920065
1676676918938,1676676920141
1676676918907,1676676920201
1676676918862,1676676920205
1676676918675,1676676920205
1676676919215,1676676920245
1676676918990,1676676920273
1676676919071,1676676920297
1676676918547,1676676920313
1676676918770,1676676920337
1676676918351,1676676920349
1676676918631,1676676920361
1676676919191,1676676920369
1676676918387,1676676920406
1676676919091,1676676920449
1676676919259,1676676920465
1676676918990,1676676920469
1676676918835,1676676920481
1676676919259,1676676920533
1676676919371,1676676920541
1676676919139,1676676920545
1676676918723,1676676920728
1676676919155,1676676920765
1676676919659,1676676920797
1676676919846,1676676920821
1676676919633,1676676920841
1676676919443,1676676920877
1676676919095,1676676920909
1676676919150,1676676920941
1676676919279,1676676920945
1676676919387,1676676920953
1676676919371,1676676920965
1676676919675,1676676920969
1676676919579,1676676920997
1676676919610,1676676921069
1676676919483,1676676921085
1676676919631,1676676921170
1676676919034,1676676921185
1676676919583,1676676921189
1676676919995,1676676921213
1676676919487,1676676921245
1676676919351,1676676921249
1676676919863,1676676921253
1676676919623,1676676921253
1676676919871,1676676921253
1676676919651,1676676921289
1676676919731,1676676921290
1676676919567,1676676921301
1676676919775,1676676921365
1676676920351,1676676921381
1676676919611,1676676921389
1676676919631,1676676921393
1676676919674,1676676921401
1676676920055,1676676921429
1676676920202,1676676921457
1676676920371,1676676921465
1676676920067,1676676921509
1676676920011,1676676921521
1676676920275,1676676921569
1676676919980,1676676921629
1676676919798,1676676921633
1676676919754,1676676921689
1676676919971,1676676921690
1676676920315,1676676921709
1676676920299,1676676921749
1676676919122,1676676921765
1676676920247,1676676921781
1676676920143,1676676921817
1676676920547,1676676921829
1676676920451,1676676921837
1676676920363,1676676921881
1676676920471,1676676921885
1676676920823,1676676921909
1676676920730,1676676921945
1676676920408,1676676921949
1676676920967,1676676921949
1676676920339,1676676921993
1676676920971,1676676921993
1676676920207,1676676922037
1676676920535,1676676922165
1676676920483,1676676922169
1676676921251,1676676922232
1676676920767,1676676922277
1676676920879,1676676922298
1676676920207,1676676922313
1676676920999,1676676922321
1676676921255,1676676922341
1676676920543,1676676922341
1676676920799,1676676922349
1676676921191,1676676922417
1676676920955,1676676922429
1676676921215,1676676922437
1676676921291,1676676922489
1676676920943,1676676922525
1676676921071,1676676922533
1676676920467,1676676922548
1676676920911,1676676922561
1676676921383,1676676922589
1676676921291,1676676922605
1676676921467,1676676922641
1676676920843,1676676922641
1676676921087,1676676922649
1676676920947,1676676922693
1676676921367,1676676922733
1676676921187,1676676922747
1676676921255,1676676922765
1676676921431,1676676922785
1676676921459,1676676922793
1676676921751,1676676922817
1676676921403,1676676922853
1676676921911,1676676922885
1676676921303,1676676922917
1676676921632,1676676922965
1676676921711,1676676922981
1676676921839,1676676923009
1676676921692,1676676923029
1676676921172,1676676923069
1676676921395,1676676923085
1676676921767,1676676923133
1676676921819,1676676923173
1676676921391,1676676923181
1676676921887,1676676923197
1676676922039,1676676923205
1676676921511,1676676923229
1676676922315,1676676923245
1676676921523,1676676923245
1676676921571,1676676923273
1676676921995,1676676923288
1676676922279,1676676923293
1676676921255,1676676923309
1676676922171,1676676923321
1676676922300,1676676923329
1676676921783,1676676923385
1676676921247,1676676923425
1676676922343,1676676923429
1676676922166,1676676923441
1676676921883,1676676923497
1676676921635,1676676923517
1676676921947,1676676923545
1676676921691,1676676923561
1676676921951,1676676923573
1676676922526,1676676923585
1676676922431,1676676923605
1676676922695,1676676923741
1676676922419,1676676923769
1676676922591,1676676923793
1676676922819,1676676923801
1676676922342,1676676923813
1676676922322,1676676923877
1676676922550,1676676923881
1676676922643,1676676923917
1676676922967,1676676923949
1676676922643,1676676924009
1676676921830,1676676924021
1676676923011,1676676924069
1676676922767,1676676924105
1676676921951,1676676924105
1676676922562,1676676924145
1676676922351,1676676924149
1676676923031,1676676924158
1676676922534,1676676924165
1676676922651,1676676924201
1676676921995,1676676924201
1676676923071,1676676924229
1676676922749,1676676924269
1676676922855,1676676924301
1676676922795,1676676924317
1676676922787,1676676924325
1676676922735,1676676924333
1676676922234,1676676924361
1676676922439,1676676924377
1676676923199,1676676924413
1676676923134,1676676924477
1676676922606,1676676924489
1676676923290,1676676924497
1676676923295,1676676924533
1676676923087,1676676924557
1676676923387,1676676924569
1676676923183,1676676924577
1676676923231,1676676924581
1676676923207,1676676924593
1676676923310,1676676924621
1676676922983,1676676924621
1676676923519,1676676924625
1676676923499,1676676924697
1676676923443,1676676924709
1676676922887,1676676924709
1676676922491,1676676924727
1676676923083,1676676924726
1676676923323,1676676924745
1676676923275,1676676924745
1676676923175,1676676924752
1676676923587,1676676924753
1676676923771,1676676924797
1676676923606,1676676924806
1676676923247,1676676924849
1676676923431,1676676924989
1676676923247,1676676925009
1676676922919,1676676925033
1676676923563,1676676925037
1676676923919,1676676925041
1676676924107,1676676925049
1676676923883,1676676925061
1676676923879,1676676925089
1676676923330,1676676925089
1676676923815,1676676925189
1676676923795,1676676925221
1676676923743,1676676925241
1676676924159,1676676925277
1676676924167,1676676925305
1676676924334,1676676925329
1676676923427,1676676925332
1676676924011,1676676925333
1676676923547,1676676925353
1676676924023,1676676925385
1676676924203,1676676925409
1676676923575,1676676925465
1676676924754,1676676925561
1676676924363,1676676925569
1676676924071,1676676925653
1676676924203,1676676925669
1676676923951,1676676925677
1676676924271,1676676925689
1676676924319,1676676925690
1676676924725,1676676925705
1676676923803,1676676925705
1676676924414,1676676925741
1676676924327,1676676925745
1676676924571,1676676925757
1676676924755,1676676925761
1676676924151,1676676925789
1676676924747,1676676925797
1676676924731,1676676925841
1676676924231,1676676925933
1676676924303,1676676925953
1676676924623,1676676925989
1676676924623,1676676926021
1676676924627,1676676926057
1676676924147,1676676926069
1676676924725,1676676926089
1676676925042,1676676926094
1676676924991,1676676926097
1676676924535,1676676926117
1676676924699,1676676926153
1676676925035,1676676926161
1676676924379,1676676926169
1676676924107,1676676926205
1676676924729,1676676926209
1676676925091,1676676926233
1676676924579,1676676926237
1676676924851,1676676926245
1676676924746,1676676926285
1676676924809,1676676926312
1676676925063,1676676926321
1676676925335,1676676926381
1676676924491,1676676926425
1676676925191,1676676926441
1676676925051,1676676926458
1676676924799,1676676926473
1676676925091,1676676926569
1676676925011,1676676926573
1676676924583,1676676926577
1676676925243,1676676926613
1676676925223,1676676926625
1676676925279,1676676926645
1676676924499,1676676926661
1676676924595,1676676926693
1676676925355,1676676926699
1676676924479,1676676926717
1676676925307,1676676926725
1676676925563,1676676926729
1676676925843,1676676926737
1676676924559,1676676926741
1676676925331,1676676926785
1676676925411,1676676926845
1676676925655,1676676926877
1676676925791,1676676926909
1676676925707,1676676926969
1676676925991,1676676926997
1676676925334,1676676927013
1676676925671,1676676927014
1676676925763,1676676927037
1676676925692,1676676927141
1676676925747,1676676927213
1676676925759,1676676927256
1676676925039,1676676927273
1676676925571,1676676927285
1676676925691,1676676927289
1676676926071,1676676927345
1676676925467,1676676927361
1676676925935,1676676927377
1676676925387,1676676927417
1676676926235,1676676927421
1676676925799,1676676927421
1676676925955,1676676927481
1676676925679,1676676927517
1676676926443,1676676927529
1676676926059,1676676927557
1676676925744,1676676927577
1676676926171,1676676927625
1676676926701,1676676927641
1676676925707,1676676927657
1676676926096,1676676927686
1676676926615,1676676927706
1676676926314,1676676927709
1676676926155,1676676927717
1676676926287,1676676927725
1676676926091,1676676927725
1676676926323,1676676927765
1676676926427,1676676927801
1676676926575,1676676927825
1676676926786,1676676927869
1676676926099,1676676927885
1676676927016,1676676927901
1676676926119,1676676927913
1676676926460,1676676927917
1676676926383,1676676927925
1676676926023,1676676927937
1676676926239,1676676927973
1676676926207,1676676927993
1676676926627,1676676928065
1676676926847,1676676928149
1676676926878,1676676928149
1676676926247,1676676928165
1676676926571,1676676928169
1676676926163,1676676928189
1676676926663,1676676928193
1676676926211,1676676928206
1676676926719,1676676928217
1676676927015,1676676928237
1676676926578,1676676928261
1676676926738,1676676928265
1676676927143,1676676928269
1676676926647,1676676928309
1676676926910,1676676928325
1676676926695,1676676928345
1676676927275,1676676928365
1676676927291,1676676928373
1676676927039,1676676928393
1676676926971,1676676928441
1676676926475,1676676928465
1676676926999,1676676928473
1676676927347,1676676928493
1676676927215,1676676928521
1676676927423,1676676928553
1676676926730,1676676928565
1676676926742,1676676928601
1676676927419,1676676928609
1676676927423,1676676928641
1676676927379,1676676928665
1676676927687,1676676928730
1676676927711,1676676928737
1676676927559,1676676928825
1676676927519,1676676928825
1676676927286,1676676928865
1676676927708,1676676928865
1676676927803,1676676928869
1676676927643,1676676928893
1676676927719,1676676928913
1676676927728,1676676928949
1676676927258,1676676928961
1676676927727,1676676928985
1676676927531,1676676928993
1676676926726,1676676929029
1676676927483,1676676929045
1676676927939,1676676929065
1676676927915,1676676929149
1676676927927,1676676929177
1676676928067,1676676929189
1676676927659,1676676929197
1676676927871,1676676929201
1676676927903,1676676929277
1676676927767,1676676929281
1676676927827,1676676929301
1676676927995,1676676929313
1676676927364,1676676929325
1676676928271,1676676929365
1676676927627,1676676929385
1676676928190,1676676929409
1676676927887,1676676929445
1676676927579,1676676929453
1676676928367,1676676929533
1676676928166,1676676929609
1676676927919,1676676929621
1676676928267,1676676929649
1676676927975,1676676929685
1676676928468,1676676929752
1676676928151,1676676929801
1676676928731,1676676929829
1676676928311,1676676929841
1676676928151,1676676929901
1676676928443,1676676929943
1676676928475,1676676929961
1676676928375,1676676929973
1676676928603,1676676929977
1676676928667,1676676929985
1676676928915,1676676930001
1676676928239,1676676930033
1676676928171,1676676930033
1676676928208,1676676930037
1676676928611,1676676930049
1676676929047,1676676930069
1676676928555,1676676930081
1676676928195,1676676930105
1676676928327,1676676930109
1676676928567,1676676930113
1676676928963,1676676930156
1676676928867,1676676930189
1676676928263,1676676930209
1676676928395,1676676930229
1676676928739,1676676930229
1676676928895,1676676930237
1676676929279,1676676930299
1676676928347,1676676930309
1676676928827,1676676930333
1676676928951,1676676930337
1676676928867,1676676930353
1676676928219,1676676930357
1676676928643,1676676930362
1676676929031,1676676930421
1676676929367,1676676930430
1676676928495,1676676930477
1676676929611,1676676930525
1676676929624,1676676930525
1676676928827,1676676930529
1676676928523,1676676930573
1676676928995,1676676930673
1676676929179,1676676930677
1676676928987,1676676930677
1676676929447,1676676930693
1676676929198,1676676930725
1676676929191,1676676930729
1676676929963,1676676930749
1676676929282,1676676930777
1676676929151,1676676930802
1676676929975,1676676930817
1676676929535,1676676930829
1676676928870,1676676930837
1676676929455,1676676930881
1676676929202,1676676930897
1676676929067,1676676930901
1676676929304,1676676930909
1676676929753,1676676930949
1676676930034,1676676931004
1676676929411,1676676931061
1676676930115,1676676931065
1676676929326,1676676931065
1676676929987,1676676931069
1676676929387,1676676931128
1676676929945,1676676931169
1676676929314,1676676931177
1676676929651,1676676931205
1676676930157,1676676931217
1676676929979,1676676931221
1676676929843,1676676931289
1676676929687,1676676931296
1676676930035,1676676931309
1676676930038,1676676931353
1676676930107,1676676931377
1676676930231,1676676931417
1676676929803,1676676931417
1676676930301,1676676931453
1676676930355,1676676931475
1676676930239,1676676931517
1676676930574,1676676931585
1676676930191,1676676931593
1676676930231,1676676931661
1676676930211,1676676931677
1676676930051,1676676931725
1676676930359,1676676931733
1676676930083,1676676931784
1676676930432,1676676931785
1676676929903,1676676931853
1676676930335,1676676931865
1676676930110,1676676931893
1676676930838,1676676931897
1676676930423,1676676931925
1676676930679,1676676931941
1676676930364,1676676932005
1676676930071,1676676932009
1676676930479,1676676932033
1676676930882,1676676932041
1676676929831,1676676932060
1676676930803,1676676932065
1676676930950,1676676932081
1676676930819,1676676932101
1676676930531,1676676932105
1676676930675,1676676932105
1676676930731,1676676932109
1676676930751,1676676932125
1676676930527,1676676932129
1676676930311,1676676932169
1676676930779,1676676932173
1676676930003,1676676932201
1676676931171,1676676932237
1676676930339,1676676932237
1676676930727,1676676932261
1676676930903,1676676932277
1676676931067,1676676932281
1676676931063,1676676932297
1676676931207,1676676932301
1676676931298,1676676932385
1676676931477,1676676932413
1676676931291,1676676932433
1676676931067,1676676932449
1676676931355,1676676932489
1676676930695,1676676932513
1676676930831,1676676932517
1676676931130,1676676932541
1676676930911,1676676932589
1676676931006,1676676932597
1676676930679,1676676932597
1676676931178,1676676932601
1676676930527,1676676932665
1676676931595,1676676932693
1676676930899,1676676932757
1676676931455,1676676932769
1676676931223,1676676932789
1676676931519,1676676932885
1676676931943,1676676932996
1676676931895,1676676933021
1676676931379,1676676933037
1676676931786,1676676933037
1676676931855,1676676933069
1676676931679,1676676933069
1676676932007,1676676933081
1676676931735,1676676933109
1676676931899,1676676933113
1676676932107,1676676933129
1676676931420,1676676933133
1676676931867,1676676933169
1676676932043,1676676933193
1676676931219,1676676933197
1676676931927,1676676933237
1676676931787,1676676933273
1676676932011,1676676933293
1676676931071,1676676933317
1676676931663,1676676933325
1676676932175,1676676933409
1676676931727,1676676933445
1676676932035,1676676933461
1676676931587,1676676933473
1676676932304,1676676933501
1676676932067,1676676933509
1676676932451,1676676933541
1676676932263,1676676933545
1676676932278,1676676933561
1676676932106,1676676933585
1676676931311,1676676933609
1676676932170,1676676933617
1676676932061,1676676933633
1676676931419,1676676933661
1676676932082,1676676933669
1676676932387,1676676933669
1676676932415,1676676933693
1676676932283,1676676933701
1676676932203,1676676933741
1676676932130,1676676933781
1676676932298,1676676933825
1676676932103,1676676933841
1676676932515,1676676933841
1676676932791,1676676933845
1676676932126,1676676933861
1676676932239,1676676933865
1676676932666,1676676933905
1676676932111,1676676933921
1676676932491,1676676933945
1676676933022,1676676933961
1676676932542,1676676933973
1676676932598,1676676934021
1676676933071,1676676934033
1676676932435,1676676934039
1676676932239,1676676934045
1676676932998,1676676934045
1676676932602,1676676934049
1676676932591,1676676934109
1676676933071,1676676934173
1676676933039,1676676934193
1676676932771,1676676934237
1676676932759,1676676934301
1676676932518,1676676934425
1676676933411,1676676934513
1676676933115,1676676934523
1676676933111,1676676934529
1676676932695,1676676934534
1676676933238,1676676934557
1676676933194,1676676934565
1676676933083,1676676934617
1676676933503,1676676934629
1676676932887,1676676934649
1676676933319,1676676934653
1676676933635,1676676934737
1676676933463,1676676934749
1676676933543,1676676934769
1676676933827,1676676934785
1676676933275,1676676934821
1676676932599,1676676934857
1676676933862,1676676934905
1676676933587,1676676934921
1676676933170,1676676934941
1676676933563,1676676934989
1676676933703,1676676934997
1676676933131,1676676935001
1676676933867,1676676935073
1676676933135,1676676935081
1676676933475,1676676935105
1676676933611,1676676935121
1676676933671,1676676935129
1676676933670,1676676935133
1676676933947,1676676935144
1676676933039,1676676935173
1676676933199,1676676935217
1676676933619,1676676935237
1676676933847,1676676935293
1676676933923,1676676935353
1676676933743,1676676935357
1676676933907,1676676935369
1676676933843,1676676935385
1676676933547,1676676935385
1676676934047,1676676935397
1676676933511,1676676935397
1676676933783,1676676935417
1676676934110,1676676935425
1676676933327,1676676935449
1676676933663,1676676935449
1676676934047,1676676935453
1676676933963,1676676935477
1676676933295,1676676935505
1676676933843,1676676935541
1676676934023,1676676935597
1676676934035,1676676935613
1676676934051,1676676935645
1676676933695,1676676935656
1676676933975,1676676935673
1676676934195,1676676935701
1676676934515,1676676935701
1676676934567,1676676935733
1676676934655,1676676935757
1676676933447,1676676935761
1676676934750,1676676935789
1676676934041,1676676935797
1676676934618,1676676935865
1676676934991,1676676935905
1676676934786,1676676935909
1676676934739,1676676935913
1676676934175,1676676935941
1676676934822,1676676935945
1676676934239,1676676935960
1676676934525,1676676935969
1676676934859,1676676935977
1676676934536,1676676936005
1676676934631,1676676936025
1676676934531,1676676936033
1676676935003,1676676936145
1676676935175,1676676936145
1676676934943,1676676936189
1676676934303,1676676936197
1676676934427,1676676936217
1676676934651,1676676936225
1676676935075,1676676936285
1676676934923,1676676936289
1676676934558,1676676936305
1676676934771,1676676936305
1676676935239,1676676936373
1676676935083,1676676936397
1676676935295,1676676936413
1676676935355,1676676936441
1676676935455,1676676936529
1676676935135,1676676936569
1676676935427,1676676936577
1676676935131,1676676936585
1676676935907,1676676936605
1676676935387,1676676936609
1676676935675,1676676936721
1676676935399,1676676936745
1676676935107,1676676936785
1676676935615,1676676936845
1676676935123,1676676936869
1676676935971,1676676936877
1676676935543,1676676936909
1676676935370,1676676936913
1676676935943,1676676936917
1676676935219,1676676936957
1676676935419,1676676936981
1676676935451,1676676937049
1676676935146,1676676937057
1676676935703,1676676937093
1676676934906,1676676937101
1676676935658,1676676937121
1676676934999,1676676937137
1676676935451,1676676937169
1676676935962,1676676937170
1676676935387,1676676937177
1676676935647,1676676937181
1676676935399,1676676937193
1676676936027,1676676937241
1676676935799,1676676937249
1676676935479,1676676937261
1676676935759,1676676937273
1676676935915,1676676937289
1676676935599,1676676937310
1676676935735,1676676937361
1676676936219,1676676937381
1676676936227,1676676937401
1676676936307,1676676937429
1676676935867,1676676937445
1676676935763,1676676937445
1676676936007,1676676937485
1676676936415,1676676937497
1676676935507,1676676937517
1676676936035,1676676937525
1676676936199,1676676937605
1676676935791,1676676937609
1676676935979,1676676937613
1676676936607,1676676937617
1676676936375,1676676937645
1676676935911,1676676937669
1676676935358,1676676937689
1676676936611,1676676937701
1676676936287,1676676937729
1676676936291,1676676937753
1676676935947,1676676937776
1676676936191,1676676937785
1676676936147,1676676937801
1676676936571,1676676937857
1676676936787,1676676937905
1676676936531,1676676937909
1676676936747,1676676937957
1676676936307,1676676937969
1676676936587,1676676937978
1676676937195,1676676938093
1676676936399,1676676938101
1676676937059,1676676938101
1676676936959,1676676938105
1676676936579,1676676938109
1676676937051,1676676938121
1676676936147,1676676938133
1676676936847,1676676938153
1676676936915,1676676938192
1676676937139,1676676938197
1676676936443,1676676938245
1676676936919,1676676938297
1676676936879,1676676938357
1676676936723,1676676938413
1676676937179,1676676938477
1676676936911,1676676938485
1676676936983,1676676938525
1676676937527,1676676938558
1676676937243,1676676938565
1676676937671,1676676938593
1676676936871,1676676938629
1676676937251,1676676938641
1676676937123,1676676938649
1676676937102,1676676938665
1676676937095,1676676938673
1676676937311,1676676938689
1676676937382,1676676938716
1676676937519,1676676938717
1676676937171,1676676938733
1676676937263,1676676938745
1676676937172,1676676938773
1676676937607,1676676938817
1676676937363,1676676938825
1676676937647,1676676938837
1676676937615,1676676938853
1676676937430,1676676938857
1676676937291,1676676938884
1676676937611,1676676938937
1676676937403,1676676938978
1676676937619,1676676939041
1676676937803,1676676939086
1676676937971,1676676939105
1676676937447,1676676939125
1676676937959,1676676939207
1676676938193,1676676939237
1676676937487,1676676939261
1676676937703,1676676939265
1676676937183,1676676939273
1676676937859,1676676939309
1676676937275,1676676939317
1676676937731,1676676939349
1676676938103,1676676939361
1676676937499,1676676939373
1676676937447,1676676939421
1676676938107,1676676939433
1676676938103,1676676939473
1676676938155,1676676939473
1676676937691,1676676939513
1676676938112,1676676939532
1676676937907,1676676939569
1676676938359,1676676939601
1676676938643,1676676939609
1676676938135,1676676939625
1676676937755,1676676939661
1676676938199,1676676939661
1676676938667,1676676939669
1676676937911,1676676939797
1676676937777,1676676939801
1676676938247,1676676939825
1676676937980,1676676939840
1676676937787,1676676939841
1676676938527,1676676939893
1676676938675,1676676939897
1676676938479,1676676939908
1676676938839,1676676939981
1676676938095,1676676940005
1676676938980,1676676940009
1676676938123,1676676940025
1676676938858,1676676940026
1676676938651,1676676940041
1676676938487,1676676940097
1676676938885,1676676940101
1676676938595,1676676940141
1676676938775,1676676940141
1676676938735,1676676940161
1676676938299,1676676940197
1676676938718,1676676940209
1676676939275,1676676940217
1676676938827,1676676940225
1676676938631,1676676940226
1676676939319,1676676940257
1676676939107,1676676940265
1676676938819,1676676940273
1676676938559,1676676940285
1676676939351,1676676940337
1676676938415,1676676940365
1676676938939,1676676940377
1676676939087,1676676940393
1676676939127,1676676940489
1676676939267,1676676940505
1676676939263,1676676940513
1676676938747,1676676940521
1676676938854,1676676940541
1676676939043,1676676940561
1676676938719,1676676940561
1676676939239,1676676940577
1676676938567,1676676940685
1676676939827,1676676940773
1676676939571,1676676940801
1676676939363,1676676940809
1676676939603,1676676940833
1676676938691,1676676940845
1676676939475,1676676940881
1676676939803,1676676940889
1676676939475,1676676940929
1676676939663,1676676940953
1676676939209,1676676940961
1676676939423,1676676940969
1676676940011,1676676940969
1676676940027,1676676940997
1676676939312,1676676941029
1676676939375,1676676941033
1676676939435,1676676941105
1676676940259,1676676941149
1676676940043,1676676941197
1676676939983,1676676941237
1676676939910,1676676941253
1676676939799,1676676941257
1676676939895,1676676941269
1676676939843,1676676941273
1676676939534,1676676941277
1676676939610,1676676941280
1676676940163,1676676941293
1676676940143,1676676941317
1676676939627,1676676941393
1676676940007,1676676941417
1676676939515,1676676941417
1676676939841,1676676941437
1676676939899,1676676941473
1676676939663,1676676941481
1676676940199,1676676941513
1676676939671,1676676941549
1676676940103,1676676941565
1676676940227,1676676941573
1676676940367,1676676941641
1676676940210,1676676941673
1676676940267,1676676941693
1676676940027,1676676941705
1676676940563,1676676941745
1676676940507,1676676941745
1676676940275,1676676941793
1676676940687,1676676941801
1676676940543,1676676941813
1676676940099,1676676941821
1676676940491,1676676941829
1676676940811,1676676941841
1676676940339,1676676941841
1676676940563,1676676941843
1676676940287,1676676941869
1676676940579,1676676941901
1676676940515,1676676941921
1676676940218,1676676941925
1676676940228,1676676941973
1676676940379,1676676942009
1676676940143,1676676942097
1676676941035,1676676942105
1676676940891,1676676942113
1676676940395,1676676942145
1676676941107,1676676942165
1676676940803,1676676942185
1676676940523,1676676942189
1676676940775,1676676942301
1676676941395,1676676942301
1676676941271,1676676942337
1676676941031,1676676942349
1676676941198,1676676942356
1676676941151,1676676942417
1676676941274,1676676942421
1676676941319,1676676942449
1676676941259,1676676942461
1676676940931,1676676942465
1676676940847,1676676942473
1676676940999,1676676942493
1676676940971,1676676942498
1676676941295,1676676942501
1676676941279,1676676942558
1676676940883,1676676942577
1676676940971,1676676942613
1676676941551,1676676942637
1676676940835,1676676942637
1676676941281,1676676942657
1676676941675,1676676942681
1676676941514,1676676942717
1676676941815,1676676942765
1676676941254,1676676942834
1676676941419,1676676942837
1676676941419,1676676942849
1676676941239,1676676942849
1676676941707,1676676942881
1676676941845,1676676942921
1676676941927,1676676942942
1676676941747,1676676942973
1676676941695,1676676942977
1676676941823,1676676943021
1676676941483,1676676943064
1676676941567,1676676943081
1676676941439,1676676943105
1676676941796,1676676943157
1676676941643,1676676943237
1676676941803,1676676943285
1676676941923,1676676943305
1676676941843,1676676943309
1676676940955,1676676943339
1676676941903,1676676943353
1676676942560,1676676943361
1676676942099,1676676943373
1676676941871,1676676943377
1676676942351,1676676943401
1676676942466,1676676943465
1676676942187,1676676943508
1676676941475,1676676943513
1676676942115,1676676943521
1676676941831,1676676943545
1676676941747,1676676943565
1676676942303,1676676943567
1676676942451,1676676943577
1676676942191,1676676943589
1676676941975,1676676943605
1676676941843,1676676943617
1676676941574,1676676943625
1676676942419,1676676943625
1676676942011,1676676943669
1676676942339,1676676943769
1676676942167,1676676943777
1676676942503,1676676943817
1676676942615,1676676943865
1676676942475,1676676943865
1676676942495,1676676943885
1676676943083,1676676943909
1676676942923,1676676943913
1676676942358,1676676943933
1676676942423,1676676943949
1676676942303,1676676943949
1676676942719,1676676943953
1676676942639,1676676943961
1676676942107,1676676943973
1676676942463,1676676943981
1676676942839,1676676944029
1676676942659,1676676944049
1676676942883,1676676944057
1676676942851,1676676944073
1676676942147,1676676944089
1676676942579,1676676944193
1676676942836,1676676944297
1676676942944,1676676944305
1676676943159,1676676944369
1676676942979,1676676944385
1676676943467,1676676944437
1676676942683,1676676944457
1676676943023,1676676944473
1676676942851,1676676944541
1676676943239,1676676944553
1676676943107,1676676944573
1676676943362,1676676944581
1676676943579,1676676944593
1676676943311,1676676944617
1676676943515,1676676944637
1676676942975,1676676944649
1676676943375,1676676944649
1676676943066,1676676944689
1676676943378,1676676944689
1676676943341,1676676944709
1676676943591,1676676944737
1676676942767,1676676944785
1676676943354,1676676944789
1676676943307,1676676944857
1676676943547,1676676944885
1676676943403,1676676944937
1676676943627,1676676944953
1676676943935,1676676944953
1676676943510,1676676944961
1676676943607,1676676945005
1676676943867,1676676945053
1676676943523,1676676945077
1676676943567,1676676945081
1676676943671,1676676945105
1676676943951,1676676945121
1676676942639,1676676945161
1676676943627,1676676945161
1676676943975,1676676945165
1676676944059,1676676945293
1676676943779,1676676945297
1676676943983,1676676945317
1676676943569,1676676945345
1676676944031,1676676945373
1676676943287,1676676945381
1676676943619,1676676945385
1676676943915,1676676945425
1676676943867,1676676945437
1676676944091,1676676945477
1676676944051,1676676945533
1676676943771,1676676945533
1676676943951,1676676945537
1676676944371,1676676945537
1676676944387,1676676945553
1676676944195,1676676945569
1676676944299,1676676945593
1676676943911,1676676945665
1676676943963,1676676945741
1676676944543,1676676945741
1676676944887,1676676945749
1676676943819,1676676945749
1676676944306,1676676945756
1676676944439,1676676945773
1676676944459,1676676945805
1676676943955,1676676945829
1676676944651,1676676945841
1676676944576,1676676945861
1676676943887,1676676945897
1676676944691,1676676945921
1676676944582,1676676945937
1676676944475,1676676945961
1676676945167,1676676945976
1676676944787,1676676945989
1676676944639,1676676946021
1676676945079,1676676946175
1676676944963,1676676946192
1676676944651,1676676946253
1676676945007,1676676946293
1676676944075,1676676946321
1676676945163,1676676946325
1676676944555,1676676946329
1676676944859,1676676946349
1676676945083,1676676946377
1676676944691,1676676946401
1676676945123,1676676946449
1676676945294,1676676946465
1676676944595,1676676946481
1676676944711,1676676946509
1676676945055,1676676946513
1676676944739,1676676946525
1676676945347,1676676946553
1676676944619,1676676946581
1676676945299,1676676946617
1676676944955,1676676946649
1676676945751,1676676946655
1676676945107,1676676946669
1676676944939,1676676946669
1676676945479,1676676946698
1676676945758,1676676946713
1676676945807,1676676946741
1676676945163,1676676946748
1676676945383,1676676946758
1676676945571,1676676946781
1676676945387,1676676946797
1676676945427,1676676946873
1676676945534,1676676946873
1676676944955,1676676946925
1676676945555,1676676946949
1676676945375,1676676946969
1676676945535,1676676947013
1676676944791,1676676947021
1676676945899,1676676947077
1676676945439,1676676947081
1676676945831,1676676947097
1676676945751,1676676947117
1676676945319,1676676947117
1676676945743,1676676947145
1676676946255,1676676947177
1676676945863,1676676947205
1676676945668,1676676947209
1676676945843,1676676947229
1676676945991,1676676947237
1676676945775,1676676947274
1676676945963,1676676947277
1676676945939,1676676947289
1676676945539,1676676947349
1676676945595,1676676947393
1676676945923,1676676947425
1676676945743,1676676947441
1676676946350,1676676947517
1676676945977,1676676947529
1676676945538,1676676947557
1676676946330,1676676947569
1676676946451,1676676947617
1676676946403,1676676947689
1676676946327,1676676947770
1676676946511,1676676947773
1676676946177,1676676947785
1676676946483,1676676947813
1676676946467,1676676947817
1676676946194,1676676947877
1676676946527,1676676947933
1676676946583,1676676947937
1676676946323,1676676947937
1676676946700,1676676948001
1676676946379,1676676948013
1676676946875,1676676948021
1676676946671,1676676948049
1676676946715,1676676948065
1676676946515,1676676948113
1676676946555,1676676948125
1676676946651,1676676948129
1676676946799,1676676948145
1676676946295,1676676948197
1676676947119,1676676948209
1676676946023,1676676948217
1676676946951,1676676948233
1676676946749,1676676948301
1676676946743,1676676948329
1676676947395,1676676948345
1676676946783,1676676948361
1676676946875,1676676948385
1676676946619,1676676948389
1676676946759,1676676948441
1676676946971,1676676948478
1676676947099,1676676948489
1676676947015,1676676948501
1676676946657,1676676948541
1676676947023,1676676948541
1676676947691,1676676948601
1676676947179,1676676948609
1676676946927,1676676948633
1676676947775,1676676948655
1676676947119,1676676948673
1676676947083,1676676948701
1676676947427,1676676948709
1676676947207,1676676948713
1676676947443,1676676948725
1676676946671,1676676948725
1676676947291,1676676948741
1676676947819,1676676948813
1676676947079,1676676948894
1676676947239,1676676948940
1676676947619,1676676948949
1676676947275,1676676948949
1676676947210,1676676948957
1676676948067,1676676948969
1676676947278,1676676948969
1676676947571,1676676948993
1676676947351,1676676948993
1676676947519,1676676949037
1676676947559,1676676949061
1676676947230,1676676949093
1676676948023,1676676949153
1676676948114,1676676949293
1676676947935,1676676949317
1676676947939,1676676949325
1676676947787,1676676949353
1676676947815,1676676949369
1676676948491,1676676949425
1676676947531,1676676949441
1676676947772,1676676949493
1676676948198,1676676949533
1676676948131,1676676949593
1676676948635,1676676949593
1676676948330,1676676949641
1676676948391,1676676949681
1676676947939,1676676949684
1676676948387,1676676949697
1676676948051,1676676949733
1676676948611,1676676949745
1676676948003,1676676949773
1676676948235,1676676949777
1676676948218,1676676949793
1676676948303,1676676949797
1676676948146,1676676949833
1676676948543,1676676949853
1676676948015,1676676949877
1676676948347,1676676949893
1676676948711,1676676949909
1676676948603,1676676949933
1676676948443,1676676949933
1676676948127,1676676950005
1676676948211,1676676950021
1676676949095,1676676950093
1676676948995,1676676950153
1676676948543,1676676950161
1676676948971,1676676950161
1676676948675,1676676950177
1676676948896,1676676950225
1676676948959,1676676950245
1676676949155,1676676950261
1676676949039,1676676950269
1676676948657,1676676950277
1676676948363,1676676950277
1676676948503,1676676950297
1676676949063,1676676950297
1676676948743,1676676950301
1676676948951,1676676950345
1676676948814,1676676950369
1676676948727,1676676950392
1676676948703,1676676950413
1676676948479,1676676950517
1676676948727,1676676950517
1676676949371,1676676950517
1676676949443,1676676950533
1676676948951,1676676950545
1676676948715,1676676950569
1676676949535,1676676950585
1676676948943,1676676950605
1676676949735,1676676950654
1676676949427,1676676950681
1676676949327,1676676950682
1676676949355,1676676950693
1676676949698,1676676950733
1676676948971,1676676950741
1676676949295,1676676950758
1676676949683,1676676950785
1676676949799,1676676950821
1676676949595,1676676950949
1676676949595,1676676951010
1676676949934,1676676951013
1676676948995,1676676951037
1676676949319,1676676951057
1676676949834,1676676951153
1676676949935,1676676951197
1676676949644,1676676951205
1676676950163,1676676951237
1676676950007,1676676951249
1676676949894,1676676951281
1676676950023,1676676951308
1676676949775,1676676951349
1676676950227,1676676951369
1676676950095,1676676951373
1676676950179,1676676951373
1676676949495,1676676951381
1676676950299,1676676951386
1676676949794,1676676951389
1676676949747,1676676951449
1676676950279,1676676951529
1676676949855,1676676951573
1676676950535,1676676951580
1676676950247,1676676951597
1676676949878,1676676951617
1676676950155,1676676951618
1676676950519,1676676951637
1676676950271,1676676951665
1676676950263,1676676951665
1676676950415,1676676951757
1676676950370,1676676951785
1676676949686,1676676951793
1676676950163,1676676951797
1676676950347,1676676951833
1676676950657,1676676951885
1676676950587,1676676951889
1676676950607,1676676951921
1676676950519,1676676951925
1676676949910,1676676951997
1676676950394,1676676952081
1676676950519,1676676952085
1676676950760,1676676952101
1676676950299,1676676952117
1676676950571,1676676952125
1676676951015,1676676952165
1676676949778,1676676952173
1676676950279,1676676952189
1676676951059,1676676952253
1676676951383,1676676952261
1676676950684,1676676952273
1676676950743,1676676952357
1676676951039,1676676952377
1676676950547,1676676952381
1676676950951,1676676952405
1676676950695,1676676952409
1676676951155,1676676952433
1676676951251,1676676952477
1676676951371,1676676952481
1676676951351,1676676952517
1676676950735,1676676952525
1676676951375,1676676952605
1676676951012,1676676952613
1676676951207,1676676952630
1676676951388,1676676952637
1676676951200,1676676952649
1676676951451,1676676952653
1676676951239,1676676952669
1676676951574,1676676952781
1676676950787,1676676952785
1676676950683,1676676952818
1676676951619,1676676952821
1676676951795,1676676952861
1676676951891,1676676952897
1676676951799,1676676952901
1676676951619,1676676952901
1676676950823,1676676952913
1676676951667,1676676952941
1676676951759,1676676953017
1676676951391,1676676953046
1676676952175,1676676953125
1676676951375,1676676953193
1676676952087,1676676953205
1676676952191,1676676953293
1676676951787,1676676953309
1676676952127,1676676953309
1676676951599,1676676953357
1676676951999,1676676953413
1676676952378,1676676953485
1676676952435,1676676953497
1676676951310,1676676953517
1676676952083,1676676953525
1676676951531,1676676953533
1676676952103,1676676953545
1676676952479,1676676953557
1676676951887,1676676953577
1676676952406,1676676953581
1676676952411,1676676953593
1676676951639,1676676953593
1676676952383,1676676953641
1676676951582,1676676953653
1676676952651,1676676953725
1676676952863,1676676953755
1676676951667,1676676953793
1676676951923,1676676953813
1676676952639,1676676953817
1676676952615,1676676953846
1676676951283,1676676953869
1676676951927,1676676953889
1676676952359,1676676953913
1676676952483,1676676953973
1676676952607,1676676953993
1676676952526,1676676954005
1676676952783,1676676954045
1676676951835,1676676954053
1676676952275,1676676954065
1676676952655,1676676954141
1676676952903,1676676954162
1676676952631,1676676954177
1676676952823,1676676954177
1676676953127,1676676954185
1676676952820,1676676954203
1676676952118,1676676954215
1676676952255,1676676954255
1676676952787,1676676954261
1676676952943,1676676954265
1676676952671,1676676954269
1676676953207,1676676954333
1676676952519,1676676954341
1676676952915,1676676954353
1676676953019,1676676954450
1676676953311,1676676954477
1676676953534,1676676954485
1676676952903,1676676954589
1676676953195,1676676954601
1676676953295,1676676954629
1676676953048,1676676954637
1676676953486,1676676954649
1676676953546,1676676954685
1676676952262,1676676954713
1676676953415,1676676954725
1676676952899,1676676954741
1676676953559,1676676954757
1676676953518,1676676954757
1676676953594,1676676954793
1676676953498,1676676954817
1676676953359,1676676954881
1676676953526,1676676954889
1676676953819,1676676954909
1676676953728,1676676954989
1676676953579,1676676955057
1676676954007,1676676955089
1676676953310,1676676955097
1676676954055,1676676955129
1676676953655,1676676955129
1676676953583,1676676955193
1676676954205,1676676955209
1676676954267,1676676955249
1676676953915,1676676955305
1676676954263,1676676955309
1676676953871,1676676955313
1676676953815,1676676955313
1676676954179,1676676955341
1676676953642,1676676955357
1676676953995,1676676955361
1676676953757,1676676955498
1676676953890,1676676955500
1676676954257,1676676955529
1676676953594,1676676955547
1676676953794,1676676955549
1676676954217,1676676955601
1676676953848,1676676955625
1676676954067,1676676955629
1676676954143,1676676955737
1676676954591,1676676955741
1676676954164,1676676955801
1676676954187,1676676955821
1676676954343,1676676955853
1676676954335,1676676955914
1676676954631,1676676955925
1676676954487,1676676955997
1676676954727,1676676956021
1676676954759,1676676956033
1676676954759,1676676956033
1676676954355,1676676956057
1676676954743,1676676956069
1676676954047,1676676956081
1676676954452,1676676956101
1676676955131,1676676956133
1676676954603,1676676956173
1676676955131,1676676956241
1676676955091,1676676956265
1676676954715,1676676956301
1676676954910,1676676956317
1676676954639,1676676956337
1676676954795,1676676956377
1676676955363,1676676956393
1676676955315,1676676956393
1676676954271,1676676956425
1676676955059,1676676956445
1676676954819,1676676956445
1676676955251,1676676956461
1676676954179,1676676956465
1676676954479,1676676956481
1676676953975,1676676956490
1676676955307,1676676956509
1676676954990,1676676956517
1676676954651,1676676956529
1676676955315,1676676956565
1676676955211,1676676956657
1676676955311,1676676956669
1676676954891,1676676956702
1676676955803,1676676956729
1676676954687,1676676956730
1676676955743,1676676956753
1676676955343,1676676956777
1676676955531,1676676956841
1676676955739,1676676956870
1676676956135,1676676956889
1676676955195,1676676956909
1676676955927,1676676956909
1676676955502,1676676956913
1676676955500,1676676956925
1676676955631,1676676956925
1676676955549,1676676956973
1676676955627,1676676956985
1676676955358,1676676957021
1676676956103,1676676957025
1676676955916,1676676957037
1676676954883,1676676957041
1676676955603,1676676957049
1676676955551,1676676957181
1676676956339,1676676957181
1676676955999,1676676957208
1676676956059,1676676957246
1676676955823,1676676957297
1676676955855,1676676957313
1676676956483,1676676957317
1676676956035,1676676957353
1676676956492,1676676957373
1676676956243,1676676957401
1676676956023,1676676957429
1676676956427,1676676957465
1676676956447,1676676957529
1676676956319,1676676957569
1676676956267,1676676957573
1676676956511,1676676957689
1676676956083,1676676957729
1676676956518,1676676957789
1676676956379,1676676957801
1676676956704,1676676957861
1676676956395,1676676957865
1676676956974,1676676957869
1676676956175,1676676957911
1676676956447,1676676957957
1676676956927,1676676958085
1676676956911,1676676958128
1676676956394,1676676958129
1676676956872,1676676958145
1676676956779,1676676958165
1676676956733,1676676958173
1676676956531,1676676958181
1676676957022,1676676958201
1676676956303,1676676958205
1676676956035,1676676958213
1676676956071,1676676958273
1676676956891,1676676958309
1676676957210,1676676958377
1676676956671,1676676958377
1676676956659,1676676958403
1676676956731,1676676958421
1676676957039,1676676958457
1676676957051,1676676958465
1676676957403,1676676958473
1676676956915,1676676958473
1676676957299,1676676958481
1676676956927,1676676958485
1676676956843,1676676958489
1676676956567,1676676958493
1676676957247,1676676958525
1676676957375,1676676958601
1676676956986,1676676958609
1676676957183,1676676958625
1676676957183,1676676958673
1676676957575,1676676958685
1676676957043,1676676958721
1676676957319,1676676958729
1676676957913,1676676958773
1676676956463,1676676958793
1676676957531,1676676958861
1676676956911,1676676958877
1676676957355,1676676958881
1676676958274,1676676958897
1676676957315,1676676958969
1676676957571,1676676958989
1676676956755,1676676958989
1676676957027,1676676959053
1676676957959,1676676959069
1676676957863,1676676959077
1676676957867,1676676959089
1676676957803,1676676959145
1676676957431,1676676959145
1676676957871,1676676959249
1676676958130,1676676959305
1676676958131,1676676959349
1676676957731,1676676959373
1676676958175,1676676959397
1676676958183,1676676959405
1676676958311,1676676959521
1676676958207,1676676959529
1676676958147,1676676959541
1676676958379,1676676959568
1676676957791,1676676959569
1676676958467,1676676959609
1676676958527,1676676959629
1676676958475,1676676959685
1676676958475,1676676959693
1676676958491,1676676959701
1676676957467,1676676959741
1676676958495,1676676959741
1676676958203,1676676959833
1676676958405,1676676959833
1676676958379,1676676959833
1676676958087,1676676959853
1676676958459,1676676959854
1676676958723,1676676959921
1676676958731,1676676959921
1676676958611,1676676959949
1676676958487,1676676960049
1676676958423,1676676960057
1676676958483,1676676960057
1676676958863,1676676960106
1676676958991,1676676960113
1676676959055,1676676960117
1676676959079,1676676960149
1676676959147,1676676960157
1676676958603,1676676960177
1676676958775,1676676960177
1676676958687,1676676960177
1676676958795,1676676960225
1676676958991,1676676960245
1676676959071,1676676960265
1676676958167,1676676960277
1676676958899,1676676960293
1676676959307,1676676960341
1676676958215,1676676960393
1676676958675,1676676960405
1676676959090,1676676960417
1676676958879,1676676960509
1676676958627,1676676960537
1676676959250,1676676960569
1676676959611,1676676960573
1676676959351,1676676960613
1676676959147,1676676960637
1676676959531,1676676960673
1676676959702,1676676960705
1676676959398,1676676960717
1676676959374,1676676960773
1676676959687,1676676960789
1676676959742,1676676960797
1676676959570,1676676960805
1676676959523,1676676960853
1676676958971,1676676960857
1676676958883,1676676960993
1676676959855,1676676961093
1676676959631,1676676961101
1676676959835,1676676961109
1676676959570,1676676961121
1676676959543,1676676961149
1676676959856,1676676961190
1676676960159,1676676961205
1676676959835,1676676961217
1676676960179,1676676961241
1676676960059,1676676961281
1676676959695,1676676961349
1676676959743,1676676961438
1676676960115,1676676961450
1676676959923,1676676961473
1676676959835,1676676961493
1676676960179,1676676961513
1676676960151,1676676961625
1676676960571,1676676961657
1676676960247,1676676961661
1676676960798,1676676961673
1676676960615,1676676961701
1676676960575,1676676961733
1676676960719,1676676961737
1676676960108,1676676961737
1676676960059,1676676961773
1676676960227,1676676961813
1676676960119,1676676961865
1676676960267,1676676961945
1676676960051,1676676961965
1676676960407,1676676961969
1676676960707,1676676961995
1676676960395,1676676961997
1676676960511,1676676961998
1676676960807,1676676962005
1676676960419,1676676962005
1676676959923,1676676962009
1676676960295,1676676962013
1676676960791,1676676962085
1676676960995,1676676962125
1676676961103,1676676962161
1676676960279,1676676962172
1676676960675,1676676962209
1676676960855,1676676962253
1676676960775,1676676962273
1676676961111,1676676962301
1676676961219,1676676962305
1676676960179,1676676962349
1676676961151,1676676962401
1676676961095,1676676962401
1676676960639,1676676962433
1676676959951,1676676962557
1676676961515,1676676962605
1676676961494,1676676962621
1676676960343,1676676962629
1676676961659,1676676962633
1676676961439,1676676962765
1676676961207,1676676962781
1676676961123,1676676962801
1676676961283,1676676962825
1676676961663,1676676962869
1676676961351,1676676962921
1676676961971,1676676962925
1676676961192,1676676962933
1676676961475,1676676962981
1676676962007,1676676962997
1676676961967,1676676963013
1676676961734,1676676963041
1676676961775,1676676963057
1676676962127,1676676963065
1676676961453,1676676963106
1676676962011,1676676963124
1676676961243,1676676963129
1676676961627,1676676963275
1676676962000,1676676963297
1676676961675,1676676963297
1676676962087,1676676963298
1676676961815,1676676963317
1676676962307,1676676963317
1676676960859,1676676963321
1676676961739,1676676963353
1676676961947,1676676963361
1676676962351,1676676963437
1676676962015,1676676963537
1676676961703,1676676963553
1676676962173,1676676963609
1676676962827,1676676963625
1676676962303,1676676963641
1676676961739,1676676963689
1676676962923,1676676963693
1676676962007,1676676963717
1676676962559,1676676963725
1676676962255,1676676963785
1676676961867,1676676963813
1676676962162,1676676963815
1676676962435,1676676963817
1676676962403,1676676963885
1676676962275,1676676963893
1676676961999,1676676963941
1676676962211,1676676963969
1676676962607,1676676963997
1676676962998,1676676964029
1676676961997,1676676964041
1676676962783,1676676964113
1676676962635,1676676964137
1676676962803,1676676964149
1676676962631,1676676964205
1676676963277,1676676964249
1676676963059,1676676964265
1676676962871,1676676964285
1676676962767,1676676964317
1676676963067,1676676964397
1676676963126,1676676964405
1676676962403,1676676964429
1676676962935,1676676964445
1676676962927,1676676964485
1676676962623,1676676964497
1676676963439,1676676964521
1676676962983,1676676964537
1676676963691,1676676964629
1676676963299,1676676964753
1676676963355,1676676964753
1676676963695,1676676964801
1676676963043,1676676964840
1676676963107,1676676964857
1676676963131,1676676964909
1676676963815,1676676964913
1676676963719,1676676964917
1676676963363,1676676964933
1676676963299,1676676964953
1676676963539,1676676964965
1676676963319,1676676965037
1676676963555,1676676965037
1676676963319,1676676965085
1676676963323,1676676965093
1676676963817,1676676965145
1676676963300,1676676965149
1676676963627,1676676965149
1676676963611,1676676965153
1676676964267,1676676965177
1676676964043,1676676965205
1676676964031,1676676965221
1676676963943,1676676965221
1676676963887,1676676965281
1676676963819,1676676965301
1676676963727,1676676965361
1676676964538,1676676965377
1676676963787,1676676965397
1676676964399,1676676965441
1676676963971,1676676965509
1676676964000,1676676965593
1676676964319,1676676965637
1676676963895,1676676965637
1676676964286,1676676965645
1676676964115,1676676965653
1676676964151,1676676965737
1676676963643,1676676965769
1676676964447,1676676965769
1676676964207,1676676965875
1676676964911,1676676965897
1676676964755,1676676965909
1676676964487,1676676965929
1676676964523,1676676965953
1676676964755,1676676965968
1676676964498,1676676965985
1676676964631,1676676966001
1676676964967,1676676966149
1676676964915,1676676966173
1676676965223,1676676966193
1676676965151,1676676966225
1676676965087,1676676966233
1676676965039,1676676966257
1676676964430,1676676966265
1676676964919,1676676966301
1676676965179,1676676966305
1676676964955,1676676966317
1676676964407,1676676966349
1676676964250,1676676966377
1676676965303,1676676966397
1676676965223,1676676966453
1676676964859,1676676966514
1676676964841,1676676966537
1676676965443,1676676966549
1676676965283,1676676966581
1676676965647,1676676966605
1676676964802,1676676966625
1676676965363,1676676966633
1676676965207,1676676966741
1676676965595,1676676966781
1676676965147,1676676966797
1676676965039,1676676966801
1676676965398,1676676966825
1676676965771,1676676966861
1676676965155,1676676966929
1676676965639,1676676966985
1676676965511,1676676966993
1676676964935,1676676966994
1676676965379,1676676967069
1676676965771,1676676967085
1676676965095,1676676967101
1676676965955,1676676967161
1676676965639,1676676967173
1676676965970,1676676967221
1676676965987,1676676967369
1676676966003,1676676967389
1676676965899,1676676967397
1676676966266,1676676967465
1676676966517,1676676967473
1676676966195,1676676967561
1676676966307,1676676967581
1676676965877,1676676967599
1676676965655,1676676967629
1676676966551,1676676967657
1676676966379,1676676967658
1676676966235,1676676967673
1676676965739,1676676967689
1676676966259,1676676967769
1676676966995,1676676967817
1676676966227,1676676967817
1676676966635,1676676967821
1676676966539,1676676967864
1676676966931,1676676967873
1676676966783,1676676967897
1676676966627,1676676967917
1676676966803,1676676968017
1676676966175,1676676968025
1676676967071,1676676968045
1676676966827,1676676968061
1676676966351,1676676968061
1676676965931,1676676968069
1676676966583,1676676968117
1676676965911,1676676968121
1676676966151,1676676968121
1676676966607,1676676968161
1676676967223,1676676968177
1676676967175,1676676968205
1676676966399,1676676968261
1676676966319,1676676968281
1676676966863,1676676968297
1676676967103,1676676968374
1676676966996,1676676968401
1676676966987,1676676968553
1676676966743,1676676968601
1676676967391,1676676968649
1676676967475,1676676968681
1676676967370,1676676968725
1676676966455,1676676968733
1676676966799,1676676968745
1676676967601,1676676968793
1676676967163,1676676968829
1676676967771,1676676968884
1676676967087,1676676968953
1676676967399,1676676968969
1676676967563,1676676969073
1676676967675,1676676969189
1676676967875,1676676969274
1676676967631,1676676969349
1676676967659,1676676969373
1676676967819,1676676969377
1676676968283,1676676969397
1676676968027,1676676969405
1676676968123,1676676969461
1676676968063,1676676969493
1676676967866,1676676969505
1676676968554,1676676969521
1676676968299,1676676969541
1676676967467,1676676969581
1676676967660,1676676969589
1676676968734,1676676969621
1676676968119,1676676969621
1676676968163,1676676969657
1676676967919,1676676969665
1676676968047,1676676969713
1676676968071,1676676969721
1676676967823,1676676969753
1676676968376,1676676969761
1676676968263,1676676969761
1676676968650,1676676969777
1676676967818,1676676969777
1676676967583,1676676969841
1676676968179,1676676969873
1676676968063,1676676969925
1676676969075,1676676970093
1676676968403,1676676970093
1676676968726,1676676970097
1676676968971,1676676970121
1676676967691,1676676970125
1676676968123,1676676970129
1676676968746,1676676970161
1676676968019,1676676970161
1676676968954,1676676970165
1676676968603,1676676970165
1676676968831,1676676970165
1676676968207,1676676970217
1676676968886,1676676970365
1676676968794,1676676970369
1676676969191,1676676970370
1676676968683,1676676970429
1676676969375,1676676970505
1676676969407,1676676970557
1676676969623,1676676970613
1676676969351,1676676970645
1676676969507,1676676970661
1676676969275,1676676970721
1676676969399,1676676970781
1676676969543,1676676970789
1676676969763,1676676970857
1676676969463,1676676970865
1676676969379,1676676970906
1676676969523,1676676970973
1676676969622,1676676970981
1676676969659,1676676970989
1676676970131,1676676970997
1676676969779,1676676971013
1676676969583,1676676971073
1676676969926,1676676971109
1676676969843,1676676971209
1676676970163,1676676971257
1676676969591,1676676971257
1676676969495,1676676971313
1676676969715,1676676971325
1676676970095,1676676971429
1676676970167,1676676971505
1676676969723,1676676971545
1676676970167,1676676971609
1676676969755,1676676971621
1676676970431,1676676971677
1676676970371,1676676971705
1676676970367,1676676971709
1676676970099,1676676971725
1676676969763,1676676971785
1676676969875,1676676971805
1676676970371,1676676971845
1676676970163,1676676971853
1676676970166,1676676971888
1676676970783,1676676971905
1676676970908,1676676971973
1676676970219,1676676972025
1676676970507,1676676972029
1676676970723,1676676972093
1676676970663,1676676972101
1676676970127,1676676972151
1676676970124,1676676972257
1676676971075,1676676972272
1676676970859,1676676972293
1676676971015,1676676972309
1676676969667,1676676972321
1676676971327,1676676972345
1676676971111,1676676972361
1676676971211,1676676972365
1676676970559,1676676972369
1676676970983,1676676972369
1676676970647,1676676972369
1676676971259,1676676972381
1676676970615,1676676972493
1676676970975,1676676972501
1676676971259,1676676972521
1676676969779,1676676972569
1676676970991,1676676972574
1676676971507,1676676972693
1676676971611,1676676972693
1676676971315,1676676972809
1676676970791,1676676972813
1676676971707,1676676972837
1676676971000,1676676972845
1676676971711,1676676972913
1676676971847,1676676973149
1676676971679,1676676973186
1676676971855,1676676973186
1676676972103,1676676973205
1676676972311,1676676973329
1676676971807,1676676973369
1676676971890,1676676973493
1676676972295,1676676973622
1676676971623,1676676973625
1676676972274,1676676973681
1676676971431,1676676973777
1676676971547,1676676973909
1676676972153,1676676973925
1676676972095,1676676973961
1676676971975,1676676973993
1676676971727,1676676974033
1676676972031,1676676974097
1676676972367,1676676974117
1676676972523,1676676974165
1676676971787,1676676974178
1676676972571,1676676974185
1676676972815,1676676974207
1676676972323,1676676974245
1676676972363,1676676974273
1676676972371,1676676974285
1676676972811,1676676974305
1676676973207,1676676974305
1676676972495,1676676974337
1676676972371,1676676974373
1676676972383,1676676974397
1676676971907,1676676974401
1676676972839,1676676974465
1676676972347,1676676974469
1676676972695,1676676974473
1676676972695,1676676974475
1676676972027,1676676974524
1676676972259,1676676974569
1676676972847,1676676974578
1676676973188,1676676974593
1676676973495,1676676974673
1676676973331,1676676974677
1676676973625,1676676974677
1676676973188,1676676974733
1676676973627,1676676974757
1676676972915,1676676974829
1676676973780,1676676974845
1676676972576,1676676974977
1676676973371,1676676975033
1676676972503,1676676975118
1676676974035,1676676975129
1676676973151,1676676975137
1676676973683,1676676975157
1676676974275,1676676975234
1676676973927,1676676975237
1676676974209,1676676975253
1676676973911,1676676975277
1676676974187,1676676975392
1676676974180,1676676975440
1676676973995,1676676975474
1676676974246,1676676975477
1676676974306,1676676975509
1676676974119,1676676975541
1676676974287,1676676975645
1676676974338,1676676975689
1676676974099,1676676975689
1676676974477,1676676975725
1676676974399,1676676975769
1676676974580,1676676975813
1676676974525,1676676975817
1676676974467,1676676975821
1676676974759,1676676975893
1676676974167,1676676975905
1676676974375,1676676975945
1676676974571,1676676975989
1676676974595,1676676976025
1676676974979,1676676976081
1676676974735,1676676976141
1676676974403,1676676976237
1676676974471,1676676976285
1676676975279,1676676976317
1676676975120,1676676976393
1676676974675,1676676976432
1676676974307,1676676976437
1676676974847,1676676976465
1676676975236,1676676976489
1676676974831,1676676976489
1676676975035,1676676976493
1676676974475,1676676976597
1676676975159,1676676976621
1676676975239,1676676976713
1676676974679,1676676976769
1676676974678,1676676976881
1676676975819,1676676976885
1676676975543,1676676976893
1676676975823,1676676976945
1676676975907,1676676976993
1676676975815,1676676977045
1676676975255,1676676977153
1676676975442,1676676977153
1676676975476,1676676977161
1676676975691,1676676977217
1676676975895,1676676977253
1676676976319,1676676977285
1676676975647,1676676977289
1676676975691,1676676977313
1676676975130,1676676977349
1676676975991,1676676977357
1676676976083,1676676977357
1676676975479,1676676977389
1676676975393,1676676977389
1676676975947,1676676977401
1676676975771,1676676977421
1676676975511,1676676977433
1676676976027,1676676977473
1676676976143,1676676977541
1676676976771,1676676977553
1676676976491,1676676977589
1676676976395,1676676977649
1676676976239,1676676977653
1676676976491,1676676977713
1676676976623,1676676977884
1676676976467,1676676977905
1676676977254,1676676977985
1676676976434,1676676978009
1676676976715,1676676978010
1676676976887,1676676978010
1676676976599,1676676978013
1676676976439,1676676978033
1676676976495,1676676978089
1676676976287,1676676978109
1676676976995,1676676978161
1676676976883,1676676978246
1676676977287,1676676978321
1676676977163,1676676978393
1676676977154,1676676978461
1676676977315,1676676978501
1676676976894,1676676978561
1676676977391,1676676978717
1676676977403,1676676978789
1676676977219,1676676978809
1676676977047,1676676978809
1676676977291,1676676978830
1676676977359,1676676978861
1676676977475,1676676978877
1676676977543,1676676978901
1676676977555,1676676978929
1676676977351,1676676978957
1676676977359,1676676978990
1676676977591,1676676979085
1676676977435,1676676979094
1676676977715,1676676979101
1676676977651,1676676979189
1676676977155,1676676979213
1676676977423,1676676979233
1676676978013,1676676979265
1676676977655,1676676979273
1676676977391,1676676979276
1676676977886,1676676979294
1676676978248,1676676979313
1676676977907,1676676979321
1676676978013,1676676979321
1676676978035,1676676979489
1676676978719,1676676979533
1676676978323,1676676979533
1676676978015,1676676979569
1676676978163,1676676979589
1676676978011,1676676979589
1676676977987,1676676979677
1676676978563,1676676979741
1676676978111,1676676979753
1676676978463,1676676979761
1676676978879,1676676979769
1676676978091,1676676979893
1676676978811,1676676979989
1676676978503,1676676980005
1676676978791,1676676980053
1676676978991,1676676980061
1676676978811,1676676980061
1676676978395,1676676980181
1676676979191,1676676980305
1676676978903,1676676980349
1676676979103,1676676980365
1676676978931,1676676980405
1676676979096,1676676980461
1676676978959,1676676980569
1676676979491,1676676980581
1676676978863,1676676980597
1676676979296,1676676980633
1676676979278,1676676980637
1676676979323,1676676980689
1676676979591,1676676980729
1676676979755,1676676980829
1676676979591,1676676980957
1676676979235,1676676980969
1676676979267,1676676980969
1676676979275,1676676980973
1676676979315,1676676981021
1676676979087,1676676981025
1676676979323,1676676981033
1676676979991,1676676981081
1676676979894,1676676981125
1676676979763,1676676981129
1676676979770,1676676981145
1676676979571,1676676981285
1676676979215,1676676981305
1676676979742,1676676981317
1676676980007,1676676981337
1676676980062,1676676981385
1676676979679,1676676981457
1676676980307,1676676981477
1676676980063,1676676981529
1676676980183,1676676981621
1676676980407,1676676981673
1676676980635,1676676981693
1676676980463,1676676981697
1676676979535,1676676981713
1676676980055,1676676981745
1676676980571,1676676981797
1676676980691,1676676981832
1676676980971,1676676981849
1676676980975,1676676982069
1676676980367,1676676982085
1676676980731,1676676982149
1676676980351,1676676982273
1676676981023,1676676982273
1676676980582,1676676982353
1676676981083,1676676982425
1676676980831,1676676982453
1676676981319,1676676982477
1676676981131,1676676982489
1676676980959,1676676982497
1676676980599,1676676982601
1676676981035,1676676982617
1676676981307,1676676982661
1676676981127,1676676982681
1676676981387,1676676982681
1676676981699,1676676982681
1676676981715,1676676982701
1676676981747,1676676982737
1676676980639,1676676982789
1676676981287,1676676982809
1676676981027,1676676982858
1676676981675,1676676982877
1676676981479,1676676982890
1676676981339,1676676982973
1676676981695,1676676982981
1676676981531,1676676983061
1676676981851,1676676983133
1676676981459,1676676983133
1676676981147,1676676983166
1676676981623,1676676983185
1676676981799,1676676983285
1676676982355,1676676983409
1676676982455,1676676983470
1676676982087,1676676983505
1676676982478,1676676983697
1676676982427,1676676983869
1676676982491,1676676983913
1676676982275,1676676983949
1676676982499,1676676984001
1676676982151,1676676984037
1676676982071,1676676984061
1676676981834,1676676984065
1676676982739,1676676984173
1676676982811,1676676984293
1676676982879,1676676984317
1676676982682,1676676984369
1676676982663,1676676984377
1676676982275,1676676984392
1676676983135,1676676984401
1676676983063,1676676984441
1676676982860,1676676984445
1676676983135,1676676984473
1676676982603,1676676984477
1676676982703,1676676984493
1676676982683,1676676984509
1676676983411,1676676984553
1676676983507,1676676984674
1676676983168,1676676984781
1676676983287,1676676984809
1676676983187,1676676984817
1676676983471,1676676984917
1676676982975,1676676984921
1676676982683,1676676984923
1676676982892,1676676984933
1676676982791,1676676984997
1676676983871,1676676985097
1676676984067,1676676985105
1676676983699,1676676985113
1676676983915,1676676985165
1676676984039,1676676985201
1676676982983,1676676985273
1676676984443,1676676985290
1676676984063,1676676985293
1676676984003,1676676985397
1676676984319,1676676985557
1676676983951,1676676985593
1676676984403,1676676985609
1676676984555,1676676985677
1676676984175,1676676985757
1676676984511,1676676985801
1676676984819,1676676985821
1676676984371,1676676985881
1676676984379,1676676986057
1676676984676,1676676986149
1676676984394,1676676986237
1676676985203,1676676986257
1676676984495,1676676986261
1676676984295,1676676986321
1676676984919,1676676986333
1676676985275,1676676986413
1676676984999,1676676986445
1676676984783,1676676986449
1676676985292,1676676986481
1676676984935,1676676986489
1676676984924,1676676986521
1676676985611,1676676986553
1676676984479,1676676986593
1676676985098,1676676986629
1676676985107,1676676986659
1676676985115,1676676986661
1676676985295,1676676986769
1676676984923,1676676986785
1676676985823,1676676986797
1676676985399,1676676986865
1676676985883,1676676986953
1676676984811,1676676987001
1676676985559,1676676987117
1676676985759,1676676987125
1676676985679,1676676987285
1676676986059,1676676987341
1676676986165,1676676987397
1676676985595,1676676987461
1676676986239,1676676987545
1676676985167,1676676987557
1676676986523,1676676987569
1676676986447,1676676987585
1676676986259,1676676987645
1676676986335,1676676987701
1676676986555,1676676987721
1676676986595,1676676987897
1676676986771,1676676987981
1676676986663,1676676987985
1676676986787,1676676988009
1676676986263,1676676988017
1676676986661,1676676988073
1676676985803,1676676988165
1676676986491,1676676988257
1676676986868,1676676988269
1676676987287,1676676988345
1676676987003,1676676988345
1676676986415,1676676988385
1676676986451,1676676988409
1676676986323,1676676988433
1676676987343,1676676988525
1676676986483,1676676988525
1676676986631,1676676988529
1676676986799,1676676988632
1676676987127,1676676988681
1676676986955,1676676988829
1676676987703,1676676988833
1676676987723,1676676988841
1676676987647,1676676988945
1676676987547,1676676989017
1676676987463,1676676989033
1676676987559,1676676989053
1676676988019,1676676989253
1676676987987,1676676989285
1676676987399,1676676989393
1676676987587,1676676989489
1676676988167,1676676989493
1676676988075,1676676989493
1676676988010,1676676989565
1676676988527,1676676989589
1676676987899,1676676989729
1676676988347,1676676989785
1676676988683,1676676989901
1676676987983,1676676989933
1676676988527,1676676990029
1676676988411,1676676990033
1676676987571,1676676990081
1676676988387,1676676990101
1676676988843,1676676990177
1676676989019,1676676990221
1676676988435,1676676990265
1676676989035,1676676990385
1676676988530,1676676990389
1676676988271,1676676990449
1676676989055,1676676990497
1676676989255,1676676990501
1676676989567,1676676990533
1676676988347,1676676990621
1676676989495,1676676990645
1676676989287,1676676990677
1676676988835,1676676990779
1676676988947,1676676990781
1676676989731,1676676990853
1676676989591,1676676990861
1676676988633,1676676990886
1676676989395,1676676990901
1676676989903,1676676990953
1676676989490,1676676990989
1676676989787,1676676991089
1676676989495,1676676991205
1676676989935,1676676991213
1676676990035,1676676991369
1676676990103,1676676991385
1676676990223,1676676991389
1676676990267,1676676991417
1676676990083,1676676991441
1676676990179,1676676991453
1676676990391,1676676991637
1676676990031,1676676991705
1676676990679,1676676991785
1676676990623,1676676991873
1676676990499,1676676991941
1676676990387,1676676991961
1676676990535,1676676991989
1676676990888,1676676992097
1676676990855,1676676992181
1676676990955,1676676992193
1676676990504,1676676992257
1676676990647,1676676992277
1676676991091,1676676992289
1676676990903,1676676992325
1676676990451,1676676992361
1676676990991,1676676992421
1676676991215,1676676992505
1676676991207,1676676992509
1676676990783,1676676992637
1676676990863,1676676992653
1676676991419,1676676992671
1676676991443,1676676992737
1676676991387,1676676992761
1676676991391,1676676992825
1676676991371,1676676992857
1676676991963,1676676993281
1676676992259,1676676993333
1676676992195,1676676993397
1676676991991,1676676993417
1676676991943,1676676993449
1676676991875,1676676993569
1676676991454,1676676993585
1676676992099,1676676993649
1676676992423,1676676993709
1676676992363,1676676993721
1676676992279,1676676993769
1676676991638,1676676993797
1676676992327,1676676993813
1676676992827,1676676993837
1676676992511,1676676993885
1676676992507,1676676994169
1676676992183,1676676994185
1676676992673,1676676994313
1676676992639,1676676994341
1676676992655,1676676994353
1676676992859,1676676994409
1676676993587,1676676994453
1676676993283,1676676994573
1676676991787,1676676994605
1676676992763,1676676994669
1676676992739,1676676994697
1676676992291,1676676994757
1676676993651,1676676994777
1676676993571,1676676994789
1676676993399,1676676994969
1676676993887,1676676994997
1676676993839,1676676995001
1676676993710,1676676995077
1676676993723,1676676995101
1676676993419,1676676995301
1676676993451,1676676995393
1676676994355,1676676995406
1676676994315,1676676995497
1676676994171,1676676995685
1676676994187,1676676995705
1676676994671,1676676995713
1676676993799,1676676995733
1676676993815,1676676995797
1676676994607,1676676995833
1676676994343,1676676995865
1676676994455,1676676995916
1676676994779,1676676996053
1676676994575,1676676996101
1676676993771,1676676996189
1676676994758,1676676996409
1676676994999,1676676996425
1676676994971,1676676996633
1676676995499,1676676996653
1676676994790,1676676996737
1676676995003,1676676996781
1676676994699,1676676996793
1676676995079,1676676996813
1676676995303,1676676996893
1676676995799,1676676997013
1676676995103,1676676997109
1676676995835,1676676997125
1676676995735,1676676997161
1676676995687,1676676997161
1676676996055,1676676997185
1676676995707,1676676997209
1676676995408,1676676997209
1676676996103,1676676997265
1676676995715,1676676997297
1676676995867,1676676997313
1676676995918,1676676997361
1676676995395,1676676997469
1676676996635,1676676997705
1676676996191,1676676997733
1676676996739,1676676997749
1676676996795,1676676997849
1676676996895,1676676998137
1676676996411,1676676998137
1676676997211,1676676998409
1676676996815,1676676998413
1676676997127,1676676998429
1676676997111,1676676998473
1676676997015,1676676998605
1676676997267,1676676998741
1676676997211,1676676998745
1676676996655,1676676998801
1676676997187,1676676998837
1676676997363,1676676998917
1676676997163,1676676998981
1676676997299,1676676999021
1676676997314,1676676999029
1676676997735,1676676999105
1676676997162,1676676999117
1676676996783,1676676999133
1676676997471,1676676999177
1676676997851,1676676999333
1676676997707,1676676999425
1676676998431,1676676999430
1676676998139,1676676999469
1676676997751,1676676999481
1676676998607,1676676999717
1676676998475,1676676999833
1676676998803,1676676999977
1676676998139,1676677000073
1676676998411,1676677000177
1676676998839,1676677000185
1676676998919,1676677000213
1676676998743,1676677000217
1676676999023,1676677000405
1676676999471,1676677000625
1676676999179,1676677000653
1676676999135,1676677000749
1676676999031,1676677000833
1676676999107,1676677000877
1676676999718,1676677000901
1676676999119,1676677000953
1676676999432,1676677001029
1676676999335,1676677001169
1676676999979,1676677001181
1676676999427,1676677001185
1676676999483,1676677001241
1676676999835,1676677001325
1676677000187,1676677001657
1676677000655,1676677001661
1676676998983,1676677001705
1676677000179,1676677001785
1676677000751,1676677001817
1676677000215,1676677001905
1676677000878,1676677001913
1676677000075,1676677001957
1676677000627,1676677002329
1676677000903,1676677002364
1676677000835,1676677002389
1676677001327,1676677002541
1676677001171,1676677002569
1676677001659,1676677002637
1676677001187,1676677002693
1676677001243,1676677003005
1676677000219,1676677003161
1676677001031,1676677003173
1676677001707,1676677003221
1676677001183,1676677003337
1676677000955,1676677003461
1676677001959,1676677003489
1676677001907,1676677003509
1676677002365,1676677003569
1676677002391,1676677003573
1676677002331,1676677003617
1676677001663,1676677003657
1676677001819,1676677003785
1676677002543,1676677003913
1676677001787,1676677004017
1676677003163,1676677004053
1676677003339,1676677004057
1676677003007,1676677004101
1676677002639,1676677004237
1676677002695,1676677004469
1676677002571,1676677004601
1676677003175,1676677004693
1676677003463,1676677004709
1676677003575,1676677004801
1676677003659,1676677004858
1676677003223,1676677004858
1676677004059,1676677005077
1676677003491,1676677005257
1676677004019,1676677005265
1676677004055,1676677005365
1676677003619,1676677005425
1676677003511,1676677005521
1676677004103,1676677005661
1676677003787,1676677005677
1676677003571,1676677005825
1676677004711,1676677005844
1676677003915,1676677006097
1676677004239,1676677006213
1676677004860,1676677006357
1676677004861,1676677006453
1676677004471,1676677006609
1676677005079,1676677006765
1676677004803,1676677006821
1676677005523,1676677006941
1676677005367,1676677007168
1676677004695,1676677007201
1676677005267,1676677007237
1676677005427,1676677007293
1676677005259,1676677007409
1676677005663,1676677007481
1676677005827,1676677007557
1676677005845,1676677007601
1676677005679,1676677007693
1676677006455,1676677007893
1676677006359,1676677007913
1676677006767,1676677008145
1676677006099,1676677008225
1676677007239,1676677008249
1676677007203,1676677008313
1676677006611,1676677008549
1676677007603,1676677008601
1676677007411,1676677008885
1676677006943,1676677008981
1676677007295,1676677008981
1676677007483,1676677009089
1676677006823,1676677009109
1676677007915,1676677009193
1676677007559,1676677009222
1676677007170,1676677009237
1676677007895,1676677009509
1676677007695,1676677009545
1676677008315,1676677009625
1676677008551,1676677009745
1676677008147,1676677009749
1676677008251,1676677009791
1676677008227,1676677009825
1676677008887,1676677010077
1676677009091,1676677010173
1676677009223,1676677010361
1676677008983,1676677010625
1676677009239,1676677010693
1676677009195,1676677010801
1676677009547,1676677010825
1676677009751,1676677010965
1676677010175,1676677011217
1676677009111,1676677011221
1676677009511,1676677011245
1676677009827,1676677011374
1676677009793,1676677011457
1676677010079,1676677011501
1676677009747,1676677011713
1676677010363,1676677011713
1676677009627,1676677011729
1676677010826,1676677012077
1676677010803,1676677012421
1676677010695,1676677012629
1676677011459,1676677012665
1676677010627,1676677012933
1676677011219,1676677013097
1676677011503,1676677013241
1676677011715,1676677013257
1676677011715,1676677013341
1676677011375,1676677013365
1676677011223,1676677013609
1676677010967,1676677013761
1676677012079,1676677013773
1676677012667,1676677013993
1676677012935,1676677014009
1676677011247,1676677014225
1676677012631,1676677014345
1676677013099,1676677014606
1676677013367,1676677014625
1676677013259,1676677014669
1676677013243,1676677014901
1676677013611,1676677014993
1676677014011,1676677015077
1676677012423,1676677015241
1676677013343,1676677015417
1676677014227,1676677015573
1676677013775,1676677015597
1676677013995,1676677015601
1676677013763,1676677015713
1676677014347,1676677015877
1676677014627,1676677015893
1676677014903,1676677016565
1676677014671,1676677016713
1676677015419,1676677016793
1676677014995,1676677016833
1676677014608,1676677016881
1676677015079,1676677016913
1676677015243,1676677017049
1676677015603,1676677017161
1676677015715,1676677017305
1676677015895,1676677017441
1676677015599,1676677017569
1676677015879,1676677017749
1676677016883,1676677018433
1676677016795,1676677018529
1676677017051,1676677018605
1676677016567,1676677018617
1676677017307,1676677018857
1676677016914,1676677018873
1676677017163,1676677018925
1676677017751,1676677018937
1676677016835,1676677018993
1676677016715,1676677019073
1676677017443,1676677019101
1676677017571,1676677019333
1676677018435,1676677019445
1676677018531,1676677020009
1676677018607,1676677020165
1676677018995,1676677020389
1676677019335,1676677020817
1676677018927,1676677021233
1676677019447,1676677021333
1676677019074,1676677021353
1676677018859,1676677021361
1676677018939,1676677021409
1676677018875,1676677021601
1676677019103,1676677021737
1676677020167,1676677021761
1676677020011,1676677021761
1676677020391,1676677022185
1676677020819,1676677022741
1676677021411,1676677022741
1676677021763,1676677022821
1676677021235,1676677022845
1676677021603,1676677022965
1676677021335,1676677023113
1676677021363,1676677023313
1676677021355,1676677023446
1676677021738,1676677023493
1676677022186,1676677023721
1676677021763,1676677023793
1676677022846,1676677024365
1676677022967,1676677024401
1676677022743,1676677024421
1676677023115,1676677024721
1676677023315,1676677024729
1676677023723,1676677024813
1676677023795,1676677025109
1676677023495,1676677025349
1676677023448,1676677025545
1676677022823,1676677025609
1676677024367,1676677026113
1676677024814,1676677026281
1676677024423,1676677026309
1676677025111,1676677026477
1676677024731,1676677026701
1676677024723,1676677027177
1676677025547,1676677027321
1676677026114,1676677027397
1676677024403,1676677027449
1676677026311,1676677027497
1676677025351,1676677027513
1676677026283,1676677027617
1676677025611,1676677027949
1676677026479,1676677028173
1676677026703,1676677028181
1676677027323,1676677028385
1676677027451,1676677028589
1676677027179,1676677028669
1676677027515,1676677028797
1676677027499,1676677028917
1676677027951,1676677029137
1676677028183,1676677029449
1676677027399,1676677029681
1676677028671,1676677030037
1676677027619,1676677030197
1676677028387,1676677030289
1676677028591,1676677030449
1676677028175,1676677030497
1676677028799,1676677030741
1676677029139,1676677030801
1676677029683,1676677030897
1676677028919,1676677031001
1676677030039,1676677031245
1676677029450,1676677031313
1676677030291,1676677031473
1676677030199,1676677031705
1676677030899,1676677032469
1676677030451,1676677032589
1676677030743,1676677032617
1676677031247,1676677032621
1676677030803,1676677032689
1676677031707,1676677032857
1676677030499,1676677032981
1676677031003,1676677033049
1676677031315,1676677033249
1676677031475,1676677033437
1676677032471,1676677033649
1676677033051,1676677033933
1676677032591,1676677034665
1676677032619,1676677034753
1676677032691,1676677034837
1676677032859,1676677034921
1676677032983,1676677034977
1676677033251,1676677035217
1676677032623,1676677035265
1676677033439,1676677035321
1676677033651,1676677035377
1676677033934,1676677035485
1676677034755,1676677036561
1676677034979,1676677036693
1676677034667,1676677036713
1676677034839,1676677036753
1676677034923,1676677036883
1676677035486,1676677037249
1676677035379,1676677037261
1676677035323,1676677037361
1676677035219,1676677037401
1676677035267,1676677037449
1676677036695,1676677037670
1676677036886,1676677038085
1676677036892,1676677038129
1676677036755,1676677038249
1676677036715,1676677038345
1676677036563,1676677038445
1676677037251,1676677038725
1676677037363,1676677038769
1676677037451,1676677039029
1676677037263,1676677039245
1676677037672,1676677039281
1676677037403,1676677039369
1676677038347,1676677039629
1676677038087,1676677039677
1676677038134,1676677039841
1676677038771,1676677039857
1676677038251,1676677039905
1676677038727,1676677040053
1676677038447,1676677040137
1676677039247,1676677040609
1676677039843,1676677040805
1676677039031,1676677040829
1676677039283,1676677040837
1676677039371,1676677041037
1676677040139,1676677041141
1676677039907,1676677041281
1676677040055,1676677041313
1676677039858,1676677041509
1676677039679,1676677041681
1676677040831,1676677041789
1676677040807,1676677042053
1676677039631,1676677042221
1676677040611,1676677042473
1676677041143,1676677042544
1676677041039,1676677042609
1676677040839,1676677042745
1676677041683,1676677042805
1676677041315,1676677042981
1676677041511,1676677043105
1676677041283,1676677043189
1676677041791,1676677043461
1676677042223,1676677043613
1676677042475,1676677043733
1676677041916,1676677044153
1676677042747,1676677044281
1676677042545,1676677044541
1676677042611,1676677044625
1676677042982,1676677044693
1676677042055,1676677044825
1676677043107,1676677044833
1676677042808,1676677044853
1676677043191,1676677045181
1676677043463,1676677045242
1676677043735,1676677045337
1676677043615,1676677045425
1676677044159,1676677045733
1676677044283,1676677045761
1676677044543,1676677046133
1676677044835,1676677046209
1676677044695,1676677046277
1676677044855,1676677046317
1676677044827,1676677046333
1676677044627,1676677046441
1676677045183,1676677046461
1676677044936,1676677046849
1676677045735,1676677046901
1676677045244,1676677046993
1676677045763,1676677047066
1676677045427,1676677047145
1676677045339,1676677047861
1676677046135,1676677047976
1676677047067,1676677048145
1676677046335,1676677048236
1676677046463,1676677048297
1676677046319,1676677048445
1676677046443,1676677048469
1676677046855,1676677048573
1676677047147,1676677048577
1676677046279,1676677048625
1676677046903,1676677048741
1676677046995,1676677048793
1676677046211,1676677048973
1676677047978,1676677049169
1676677047863,1676677049301
1676677048471,1676677049609
1676677048627,1676677049833
1676677048147,1676677049865
1676677048299,1676677049869
1676677048975,1676677050141
1676677048239,1676677050289
1676677047954,1676677050349
1676677048447,1676677050465
1676677048579,1676677050493
1676677048575,1676677050605
1676677048743,1676677050677
1676677049835,1676677050857
1676677048795,1676677050989
1676677049171,1676677051017
1676677049302,1676677051101
1676677049611,1676677051169
1676677049972,1676677051265
1676677050467,1676677051577
1676677049871,1676677051609
1676677050355,1676677051625
1676677050143,1676677051736
1676677050495,1676677051889
1676677050991,1676677051921
1676677050292,1676677051961
1676677050859,1676677052105
1676677049867,1676677052181
1676677050679,1676677052225
1676677051019,1676677052309
1676677051171,1676677052313
1676677051271,1676677052325
1676677050607,1676677052589
1676677051103,1676677053057
1676677051738,1676677053093
1676677051627,1676677053113
1676677051611,1676677053125
1676677051985,1676677053225
1676677052227,1676677053517
1676677052311,1676677053557
1676677051963,1676677053558
1676677051579,1676677053633
1676677052107,1676677053661
1676677051923,1676677053789
1676677052327,1676677053865
1676677052591,1676677053917
1676677052182,1676677054014
1676677052315,1676677054141
1676677051891,1676677054209
1676677053115,1676677054513
1676677053059,1676677054553
1676677053095,1676677054581
1676677053127,1676677054713
1676677053519,1676677054745
1676677053635,1676677054765
1676677053231,1676677054865
1676677053663,1676677054881
1676677054015,1676677055085
1676677053559,1676677055373
1676677053867,1676677055454
1676677054211,1676677055553
1676677053560,1676677055797
1676677054583,1676677055845
1676677053998,1676677055913
1676677054143,1676677055949
1676677054555,1676677056033
1676677053919,1676677056048
1676677054746,1676677056089
1676677054515,1676677056169
1676677054715,1676677056233
1676677054766,1676677056277
1676677053791,1676677056329
1676677055456,1676677056413
1676677054883,1676677056553
1676677055087,1676677056629
1676677055375,1676677056641
1676677054867,1676677056833
1676677055555,1676677056993
1676677055847,1676677057221
1676677055919,1676677057309
1676677056171,1676677057597
1676677056415,1676677057677
1676677056279,1676677057705
1676677056331,1676677057705
1676677055799,1676677057737
1676677056019,1676677057769
1676677056091,1676677057797
1676677056555,1676677057801
1676677055951,1676677057909
1676677056050,1676677057921
1676677056035,1676677057953
1676677056643,1676677058069
1676677056631,1676677058165
1676677056995,1676677058166
1676677057311,1676677058213
1676677057223,1676677058373
1676677057798,1676677058561
1676677056835,1676677058733
1676677057600,1676677058749
1676677057706,1676677058821
1676677056235,1676677058925
1676677057679,1676677058937
1676677057923,1676677059081
1676677057774,1676677059201
1676677058036,1676677059285
1676677057911,1676677059441
1676677058071,1676677059513
1676677057803,1676677059621
1676677057955,1676677059733
1676677057739,1676677059857
1676677058375,1676677060045
1676677058927,1676677060065
1676677058735,1676677060149
1676677058167,1676677060173
1676677057707,1676677060229
1676677058939,1676677060369
1676677059203,1676677060401
1676677058751,1676677060417
1676677059083,1676677060453
1676677058215,1676677060453
1676677058167,1676677060473
1676677058563,1676677060509
1676677058823,1676677060549
1676677059290,1676677060661
1676677059052,1676677060677
1676677059443,1676677060929
1676677059735,1676677060989
1676677059859,1676677061005
1676677060047,1676677061109
1676677059515,1676677061177
1676677060231,1676677061189
1676677059623,1676677061237
1676677060151,1676677061369
1676677060456,1676677061465
1676677060551,1676677061498
1676677060419,1676677061681
1676677060067,1676677061710
1676677060403,1676677061821
1676677060455,1676677061893
1676677060371,1676677061953
1676677060664,1676677062073
1676677060475,1676677062089
1676677060511,1676677062205
1676677061068,1676677062309
1676677060683,1676677062537
1676677061111,1676677062569
1676677061239,1676677062581
1676677060175,1676677062653
1676677060991,1676677062657
1676677061371,1676677062677
1676677060931,1676677062681
1676677061007,1676677062681
1676677061500,1676677062813
1676677061823,1676677062897
1676677061179,1676677063097
1676677061955,1676677063193
1676677061711,1676677063281
1676677061191,1676677063325
1676677061683,1676677063401
1676677062655,1676677063461
1676677062076,1676677063485
1676677061895,1676677063501
1676677061467,1676677063505
1676677062075,1676677063617
1676677062091,1676677063657
1676677062571,1676677063781
1676677062539,1676677063781
1676677062679,1676677063845
1676677062683,1676677063865
1676677062315,1676677064061
1676677062207,1676677064065
1676677062683,1676677064069
1676677062658,1676677064129
1676677062815,1676677064253
1676677063099,1676677064257
1676677062583,1676677064277
1676677062899,1676677064385
1676677063403,1676677064473
1676677063283,1676677064657
1676677063491,1676677064701
1676677063847,1676677064729
1676677063195,1676677064741
1676677063619,1676677064817
1676677063503,1676677064881
1676677063507,1676677064909
1676677063463,1676677064961
1676677063327,1676677065053
1676677063783,1676677065089
1676677063867,1676677065257
1676677064067,1676677065385
1676677064259,1676677065433
1676677063783,1676677065441
1676677064071,1676677065457
1676677064475,1676677065505
1676677064387,1676677065561
1676677063659,1676677065669
1676677064131,1676677065733
1676677064100,1676677065881
1676677064659,1676677065885
1676677064279,1676677066053
1676677064063,1676677066069
1676677064963,1676677066117
1676677064731,1676677066169
1676677064255,1676677066201
1676677064703,1676677066221
1676677064743,1676677066285
1676677064883,1676677066353
1676677065114,1676677066393
1676677065055,1676677066425
1676677065091,1676677066465
1676677064819,1676677066563
1676677065563,1676677066581
1676677064911,1676677066893
1676677065387,1676677066929
1676677065259,1676677066993
1676677066119,1676677067061
1676677065735,1676677067065
1676677065507,1676677067093
1676677065459,1676677067124
1676677065443,1676677067133
1676677065435,1676677067305
1676677066170,1676677067309
1676677066055,1676677067333
1676677065887,1676677067445
1676677065671,1676677067541
1676677066224,1676677067585
1676677066427,1676677067653
1676677066355,1676677067765
1676677065887,1676677067769
1676677066202,1676677067773
1676677066071,1676677067781
1676677066399,1676677067981
1676677066565,1676677068025
1676677066895,1676677068085
1676677066287,1676677068113
1676677066583,1676677068121
1676677067126,1676677068173
1676677067095,1676677068217
1676677066467,1676677068245
1676677066931,1676677068553
1676677067311,1676677068573
1676677067307,1676677068597
1676677067135,1676677068625
1676677067067,1676677068653
1676677067130,1676677068673
1676677067063,1676677068705
1676677067655,1676677068885
1676677067587,1676677068885
1676677067335,1676677068893
1676677067447,1676677069013
1676677067771,1676677069073
1676677067543,1676677069085
1676677066995,1676677069101
1676677067783,1676677069157
1676677068027,1676677069193
1676677068087,1676677069329
1676677068247,1676677069353
1676677067767,1676677069393
1676677068707,1676677069461
1676677068114,1676677069497
1676677067983,1676677069541
1676677068175,1676677069545
1676677068142,1676677069617
1676677067775,1676677069637
1676677068218,1676677069709
1676677068123,1676677069817
1676677068555,1676677069825
1676677068679,1676677069905
1676677068655,1676677069925
1676677068895,1676677069981
1676677068575,1676677070005
1676677068627,1676677070049
1676677068888,1676677070225
1676677069463,1676677070357
1676677069331,1676677070497
1676677068887,1676677070498
1676677069103,1676677070645
1676677068599,1676677070681
1676677069015,1676677070713
1676677069159,1676677070733
1676677069355,1676677070765
1676677069075,1676677070805
1676677069395,1676677070889
1676677069639,1676677070941
1676677069159,1676677070941
1676677069623,1676677071137
1676677069499,1676677071141
1676677070007,1676677071169
1676677069818,1676677071209
1676677069194,1676677071217
1676677069547,1676677071237
1676677069087,1676677071381
1676677069907,1676677071473
1676677069926,1676677071497
1676677069711,1676677071501
1676677069983,1676677071601
1676677069543,1676677071661
1676677070051,1676677071705
1676677070647,1676677071797
1676677069826,1676677071813
1676677070227,1676677071861
1676677070500,1676677071877
1676677070359,1676677071917
1676677070767,1676677071937
1676677070499,1676677072033
1676677070943,1676677072093
1676677070807,1676677072129
1676677070739,1676677072259
1676677070892,1676677072377
1676677071219,1676677072465
1676677070943,1676677072478
1676677070715,1676677072501
1676677071211,1676677072549
1676677071170,1676677072557
1676677071383,1676677072610
1676677070683,1676677072685
1676677071139,1676677072733
1676677071663,1676677072841
1676677071239,1676677072849
1676677071143,1676677072861
1676677071475,1676677072877
1676677071499,1676677072933
1676677071707,1676677072949
1676677071177,1676677072997
1676677071879,1676677073153
1676677071939,1676677073191
1676677071815,1676677073205
1676677071603,1676677073265
1676677071503,1676677073269
1676677072261,1676677073449
1676677071863,1676677073465
1676677072095,1676677073501
1676677072035,1676677073549
1676677072503,1676677073549
1676677072190,1676677073601
1676677071919,1676677073617
1676677072379,1676677073653
1676677072131,1676677073729
1676677072467,1676677073730
1676677072611,1676677073761
1676677072687,1676677073769
1676677072951,1676677073957
1676677071799,1676677074045
1676677072735,1676677074049
1676677072550,1676677074105
1676677072851,1676677074133
1676677073271,1676677074157
1676677072863,1676677074157
1676677072559,1676677074345
1676677072879,1676677074445
1676677073267,1676677074509
1676677072843,1676677074561
1676677073003,1676677074597
1676677073467,1676677074641
1676677072935,1676677074693
1676677072479,1676677074737
1676677073771,1676677074753
1676677073193,1676677074757
1676677073731,1676677074769
1676677073204,1676677074813
1676677073207,1676677074893
1676677073155,1676677074917
1676677073732,1676677074961
1676677073959,1676677075064
1676677073655,1676677075133
1676677074047,1676677075201
1676677073503,1676677075205
1676677073606,1676677075221
1676677073451,1676677075225
1676677073551,1676677075233
1676677073619,1676677075301
1676677074051,1676677075325
1676677074107,1676677075445
1676677073551,1676677075453
1676677074563,1676677075593
1676677073763,1676677075665
1676677074135,1676677075689
1676677074159,1676677075713
1676677074643,1676677075725
1676677074159,1676677075797
1676677074447,1676677075905
1676677074695,1676677075937
1676677074771,1676677075941
1676677074895,1676677076149
1676677074755,1676677076249
1676677074600,1676677076341
1676677075207,1676677076345
1676677074819,1676677076373
1676677074759,1676677076385
1676677074739,1676677076393
1676677075067,1676677076393
1676677075203,1676677076397
1676677074511,1676677076529
1676677075227,1676677076545
1676677075223,1676677076565
1676677075135,1676677076605
1676677075327,1676677076605
1676677075235,1676677076625
1676677074919,1676677076626
1676677074347,1676677076745
1676677075727,1676677076865
1676677075595,1676677076889
1676677075303,1676677076901
1676677074963,1676677076909
1676677075455,1676677076992
1676677075799,1676677077009
1676677075221,1676677077017
1676677075447,1676677077069
1676677075907,1676677077197
1676677075691,1676677077273
1676677075943,1676677077329
1676677075939,1676677077362
1676677075715,1676677077385
1676677076151,1676677077605
1676677076395,1676677077617
1676677075667,1676677077705
1676677076747,1676677077749
1676677076399,1676677077757
1676677076251,1676677077761
1676677076347,1676677077773
1676677076387,1676677077797
1676677076234,1676677077881
1676677076606,1676677077905
1676677076607,1676677077917
1676677076375,1676677077937
1676677076531,1676677078005
1676677076626,1676677078025
1676677076627,1676677078089
1676677076547,1676677078149
1676677076903,1676677078157
1676677077011,1676677078193
1676677076891,1676677078225
1676677076911,1676677078241
1676677076867,1676677078337
1676677076395,1676677078377
1676677076567,1676677078409
1676677076344,1676677078437
1676677077247,1676677078477
1676677076994,1676677078545
1676677077022,1676677078618
1676677077331,1676677078657
1676677077070,1676677078777
1676677077907,1676677078893
1676677077363,1676677078941
1676677077199,1676677078981
1676677077759,1676677079009
1676677077752,1676677079053
1676677077763,1676677079129
1676677077799,1676677079137
1676677077707,1676677079217
1676677077619,1676677079225
1676677078411,1676677079241
1676677077607,1676677079273
1676677077274,1676677079345
1676677077887,1676677079377
1676677077919,1676677079397
1676677078227,1676677079397
1676677078195,1676677079433
1676677078151,1676677079437
1676677077387,1676677079517
1676677078243,1676677079537
1676677077775,1676677079549
1676677078483,1676677079574
1676677078379,1676677079577
1676677078091,1676677079737
1676677077939,1676677079741
1676677078547,1676677079761
1676677078439,1676677079864
1676677078620,1676677079889
1676677078159,1676677079957
1676677078659,1676677080021
1676677078339,1676677080037
1676677078007,1676677080057
1676677078779,1676677080106
1676677078027,1676677080173
1676677078983,1676677080209
1676677079399,1676677080241
1676677079011,1676677080313
1676677079131,1676677080357
1676677079262,1676677080389
1676677079275,1676677080465
1676677079227,1676677080493
1676677079439,1676677080505
1676677079399,1676677080525
1676677078895,1676677080529
1676677079219,1676677080573
1676677079379,1676677080649
1676677079243,1676677080681
1676677079519,1676677080697
1676677079347,1676677080709
1676677079055,1676677080725
1676677079576,1676677080833
1676677079435,1676677080874
1676677079579,1676677080913
1676677078949,1676677080985
1676677079763,1676677081045
1676677079744,1676677081085
1676677079139,1676677081097
1676677079540,1676677081165
1676677080023,1676677081217
1676677080039,1676677081277
1676677080211,1676677081309
1676677079866,1676677081361
1676677080059,1676677081453
1676677079959,1676677081477
1676677080358,1676677081497
1676677079891,1676677081509
1676677080175,1676677081529
1676677079551,1676677081538
1676677080279,1676677081669
1676677079739,1676677081697
1676677080108,1676677081737
1676677080395,1676677081745
1676677080683,1676677081797
1676677080243,1676677081829
1676677080315,1676677081853
1676677080876,1676677081941
1676677080495,1676677081969
1676677080527,1676677082005
1676677080651,1676677082049
1676677080575,1676677082073
1676677080506,1676677082081
1676677080531,1676677082153
1676677080987,1676677082157
1676677080699,1676677082157
1676677081363,1676677082229
1676677081047,1676677082241
1676677081087,1676677082369
1676677080728,1676677082381
1676677080711,1676677082405
1676677080467,1676677082461
1676677081279,1676677082493
1676677080835,1676677082688
1676677081292,1676677082697
1676677081541,1676677082729
1676677081511,1676677082733
1676677081455,1676677082757
1676677081531,1676677082813
1676677081499,1676677082833
1676677081479,1676677082901
1676677081311,1676677082945
1676677081167,1676677083001
1676677081738,1676677083121
1676677082075,1676677083125
1676677081971,1676677083201
1676677082051,1676677083237
1676677081831,1676677083285
1676677081675,1676677083289
1676677081699,1676677083365
1676677081099,1676677083421
1676677082155,1676677083469
1676677081219,1676677083477
1676677081943,1676677083529
1676677080915,1676677083557
1676677082083,1676677083582
1676677082158,1676677083625
1676677082231,1676677083625
1676677082158,1676677083645
1676677082703,1676677083657
1676677081799,1676677083765
1676677082007,1676677083785
1676677082759,1676677083817
1676677082371,1676677083929
1676677081746,1676677083941
1676677082383,1676677083953
1676677082835,1676677083961
1676677082407,1676677083977
1676677082243,1676677084017
1676677082690,1676677084046
1676677082305,1676677084081
1676677082815,1676677084121
1676677082731,1676677084125
1676677083127,1676677084141
1676677083003,1676677084249
1676677082463,1676677084257
1676677083479,1676677084302
1676677081854,1676677084314
1676677082735,1676677084441
1676677083239,1676677084489
1676677083291,1676677084497
1676677082947,1676677084565
1676677082495,1676677084621
1676677083203,1676677084653
1676677083659,1676677084681
1676677083367,1676677084725
1676677083288,1676677084733
1676677083123,1676677084745
1676677083531,1676677084745
1676677082904,1676677084749
1676677083979,1676677084841
1676677083559,1676677084849
1676677083768,1676677084921
1676677083943,1676677084977
1676677083646,1676677084997
1676677083584,1676677085057
1676677083627,1676677085077
1676677083955,1676677085141
1676677083471,1676677085165
1676677083423,1676677085197
1676677083787,1676677085213
1676677084123,1676677085220
1676677084315,1676677085229
1676677083819,1676677085241
1676677084019,1676677085405
1676677084048,1676677085477
1676677083931,1676677085533
1676677084143,1676677085561
1676677084325,1676677085585
1676677084088,1676677085741
1676677084259,1676677085801
1676677084251,1676677085833
1676677083626,1676677085861
1676677084491,1676677085873
1676677084127,1676677085945
1676677084923,1676677085965
1676677084851,1676677085988
1676677084751,1676677086085
1676677084655,1676677086089
1676677084304,1676677086133
1676677084499,1676677086161
1676677084746,1676677086169
1676677084623,1676677086185
1676677084443,1676677086317
1676677084727,1676677086369
1676677085343,1676677086389
1676677084979,1676677086453
1676677085079,1676677086461
1676677084683,1676677086473
1676677085059,1676677086489
1676677083963,1676677086513
1676677084999,1676677086545
1676677084735,1676677086581
1676677085535,1676677086593
1676677085479,1676677086645
1676677085222,1676677086705
1676677085215,1676677086717
1676677085407,1676677086725
1676677084747,1676677086741
1676677084567,1676677086809
1676677085231,1676677086813
1676677085803,1676677086893
1676677085143,1676677086912
1676677085835,1676677086949
1676677085199,1676677086985
1676677085744,1676677086989
1676677084843,1676677086997
1676677085167,1676677087005
1676677085590,1676677087101
1676677085967,1676677087149
1676677086087,1676677087187
1676677085243,1676677087297
1676677085875,1676677087385
1676677086091,1676677087401
1676677086463,1676677087401
1676677085947,1676677087417
1676677085863,1676677087441
1676677085989,1676677087445
1676677086187,1676677087533
1676677086647,1676677087585
1676677085563,1676677087613
1676677086815,1676677087685
1676677086583,1676677087721
1676677086475,1676677087753
1676677086359,1676677087765
1676677086595,1676677087777
1676677086395,1676677087789
1676677086319,1676677087873
1676677086371,1676677087897
1676677086163,1676677087985
1676677086135,1676677088053
1676677086491,1676677088073
1676677086455,1676677088125
1676677086707,1676677088133
1676677086171,1676677088141
1676677086894,1676677088197
1676677086547,1676677088241
1676677086727,1676677088265
1676677086991,1676677088325
1676677086811,1676677088329
1676677087151,1676677088333
1676677086999,1676677088389
1676677087189,1676677088429
1676677087418,1676677088445
1676677086951,1676677088493
1676677086987,1676677088505
1676677087299,1676677088509
1676677086743,1676677088565
1676677086515,1676677088609
1676677087387,1676677088645
1676677087103,1676677088661
1676677087403,1676677088697
1676677086719,1676677088709
1676677087687,1676677088721
1676677087443,1676677088733
1676677087007,1676677088861
1676677087587,1676677088877
1676677087615,1676677088953
1676677086914,1676677088969
1676677087791,1676677089101
1676677087899,1676677089177
1676677087535,1676677089253
1676677088143,1676677089281
1676677087875,1676677089288
1676677088327,1676677089293
1676677087723,1676677089345
1676677088076,1676677089357
1676677087779,1676677089365
1676677087447,1676677089453
1676677087755,1676677089497
1676677088430,1676677089509
1676677087987,1676677089537
1676677088127,1676677089581
1676677087402,1676677089637
1676677088735,1676677089661
1676677088267,1676677089669
1676677088390,1676677089729
1676677088711,1676677089741
1676677088331,1676677089805
1676677087770,1676677089818
1676677088506,1676677089821
1676677088056,1676677089821
1676677088567,1676677089881
1676677088447,1676677089905
1676677088199,1676677089917
1676677088495,1676677090005
1676677088863,1676677090009
1676677088879,1676677090021
1676677088955,1676677090061
1676677088135,1676677090085
1676677089179,1676677090093
1676677089255,1676677090109
1676677088611,1676677090197
1676677088647,1676677090241
1676677088335,1676677090257
1676677088243,1676677090265
1676677088723,1676677090289
1676677088374,1676677090309
1676677088511,1676677090361
1676677088699,1676677090361
1676677088663,1676677090513
1676677089511,1676677090549
1676677089290,1676677090553
1676677089359,1676677090562
1676677089103,1676677090589
1676677088971,1676677090749
1676677089539,1676677090821
1676677089283,1676677090837
1676677089820,1676677090862
1676677089823,1676677090868
1676677089347,1676677090889
1676677089743,1676677090889
1676677089390,1676677090933
1676677089822,1676677090969
1676677089638,1676677090981
1676677089455,1676677091005
1676677089907,1676677091149
1676677089499,1676677091161
1676677090095,1676677091201
1676677089918,1676677091209
1676677089583,1676677091217
1676677089670,1676677091289
1676677089663,1676677091325
1676677089295,1676677091329
1676677089731,1676677091341
1676677089806,1676677091341
1676677090010,1676677091349
1676677089367,1676677091397
1676677090087,1676677091413
1676677090291,1676677091413
1676677090243,1676677091422
1676677090007,1676677091445
1676677090063,1676677091489
1676677090198,1676677091517
1676677090023,1676677091533
1676677090363,1676677091585
1676677090111,1676677091665
1676677090314,1676677091665
1676677090591,1676677091669
1676677090363,1676677091697
1676677089883,1676677091729
1676677090551,1676677091745
1676677090267,1676677091833
1676677090564,1676677091845
1676677090555,1676677091873
1676677091007,1676677091925
1676677090259,1676677091949
1676677090751,1676677091988
1676677090405,1676677091996
1676677090515,1676677092073
1676677091327,1676677092181
1676677090892,1676677092181
1676677090839,1676677092309
1676677091331,1676677092369
1676677091343,1676677092369
1676677090939,1676677092429
1676677090891,1676677092481
1676677091203,1676677092485
1676677090870,1676677092517
1676677091534,1676677092545
1676677090983,1676677092622
1676677091151,1676677092629
1676677091219,1676677092661
1676677091343,1676677092689
1676677091163,1676677092705
1676677091415,1676677092813
1676677091424,1676677092841
1676677091519,1676677092845
1676677091667,1676677092905
1676677090823,1676677092921
1676677091587,1676677092949
1676677091447,1676677092965
1676677090971,1676677093041
1676677091875,1676677093057
1676677091351,1676677093065
1676677090864,1676677093145
1676677091731,1676677093185
1676677091671,1676677093185
1676677091747,1676677093217
1676677091667,1676677093257
1676677092002,1676677093261
1676677091211,1676677093340
1676677091291,1676677093353
1676677091847,1676677093429
1676677091927,1676677093445
1676677091399,1676677093465
1676677091990,1676677093481
1676677092371,1676677093505
1676677092075,1676677093573
1676677091835,1676677093589
1676677091415,1676677093641
1676677092371,1676677093669
1676677092415,1676677093665
1676677091699,1676677093721
1676677092183,1676677093749
1676677092482,1676677093749
1676677092183,1676677093789
1676677092624,1676677093809
1676677092431,1676677093833
1676677092631,1676677093841
1676677092691,1676677093869
1676677091951,1676677093869
1676677092707,1676677093897
1676677092487,1676677093913
1676677092519,1676677093917
1676677091491,1676677094045
1676677092923,1676677094053
1676677092311,1676677094077
1676677093043,1676677094209
1676677092967,1676677094213
1676677093146,1676677094289
1676677092547,1676677094325
1676677092663,1676677094329
1676677092951,1676677094389
1676677093219,1676677094405
1676677092843,1676677094417
1676677093067,1676677094465
1676677093187,1676677094501
1676677093355,1676677094549
1676677092847,1676677094589
1676677093058,1676677094629
1676677093259,1676677094641
1676677093187,1676677094737
1676677093342,1676677094749
1676677093431,1676677094805
1676677092907,1676677094929
1676677093263,1676677095005
1676677093723,1676677095033
1676677093431,1676677095065
1676677093899,1676677095081
1676677093751,1676677095101
1676677093467,1676677095109
1676677093447,1676677095133
1676677092815,1676677095177
1676677093643,1676677095181
1676677093751,1676677095205
1676677093671,1676677095245
1676677093575,1676677095249
1676677093671,1676677095257
1676677093843,1676677095345
1676677094047,1676677095361
1676677093591,1676677095385
1676677093811,1676677095449
1676677093791,1676677095481
1676677094331,1676677095489
1676677093871,1676677095501
1676677093871,1676677095513
1676677093483,1676677095517
1676677094391,1676677095529
1676677093507,1676677095589
1676677094079,1676677095617
1676677093919,1676677095625
1676677094591,1676677095629
1676677094467,1676677095641
1676677094211,1676677095723
1676677093835,1676677095729
1676677094551,1676677095749
1676677094631,1676677095754
1676677094419,1676677095781
1676677094055,1676677095789
1676677094291,1676677095841
1676677094215,1676677095869
1676677094445,1676677095913
1676677094327,1676677095985
1676677093915,1676677096041
1676677094643,1676677096049
1676677094931,1676677096133
1676677095035,1676677096165
1676677094751,1676677096249
1676677094503,1676677096273
1676677095183,1676677096285
1676677095083,1676677096301
1676677095111,1676677096309
1676677094811,1676677096329
1676677094739,1676677096337
1676677095067,1676677096345
1676677095103,1676677096489
1676677095207,1676677096534
1676677095503,1676677096577
1676677095248,1676677096597
1676677095179,1676677096602
1676677095519,1676677096693
1676677095627,1676677096713
1676677095731,1676677096745
1676677095251,1676677096753
1676677095631,1676677096801
1676677095363,1676677096849
1676677095135,1676677096893
1676677095483,1676677096929
1676677095491,1676677096949
1676677095387,1676677096953
1676677095007,1676677096981
1676677095530,1676677097009
1676677095450,1676677097045
1676677095844,1676677097045
1676677095871,1676677097101
1676677095725,1676677097109
1676677094407,1676677097117
1676677095643,1676677097161
1676677095619,1676677097177
1676677095755,1676677097237
1676677095347,1676677097237
1676677096303,1676677097257
1676677095259,1676677097265
1676677095515,1676677097269
1676677096167,1676677097277
1676677095591,1676677097373
1676677096331,1676677097417
1676677096275,1676677097437
1676677096043,1676677097449
1676677095783,1676677097449
1676677096535,1676677097493
1676677096339,1676677097505
1676677095919,1676677097553
1676677096287,1676677097565
1676677096251,1676677097581
1676677096347,1676677097637
1676677096755,1676677097649
1676677096135,1676677097649
1676677096463,1676677097669
1676677095987,1676677097713
1676677095751,1676677097733
1676677096051,1676677097757
1676677096311,1676677097821
1676677095791,1676677097957
1676677096579,1676677097969
1676677096599,1676677098021
1676677097111,1676677098029
1676677096694,1676677098057
1676677096491,1676677098061
1676677096983,1676677098133
1676677097047,1676677098193
1676677096604,1676677098329
1676677097047,1676677098349
1676677097439,1676677098365
1676677096951,1676677098369
1676677097103,1676677098386
1676677097011,1676677098409
1676677096747,1676677098453
1676677096851,1676677098469
1676677096931,1676677098469
1676677096715,1676677098473
1676677096895,1676677098609
1676677096803,1676677098701
1676677097239,1676677098718
1676677097555,1676677098753
1676677097267,1676677098761
1676677097163,1676677098781
1676677097239,1676677098785
1676677097178,1676677098889
1676677097451,1676677098905
1676677097279,1676677098929
1676677097675,1676677098941
1676677097495,1676677098973
1676677096955,1676677098997
1676677097507,1676677099031
1676677098059,1676677099045
1676677097651,1676677099045
1676677097567,1676677099065
1676677097271,1676677099093
1676677097823,1676677099097
1676677097259,1676677099109
1676677097479,1676677099121
1676677098031,1676677099169
1676677097451,1676677099177
1676677097715,1676677099193
1676677097419,1676677099205
1676677097375,1676677099281
1676677097651,1676677099289
1676677097583,1676677099309
1676677097959,1676677099369
1676677097735,1676677099389
1676677097638,1676677099397
1676677098135,1676677099409
1676677097971,1676677099409
1676677098411,1676677099433
1676677098023,1676677099461
1676677098063,1676677099465
1676677098351,1676677099481
1676677097118,1676677099509
1676677098455,1676677099537
1676677098763,1676677099553
1676677098195,1676677099661
1676677098471,1676677099669
1676677098371,1676677099669
1676677098331,1676677099709
1676677098367,1676677099765
1676677098931,1676677099861
1676677098472,1676677099897
1676677098703,1676677099897
1676677098611,1676677099941
1676677098388,1676677100013
1676677098891,1676677100017
1676677099067,1676677100029
1676677097759,1676677100037
1676677099047,1676677100081
1676677099047,1676677100253
1676677099095,1676677100253
1676677099099,1676677100289
1676677099034,1676677100305
1676677098999,1676677100309
1676677098475,1676677100322
1676677099127,1676677100326
1676677099171,1676677100469
1676677099392,1676677100477
1676677098783,1676677100498
1676677099179,1676677100533
1676677098943,1676677100561
1676677099411,1676677100585
1676677098975,1676677100653
1676677098908,1676677100653
1676677098787,1676677100673
1676677099539,1676677100689
1676677099195,1676677100697
1676677099291,1676677100729
1676677099283,1676677100793
1676677099207,1676677100809
1676677098755,1676677100817
1676677098720,1676677100825
1676677099555,1676677100849
1676677099511,1676677100873
1676677099495,1676677100965
1676677099671,1676677101005
1676677099435,1676677101009
1676677099311,1676677101013
1676677099399,1676677101045
1676677099467,1676677101077
1676677099671,1676677101101
1676677099663,1676677101113
1676677099767,1676677101173
1676677099710,1676677101209
1676677100015,1676677101245
1676677099411,1676677101249
1676677099111,1676677101257
1676677099899,1676677101273
1676677099942,1676677101285
1676677100255,1676677101345
1676677099483,1676677101389
1676677099371,1676677101409
1676677100018,1676677101433
1676677100307,1676677101433
1676677099862,1676677101465
1676677100038,1676677101473
1676677099463,1676677101597
1676677099899,1676677101617
1676677100534,1676677101657
1676677100083,1676677101737
1676677100329,1676677101749
1676677100255,1676677101753
1676677100479,1676677101761
1676677100324,1676677101809
1676677100563,1676677101857
1676677100291,1676677101877
1676677100675,1676677102049
1676677100655,1676677102065
1676677100691,1676677102077
1676677100311,1676677102137
1676677100471,1676677102185
1676677100031,1676677102193
1676677100512,1676677102262
1676677100587,1676677102273
1676677100655,1676677102277
1676677100500,1676677102293
1676677101011,1676677102353
1676677101079,1676677102385
1676677100819,1676677102417
1676677101411,1676677102424
1676677100699,1676677102425
1676677100731,1676677102441
1676677100875,1676677102501
1676677101175,1676677102501
1676677100827,1676677102509
1676677101015,1676677102549
1676677100811,1676677102573
1676677101211,1676677102573
1676677101287,1676677102597
1676677101115,1676677102673
1676677100795,1676677102685
1676677101251,1676677102797
1676677101047,1676677102813
1676677101259,1676677102841
1676677101390,1676677102877
1676677101247,1676677102885
1676677101763,1676677102917
1676677101007,1676677102945
1676677101347,1676677102969
1676677101739,1676677102981
1676677101879,1676677103001
1676677101859,1676677103013
1676677101275,1676677103069
1676677101751,1676677103125
1676677101755,1676677103141
1676677101599,1676677103177
1676677101659,1676677103193
1676677100971,1676677103197
1676677100851,1676677103210
1676677102079,1676677103277
1676677102067,1676677103305
1676677101475,1676677103357
1676677101434,1676677103368
1676677102279,1676677103485
1676677102187,1676677103525
1676677102426,1676677103605
1676677102268,1676677103625
1676677102387,1676677103653
1676677102195,1676677103665
1676677102598,1676677103697
1676677102051,1676677103741
1676677102426,1676677103745
1676677102275,1676677103749
1676677101467,1676677103749
1676677101811,1676677103797
1676677102295,1676677103805
1676677102687,1676677103818
1676677102503,1676677103881
1676677102879,1676677103897
1676677102799,1676677103937
1676677101435,1676677103945
1676677101103,1676677103997
1676677102443,1676677104013
1676677102503,1676677104013
1676677102355,1676677104037
1676677102815,1676677104057
1676677102574,1676677104077
1676677102139,1676677104085
1676677102675,1676677104101
1676677102575,1676677104114
1676677101619,1676677104141
1676677102971,1676677104149
1676677102550,1676677104169
1676677102511,1676677104185
1676677103200,1676677104229
1676677103359,1676677104313
1676677103212,1676677104317
1676677103127,1676677104325
1676677103195,1676677104329
1676677103279,1676677104342
1676677103015,1676677104377
1676677102983,1676677104389
1676677103003,1676677104394
1676677103071,1676677104445
1676677102887,1676677104473
1676677102419,1676677104481
1676677102525,1676677104573
1676677103370,1676677104592
1676677103143,1676677104621
1676677102919,1676677104624
1676677103179,1676677104638
1676677103699,1676677104639
1676677102843,1676677104679
1676677103307,1676677104745
1676677102947,1676677104765
1676677103487,1676677104789
1676677103747,1676677104801
1676677103743,1676677104849
1676677103527,1676677104894
1676677103627,1676677105008
1676677103751,1676677105009
1676677103948,1676677105041
1676677103807,1676677105057
1676677103751,1676677105077
1676677103541,1676677105097
1676677103820,1676677105161
1676677104015,1676677105161
1676677103607,1676677105161
1676677104079,1676677105249
1676677104171,1676677105269
1676677104151,1676677105273
1676677103799,1676677105273
1676677104087,1676677105277
1676677104379,1676677105285
1676677104103,1676677105309
1676677104059,1676677105341
1676677104187,1676677105357
1676677104039,1676677105409
1676677104391,1676677105417
1676677104116,1676677105438
1676677103667,1676677105445
1676677104231,1676677105473
1676677104319,1676677105473
1676677103999,1676677105473
1676677104315,1676677105505
1676677103883,1676677105513
1676677103655,1676677105549
1676677104579,1676677105657
1676677104396,1676677105681
1676677104015,1676677105716
1676677104593,1676677105729
1676677104483,1676677105777
1676677104143,1676677105805
1676677104747,1676677105817
1676677104327,1676677105825
1676677103939,1676677105828
1676677104447,1676677105929
1676677103899,1676677105929
1676677105102,1676677105981
1676677104767,1676677106009
1676677104331,1676677106025
1676677104640,1676677106045
1676677104344,1676677106045
1676677104475,1676677106069
1676677104622,1676677106077
1676677104641,1676677106137
1676677104681,1676677106177
1676677105042,1676677106177
1676677105010,1676677106181
1676677105359,1676677106349
1676677105059,1676677106353
1676677105279,1676677106353
1676677105311,1676677106401
1676677104626,1676677106418
1676677105011,1676677106425
1676677105287,1676677106441
1676677104791,1676677106565
1676677104851,1676677106577
1676677105163,1676677106625
1676677104803,1676677106657
1676677105447,1676677106673
1676677105251,1676677106713
1676677105078,1676677106761
1676677105275,1676677106777
1676677105439,1676677106779
1676677105163,1676677106781
1676677104896,1676677106785
1676677105550,1676677106805
1676677105163,1676677106833
1676677105827,1676677106869
1676677105343,1676677106877
1676677105474,1676677106937
1676677105275,1676677106953
1676677106071,1676677107009
1676677105557,1676677107005
1676677105515,1676677107045
1676677105475,1676677107065
1676677105819,1676677107085
1676677105718,1676677107113
1676677105807,1676677107161
1676677105506,1676677107181
1676677105779,1676677107217
1676677105271,1676677107225
1676677105931,1676677107225
1676677105730,1676677107265
1676677105411,1676677107305
1676677105659,1676677107329
1676677106027,1676677107365
1676677105475,1676677107375
1676677105830,1676677107393
1676677106011,1676677107445
1676677105683,1676677107453
1676677106047,1676677107509
1676677106443,1676677107525
1676677106179,1676677107533
1676677106139,1676677107557
1676677106179,1676677107633
1676677106420,1676677107765
1676677106579,1676677107773
1676677106763,1676677107789
1676677105931,1676677107789
1676677105419,1676677107801
1676677106183,1676677107809
1676677106627,1676677107845
1676677106351,1676677107865
1676677106658,1676677107921
1676677106781,1676677107929
1676677106427,1676677107941
1676677106807,1676677107961
1676677106403,1676677107969
1676677106955,1676677107969
1676677106355,1676677108089
1676677106567,1676677108109
1676677106355,1676677108133
1676677106675,1676677108137
1676677106715,1676677108185
1676677106047,1676677108221
1676677107163,1676677108237
1676677107011,1676677108273
1676677105983,1676677108289
1676677106871,1676677108305
1676677107219,1676677108321
1676677107011,1676677108325
1676677106879,1676677108361
1676677106778,1676677108369
1676677107183,1676677108369
1676677106787,1676677108405
1676677107067,1676677108441
1676677107559,1676677108509
1676677107377,1676677108513
1676677107227,1676677108545
1676677107228,1676677108589
1676677107367,1676677108629
1676677107267,1676677108669
1676677107115,1676677108721
1676677107087,1676677108745
1676677106939,1676677108757
1676677107527,1676677108785
1676677107331,1676677108825
1676677107455,1676677108837
1676677106783,1676677108862
1676677107867,1676677108881
1676677107511,1676677108889
1676677107447,1676677108925
1676677107803,1676677108977
1676677107395,1676677108977
1676677107963,1676677108999
1676677107047,1676677109105
1676677107847,1676677109125
1676677108111,1676677109153
1676677106079,1676677109205
1676677107576,1676677109228
1676677107811,1676677109237
1676677107775,1676677109329
1676677107307,1676677109365
1676677108187,1676677109369
1676677107635,1676677109461
1676677108323,1676677109465
1676677107535,1676677109521
1676677108275,1676677109537
1676677107943,1676677109569
1676677107930,1676677109573
1676677108139,1676677109593
1676677108223,1676677109605
1676677108443,1676677109653
1676677108547,1676677109693
1676677107791,1676677109701
1676677108747,1676677109773
1676677108371,1676677109809
1676677108407,1676677109832
1676677106835,1676677109837
1676677107768,1676677109853
1676677108363,1676677109857
1676677108307,1676677109905
1676677107791,1676677109909
1676677107971,1676677109921
1676677108515,1676677109957
1676677108091,1676677110009
1676677108371,1676677110009
1676677108511,1676677110041
1676677108327,1676677110081
1676677108883,1676677110089
1676677108291,1676677110101
1676677107971,1676677110101
1676677108239,1676677110125
1676677108927,1676677110137
1676677108135,1676677110145
1676677108671,1676677110193
1676677108631,1676677110205
1676677108979,1676677110225
1676677107923,1676677110265
1676677108723,1676677110269
1676677108891,1676677110317
1676677108827,1676677110341
1676677108787,1676677110362
1676677109001,1676677110393
1676677108591,1676677110405
1676677109207,1676677110417
1676677108759,1676677110485
1676677108864,1676677110489
1676677109607,1676677110513
1676677108839,1676677110536
1676677108979,1676677110553
1676677109239,1676677110589
1676677109331,1676677110617
1676677109233,1676677110661
1676677109523,1676677110769
1676677109126,1676677110786
1676677109595,1676677110797
1676677109467,1676677110841
1676677109155,1676677110857
1676677109575,1676677110893
1676677109596,1676677110913
1676677109775,1676677110921
1676677109367,1676677110925
1676677109855,1676677110945
1676677109107,1676677110945
1676677109959,1676677110961
1676677109463,1676677110977
1676677110147,1676677111089
1676677109371,1676677111097
1676677110011,1676677111154
1676677109811,1676677111165
1676677109923,1676677111237
1676677110043,1676677111269
1676677109839,1676677111313
1676677109859,1676677111341
1676677109834,1676677111345
1676677109539,1676677111369
1676677110103,1676677111389
1676677110395,1676677111393
1676677109703,1676677111453
1676677110103,1676677111477
1676677109655,1676677111505
1676677110083,1676677111537
1676677110271,1676677111557
1676677110011,1676677111649
1676677109911,1676677111649
1676677109571,1676677111660
1676677110487,1676677111733
1676677110127,1676677111781
1676677110407,1676677111805
1676677110555,1676677111841
1676677109907,1676677111889
1676677110923,1676677111904
1676677110491,1676677111933
1676677110591,1676677111945
1676677110663,1676677111977
1676677110895,1676677111980
1676677110319,1676677111981
1676677109695,1676677111993
1676677110343,1676677111993
1676677110788,1676677112037
1676677110227,1676677112057
1676677110843,1676677112082
1676677110919,1676677112093
1676677110267,1676677112101
1676677110195,1676677112129
1676677110927,1676677112137
1676677110515,1676677112153
1676677110364,1676677112165
1676677110091,1676677112173
1676677110207,1676677112178
1676677110139,1676677112233
1676677110419,1676677112233
1676677110963,1676677112241
1676677110771,1676677112261
1676677110619,1676677112333
1676677111507,1676677112357
1676677111091,1676677112381
1676677110539,1676677112405
1676677110799,1676677112433
1676677110979,1676677112436
1676677110947,1676677112445
1676677111395,1676677112553
1676677111315,1676677112557
1676677111539,1676677112569
1676677111343,1676677112589
1676677110859,1676677112629
1676677111371,1676677112689
1676677111650,1676677112697
1676677111347,1676677112701
1676677111479,1676677112709
1676677111271,1676677112733
1676677111099,1676677112761
1676677110947,1676677112777
1676677111995,1676677112805
1676677111239,1676677112817
1676677111156,1676677112853
1676677111455,1676677112866
1676677111391,1676677112937
1676677111783,1676677112953
1676677111167,1676677112957
1676677111558,1676677112989
1676677111734,1676677112997
1676677111807,1676677113061
1676677112059,1676677113077
1676677111611,1676677113085
1676677111984,1676677113141
1676677112039,1676677113141
1676677111891,1676677113203
1676677111947,1676677113273
1676677112154,1676677113306
1676677112235,1676677113313
1676677111995,1676677113317
1676677112179,1676677113361
1676677111843,1676677113365
1676677111651,1676677113389
1676677111661,1676677113453
1676677112243,1676677113513
1676677112139,1676677113537
1676677112167,1676677113541
1676677112175,1676677113569
1676677112131,1676677113577
1676677111935,1676677113605
1676677112262,1676677113649
1676677112447,1676677113681
1676677112559,1676677113701
1676677112095,1676677113761
1676677112359,1676677113793
1676677111906,1676677113797
1676677112383,1676677113817
1676677112235,1676677113836
1676677111982,1676677113861
1676677112711,1676677113865
1676677112084,1676677113869
1676677112691,1676677114001
1676677112779,1676677114025
1676677112807,1676677114025
1676677112438,1676677114142
1676677112699,1676677114145
1676677111979,1676677114169
1676677112855,1676677114173
1676677112435,1676677114177
1676677112591,1676677114189
1676677113063,1676677114237
1676677113091,1676677114265
1676677112407,1676677114281
1676677112991,1676677114310
1676677112939,1676677114313
1676677112735,1676677114369
1676677113205,1676677114413
1676677112555,1676677114413
1676677112763,1676677114417
1676677112335,1676677114441
1676677113308,1676677114445
1676677112571,1676677114525
1676677112103,1676677114557
1676677113319,1676677114561
1676677113143,1676677114585
1676677113275,1676677114599
1676677112955,1676677114673
1676677112868,1676677114709
1676677113515,1676677114713
1676677113078,1676677114745
1676677113867,1676677114785
1676677112631,1676677114837
1676677113870,1676677114857
1676677112819,1676677114873
1676677112999,1676677114877
1676677113367,1676677114893
1676677112703,1676677114917
1676677113579,1676677114917
1676677113391,1676677114921
1676677113315,1676677114929
1676677113571,1676677114945
1676677113539,1676677115009
1676677113819,1676677115029
1676677113143,1676677115041
1676677113608,1676677115045
1676677113363,1676677115077
1676677113703,1676677115113
1676677113683,1676677115113
1676677113799,1676677115165
1676677113454,1676677115197
1676677114267,1676677115257
1676677113543,1676677115297
1676677114416,1676677115305
1676677113795,1676677115341
1676677114312,1676677115345
1676677113651,1676677115347
1676677112959,1676677115365
1676677114003,1676677115381
1676677113863,1676677115397
1676677113630,1676677115401
1676677114144,1676677115405
1676677114027,1676677115409
1676677114179,1676677115437
1676677114283,1676677115457
1676677113763,1676677115513
1676677114027,1676677115533
1676677114175,1676677115561
1676677114315,1676677115605
1676677113838,1676677115649
1676677114447,1676677115653
1676677114675,1676677115657
1676677114147,1676677115677
1676677114171,1676677115705
1676677114746,1676677115757
1676677114563,1676677115761
1676677114191,1676677115785
1676677114239,1676677115817
1676677114875,1676677115845
1676677114601,1676677115857
1676677114919,1676677115857
1676677114419,1676677115857
1676677114371,1676677115865
1676677114527,1676677115873
1676677114895,1676677115917
1676677114786,1676677115949
1676677114443,1676677116005
1676677114415,1676677116041
1676677115199,1676677116120
1676677114922,1676677116125
1676677115343,1676677116229
1676677114930,1676677116233
1676677115010,1676677116245
1676677114919,1676677116317
1676677114587,1676677116321
1676677114946,1676677116345
1676677114879,1676677116354
1676677115347,1676677116360
1676677114715,1676677116377
1676677115079,1676677116377
1676677115299,1676677116444
1676677115383,1676677116445
1676677115030,1676677116453
1676677115167,1676677116477
1676677115259,1676677116509
1676677115349,1676677116561
1676677114859,1676677116577
1676677114839,1676677116645
1676677115115,1676677116649
1676677115367,1676677116685
1676677115459,1676677116697
1676677115043,1676677116721
1676677114559,1676677116733
1676677115307,1676677116733
1676677115047,1676677116737
1676677114711,1676677116773
1676677115115,1676677116777
1676677115787,1676677116849
1676677115407,1676677116861
1676677115535,1676677116897
1676677115919,1676677116973
1676677115439,1676677116998
1676677115655,1676677117037
1676677115651,1676677117061
1676677115707,1676677117073
1676677115763,1676677117101
1676677115659,1676677117121
1676677115679,1676677117133
1676677115951,1676677117133
1676677115847,1676677117173
1676677115515,1676677117199
1676677116007,1676677117225
1676677115399,1676677117245
1676677115875,1676677117285
1676677115563,1676677117301
1676677115407,1676677117317
1676677115866,1676677117385
1676677115859,1676677117397
1676677116347,1676677117401
1676677116122,1676677117422
1676677115411,1676677117449
1676677115606,1676677117457
1676677115859,1676677117517
1676677115759,1676677117530
1676677116231,1676677117581
1676677116235,1676677117597
1676677115859,1676677117601
1676677116127,1676677117609
1676677115819,1676677117677
1676677116446,1676677117681
1676677116455,1676677117713
1676677116323,1676677117721
1676677116779,1676677117749
1676677116647,1676677117757
1676677116563,1676677117761
1676677116247,1676677117809
1676677116379,1676677117833
1676677116379,1676677117841
1676677116698,1676677117873
1676677116356,1676677117893
1676677116651,1676677117921
1676677116447,1676677117925
1676677116043,1676677117946
1676677116511,1676677117961
1676677116863,1676677117969
1676677117123,1676677118022
1676677116653,1676677118041
1676677116735,1676677118121
1676677116479,1676677118129
1676677116687,1676677118137
1676677116775,1676677118145
1676677116723,1676677118250
1676677117175,1676677118261
1676677116739,1676677118273
1676677116579,1676677118309
1676677116735,1676677118325
1676677117039,1676677118353
1676677116976,1676677118441
1676677116851,1676677118472
1676677116319,1676677118481
1676677117075,1676677118481
1676677116899,1676677118497
1676677117722,1676677118569
1676677117458,1676677118573
1676677117135,1676677118617
1676677117532,1676677118641
1676677117247,1676677118669
1676677116362,1676677118701
1676677117000,1676677118713
1676677117201,1676677118749
1676677117227,1676677118793
1676677117318,1676677118805
1676677117103,1676677118865
1676677117519,1676677118865
1676677117583,1676677118869
1676677117303,1676677118877
1676677117386,1676677118917
1676677117603,1676677118945
1676677117450,1676677118998
1676677117599,1676677119021
1676677117135,1676677119025
1676677117402,1676677119041
1676677117287,1676677119049
1676677117063,1676677119073
1676677117399,1676677119073
1676677117751,1676677119097
1676677117923,1676677119101
1676677117679,1676677119108
1676677117947,1676677119117
1676677117927,1676677119121
1676677117424,1676677119125
1676677117971,1676677119225
1676677117759,1676677119237
1676677118023,1676677119237
1676677117763,1676677119241
1676677117714,1676677119253
1676677118047,1676677119285
1676677118263,1676677119309
1676677117835,1676677119313
1676677117811,1676677119397
1676677118311,1676677119421
1676677118124,1676677119481
1676677118327,1676677119485
1676677118643,1676677119509
1676677118131,1676677119517
1676677117843,1676677119537
1676677118475,1676677119537
1676677117963,1676677119549
1676677117683,1676677119581
1676677118483,1676677119637
1676677117875,1676677119654
1676677117611,1676677119681
1676677118139,1676677119689
1676677118483,1676677119689
1676677117895,1676677119717
1676677118499,1676677119745
1676677118275,1676677119765
1676677118751,1676677119781
1676677118795,1676677119856
1676677118871,1676677119869
1676677118355,1676677119937
1676677118867,1676677119949
1676677118571,1676677119986
1676677118879,1676677120001
1676677118703,1676677120029
1676677118715,1676677120089
1676677119027,1676677120161
1676677118867,1676677120177
1676677118252,1676677120201
1676677118443,1676677120225
1676677119127,1676677120281
1676677119123,1676677120297
1676677118999,1676677120301
1676677119487,1676677120361
1676677119023,1676677120390
1676677118947,1676677120397
1676677118619,1676677120445
1676677118147,1676677120512
1676677119239,1676677120517
1676677119315,1676677120581
1676677118671,1676677120597
1676677119099,1676677120597
1676677119043,1676677120605
1676677119399,1676677120613
1676677119255,1676677120617
1676677119243,1676677120641
1676677119051,1676677120721
1676677119423,1676677120733
1676677119227,1676677120737
1676677119539,1676677120745
1676677118807,1676677120753
1676677119519,1676677120761
1676677118575,1676677120782
1676677118919,1676677120801
1676677119551,1676677120825
1676677119110,1676677120849
1676677119639,1676677120877
1676677119103,1676677120913
1676677119119,1676677120934
1676677119075,1676677120937
1676677119656,1676677120969
1676677119676,1676677120993
1676677119288,1676677121013
1676677119311,1676677121025
1676677119691,1676677121041
1676677119783,1676677121085
1676677119511,1676677121145
1676677119583,1676677121145
1676677119719,1676677121146
1676677119239,1676677121161
1676677119683,1676677121213
1676677119951,1676677121213
1676677119075,1676677121221
1676677119858,1676677121245
1676677119691,1676677121289
1676677119539,1676677121298
1676677119939,1676677121301
1676677119483,1676677121341
1676677120091,1676677121365
1676677120031,1676677121385
1676677119767,1676677121405
1676677119989,1676677121477
1676677120203,1676677121485
1676677120583,1676677121489
1676677120363,1676677121521
1676677120303,1676677121609
1676677119747,1676677121637
1676677119871,1676677121713
1676677120003,1676677121741
1676677120599,1676677121745
1676677120514,1676677121761
1676677120599,1676677121769
1676677120179,1676677121878
1676677120723,1676677121881
1676677120607,1676677121888
1676677120447,1676677121889
1676677120618,1676677121897
1676677120615,1676677121925
1676677120227,1676677121981
1676677120283,1676677122041
1676677120939,1676677122081
1676677120763,1676677122105
1676677120299,1676677122109
1676677120739,1676677122109
1676677120803,1676677122129
1676677120735,1676677122129
1676677120915,1676677122153
1676677120971,1676677122157
1676677121043,1676677122181
1676677120519,1676677122197
1676677120879,1676677122205
1676677120643,1676677122233
1676677120755,1676677122266
1676677120392,1676677122269
1676677121247,1676677122289
1676677120399,1676677122329
1676677121291,1676677122337
1676677121015,1676677122349
1676677120999,1676677122377
1676677120784,1676677122389
1676677121223,1676677122413
1676677121087,1676677122431
1676677120163,1676677122449
1676677121147,1676677122453
1676677121300,1676677122469
1676677120747,1676677122481
1676677121215,1676677122533
1676677121163,1676677122553
1676677120827,1676677122589
1676677121524,1676677122621
1676677121367,1676677122633
1676677121215,1676677122637
1676677121487,1676677122689
1676677120851,1676677122705
1676677121343,1676677122717
1676677121147,1676677122717
1676677121148,1676677122773
1676677120936,1676677122797
1676677121639,1676677122813
1676677121303,1676677122833
1676677121027,1676677122969
1676677121714,1676677122973
1676677121927,1676677122973
1676677121611,1676677122990
1676677121491,1676677123105
1676677122131,1676677123109
1676677122183,1676677123177
1676677122131,1676677123181
1676677122268,1676677123189
1676677121479,1676677123233
1676677121387,1676677123241
1676677122534,1676677123265
1676677121743,1676677123297
1676677122111,1676677123345
1676677121746,1676677123365
1676677121883,1676677123389
1676677122159,1676677123437
1676677121407,1676677123481
1676677121762,1676677123481
1676677122471,1676677123489
1676677121881,1676677123532
1676677122351,1676677123557
1676677122271,1676677123589
1676677122107,1676677123593
1676677122043,1676677123597
1676677122291,1676677123605
1676677121899,1676677123625
1676677122199,1676677123657
1676677121770,1676677123669
1676677122207,1676677123769
1676677122451,1676677123781
1676677122591,1676677123817
1676677122379,1676677123825
1676677122555,1676677123861
1676677122719,1676677123937
1676677122415,1676677123953
1676677122433,1676677123981
1676677122083,1676677123985
1676677122707,1676677123989
1676677122623,1676677124013
1676677122111,1676677124021
1676677122331,1676677124033
1676677122455,1676677124061
1676677121890,1676677124077
1676677122155,1676677124077
1676677122639,1676677124093
1676677121891,1676677124113
1676677121983,1676677124137
1676677122971,1676677124141
1676677122391,1676677124181
1676677122692,1676677124221
1676677122775,1676677124225
1676677122235,1676677124241
1676677123107,1676677124253
1676677122799,1676677124253
1676677122815,1676677124269
1676677122835,1676677124369
1676677122635,1676677124381
1676677122339,1676677124381
1676677122719,1676677124485
1676677122483,1676677124529
1676677123347,1676677124573
1676677123299,1676677124613
1676677123267,1676677124621
1676677123595,1676677124636
1676677123599,1676677124650
1676677122975,1676677124653
1676677123235,1676677124685
1676677123191,1676677124753
1676677123939,1676677124769
1676677123183,1676677124793
1676677123111,1676677124809
1676677122975,1676677124817
1676677122992,1676677124829
1676677123659,1676677124849
1676677123607,1676677124876
1676677123819,1676677124889
1676677123179,1676677124921
1676677123534,1676677124933
1676677123955,1676677124949
1676677123483,1676677124965
1676677123483,1676677124965
1676677123243,1676677124997
1676677123439,1676677125003
1676677123671,1676677125009
1676677123367,1676677125033
1676677123987,1676677125045
1676677123863,1676677125058
1676677123627,1676677125101
1676677124095,1676677125145
1676677124079,1676677125201
1676677123827,1676677125201
1676677124023,1676677125213
1676677123391,1676677125217
1676677123491,1676677125305
1676677124015,1676677125305
1676677123560,1676677125349
1676677124115,1676677125373
1676677124143,1676677125421
1676677123783,1676677125433
1676677124243,1676677125441
1676677124035,1676677125473
1676677123591,1676677125485
1676677124228,1676677125529
1676677124223,1676677125534
1676677124382,1676677125541
1676677124795,1676677125605
1676677124063,1676677125613
1676677123771,1676677125621
1676677124183,1676677125669
1676677124271,1676677125677
1676677123991,1676677125697
1676677124079,1676677125697
1676677124255,1676677125717
1676677123983,1676677125717
1676677124615,1676677125753
1676677124531,1676677125789
1676677124891,1676677125829
1676677124831,1676677125841
1676677124139,1676677125865
1676677124383,1676677125889
1676677124487,1676677125917
1676677124638,1676677126013
1676677124851,1676677126097
1676677124819,1676677126161
1676677124700,1676677126161
1676677124371,1676677126197
1676677124574,1676677126201
1676677124655,1676677126201
1676677125102,1676677126229
1676677124811,1676677126281
1676677124623,1676677126293
1676677124687,1676677126381
1676677124255,1676677126485
1676677124755,1676677126493
1676677125004,1676677126517
1676677124999,1676677126521
1676677125214,1676677126529
1676677125147,1676677126549
1676677125487,1676677126601
1676677125219,1676677126653
1676677124967,1676677126669
1676677124652,1676677126689
1676677124951,1676677126737
1676677124771,1676677126750
1676677125011,1676677126793
1676677124878,1676677126794
1676677125435,1676677126809
1676677125060,1676677126901
1676677125307,1676677126949
1676677125203,1676677126997
1676677125307,1676677127005
1676677125543,1676677127037
1676677125351,1676677127037
1676677124935,1676677127038
1676677125531,1676677127041
1676677125607,1676677127093
1676677124923,1676677127104
1676677124967,1676677127105
1676677125843,1676677127125
1676677125679,1676677127125
1676677125375,1676677127193
1676677125047,1676677127197
1676677125791,1676677127221
1676677125919,1676677127245
1676677125719,1676677127261
1676677125203,1676677127269
1676677126203,1676677127281
1676677125475,1676677127281
1676677125443,1676677127285
1676677125754,1676677127301
1676677125699,1676677127301
1676677125699,1676677127310
1676677125671,1676677127313
1676677125423,1676677127341
1676677125034,1676677127365
1676677125536,1676677127366
1676677125719,1676677127405
1676677126283,1676677127445
1676677125831,1676677127453
1676677126167,1676677127489
1676677126203,1676677127525
1676677125615,1676677127529
1676677125891,1676677127529
1676677125623,1676677127565
1676677126015,1676677127577
1676677126099,1676677127585
1676677126163,1676677127633
1676677126199,1676677127645
1676677126383,1676677127645
1676677126796,1676677127661
1676677126531,1676677127753
1676677126691,1676677127756
1676677125867,1676677127773
1676677126231,1676677127817
1676677126904,1676677127893
1676677126495,1676677127897
1676677126487,1676677127945
1676677126295,1676677127945
1676677126551,1676677128009
1676677126655,1676677128101
1676677126811,1676677128165
1676677126751,1676677128185
1676677126795,1676677128193
1676677126671,1676677128193
1676677126523,1676677128237
1676677127312,1676677128237
1676677126603,1676677128251
1676677126519,1676677128281
1676677127039,1676677128282
1676677127043,1676677128285
1676677127447,1676677128301
1676677127368,1676677128333
1676677126739,1676677128358
1676677127127,1676677128445
1676677127194,1676677128449
1676677126999,1676677128453
1676677127199,1676677128470
1676677127039,1676677128497
1676677127303,1676677128505
1676677127040,1676677128537
1676677127283,1676677128557
1676677126950,1676677128597
1676677127635,1676677128669
1676677127587,1676677128697
1676677127007,1676677128725
1676677127531,1676677128749
1676677127527,1676677128773
1676677127531,1676677128821
1676677127647,1676677128832
1676677127567,1676677128833
1676677127454,1676677128905
1676677127407,1676677128929
1676677127107,1676677128945
1676677127247,1676677129009
1676677127263,1676677129025
1676677127095,1676677129033
1676677127343,1676677129045
1676677127126,1676677129097
1676677127367,1676677129097
1676677127106,1676677129117
1676677127283,1676677129149
1676677127491,1676677129153
1676677127579,1676677129161
1676677128011,1676677129185
1676677128167,1676677129189
1676677127303,1676677129193
1676677127647,1676677129237
1676677127819,1676677129245
1676677127663,1676677129245
1676677127754,1676677129255
1676677127315,1676677129293
1676677127899,1676677129301
1676677127757,1676677129301
1676677127775,1676677129345
1676677127895,1676677129357
1676677127223,1676677129365
1676677128239,1676677129369
1676677128195,1676677129454
1676677128187,1676677129469
1676677127287,1676677129485
1676677127947,1676677129505
1676677127271,1676677129577
1676677128361,1676677129577
1676677128239,1676677129581
1676677128195,1676677129585
1676677128283,1676677129593
1676677128103,1676677129617
1676677128447,1676677129617
1676677128499,1676677129636
1676677128455,1676677129665
1676677128303,1676677129677
1676677128599,1676677129709
1676677128540,1676677129720
1676677128699,1676677129721
1676677128284,1676677129785
1676677128931,1676677129829
1676677128472,1676677129829
1676677128287,1676677129829
1676677128336,1676677129841
1676677128775,1676677129842
1676677128823,1676677129901
1676677128253,1676677129917
1676677127947,1676677129928
1676677128451,1676677129929
1676677128671,1676677129953
1676677128834,1676677129961
1676677128727,1676677130052
1676677129011,1676677130137
1676677129027,1676677130151
1676677129195,1676677130181
1676677129047,1676677130208
1676677128507,1676677130241
1676677129035,1676677130253
1676677129303,1676677130341
1676677129667,1676677130345
1676677129155,1676677130357
1676677129257,1676677130373
1676677128947,1676677130401
1676677129347,1676677130401
1676677129099,1676677130461
1676677129151,1676677130481
1676677129579,1676677130549
1676677128559,1676677130561
1676677128907,1676677130572
1676677129247,1676677130573
1676677129507,1676677130657
1676677128751,1676677130677
1676677129163,1676677130709
1676677129638,1676677130709
1676677128834,1676677130729
1676677129619,1676677130753
1676677129119,1676677130754
1676677129359,1676677130757
1676677129294,1676677130769
1676677129830,1676677130786
1676677129303,1676677130801
1676677129786,1676677130809
1676677129456,1676677130841
1676677129191,1676677130845
1676677129099,1676677130877
1676677129711,1676677130877
1676677129595,1676677130889
1676677129583,1676677130929
1676677129187,1676677130937
1676677129842,1676677130965
1676677129587,1676677130969
1676677129247,1676677131073
1676677129487,1676677131085
1676677129579,1676677131121
1676677129831,1676677131226
1676677129471,1676677131261
1676677129963,1676677131289
1676677129679,1676677131293
1676677129370,1676677131313
1676677129619,1676677131349
1676677129723,1676677131357
1676677129930,1676677131417
1676677129831,1676677131429
1676677129239,1676677131433
1676677129919,1676677131449
1676677129903,1676677131505
1676677129931,1676677131565
1676677130359,1676677131597
1676677129722,1676677131598
1676677130139,1676677131653
1676677130755,1676677131673
1676677130242,1676677131677
1676677129844,1676677131729
1676677130343,1676677131733
1676677130210,1676677131781
1676677130402,1676677131813
1676677130153,1676677131840
1676677130659,1676677131841
1676677129955,1676677131921
1676677130679,1676677131929
1676677130551,1676677131933
1676677130054,1676677131973
1676677130347,1676677131973
1676677130183,1676677131989
1676677130462,1676677132017
1676677130756,1676677132033
1676677130402,1676677132045
1676677130802,1676677132049
1676677130811,1676677132057
1676677130575,1676677132093
1676677130255,1676677132097
1676677129367,1676677132105
1676677130731,1676677132109
1676677130711,1676677132129
1676677130971,1676677132169
1676677130788,1676677132177
1676677130847,1676677132213
1676677130759,1676677132217
1676677130374,1676677132225
1676677130574,1676677132238
1676677130939,1676677132245
1676677130843,1676677132329
1676677130563,1676677132345
1676677130891,1676677132345
1676677131228,1676677132393
1676677130879,1676677132393
1676677130967,1676677132417
1676677131451,1676677132429
1676677130483,1676677132445
1676677131123,1676677132513
1676677131087,1676677132529
1676677130711,1676677132529
1676677130771,1676677132553
1676677131295,1676677132585
1676677131291,1676677132625
1676677130879,1676677132677
1676677131435,1676677132697
1676677131075,1676677132705
1676677131675,1676677132705
1676677131931,1676677132765
1676677131351,1676677132801
1676677130931,1676677132801
1676677131567,1676677132833
1676677131600,1676677132889
1676677131359,1676677132909
1676677131923,1676677132921
1676677131315,1676677132945
1676677131655,1676677132985
1676677131679,1676677133037
1676677131431,1676677133057
1676677131263,1676677133173
1676677131815,1676677133185
1676677132111,1676677133205
1676677131731,1676677133241
1676677132099,1676677133277
1676677132431,1676677133285
1676677131991,1676677133293
1676677131782,1676677133301
1676677131975,1676677133309
1676677132131,1676677133329
1676677132219,1676677133346
1676677132330,1676677133352
1676677131935,1676677133353
1676677132171,1676677133393
1676677131975,1676677133405
1676677132019,1676677133413
1676677132035,1676677133449
1676677131843,1676677133461
1676677131419,1676677133461
1676677132395,1676677133469
1676677132107,1676677133494
1676677132051,1676677133537
1676677132446,1676677133589
1676677132419,1676677133597
1676677132095,1676677133601
1676677132226,1676677133617
1676677132346,1676677133617
1676677132047,1676677133645
1676677131735,1676677133665
1676677132707,1676677133665
1676677132586,1676677133713
1676677131507,1676677133717
1676677132247,1676677133741
1676677132395,1676677133801
1676677132555,1676677133805
1676677132515,1676677133813
1676677131842,1676677133829
1676677132531,1676677133849
1676677132215,1676677133849
1676677132699,1676677133901
1676677132059,1676677133910
1676677132531,1676677133925
1676677131599,1676677133965
1676677132803,1676677133993
1676677132179,1676677134021
1676677132627,1676677134049
1676677132240,1676677134097
1676677132707,1676677134157
1676677132803,1676677134189
1676677132923,1676677134197
1676677132767,1676677134217
1676677133207,1676677134245
1676677132835,1676677134249
1676677133187,1676677134249
1676677133295,1676677134265
1676677133406,1676677134293
1676677132678,1676677134333
1676677132346,1676677134369
1676677132891,1676677134409
1676677132910,1676677134497
1676677133303,1676677134525
1676677133243,1676677134545
1676677133395,1676677134545
1676677133348,1676677134613
1676677133059,1676677134633
1676677133354,1676677134685
1676677133471,1676677134689
1676677132987,1676677134733
1676677133355,1676677134737
1676677133496,1676677134737
1676677133619,1676677134785
1676677133331,1676677134789
1676677133175,1676677134825
1676677133463,1676677134865
1676677133279,1676677134873
1676677132947,1676677134876
1676677133539,1676677134881
1676677133311,1676677134893
1676677133591,1676677134909
1676677133995,1676677134925
1676677133743,1676677134977
1676677133415,1676677134985
1676677133463,1676677134989
1676677133667,1676677135049
1676677133039,1676677135057
1676677133967,1676677135077
1676677133451,1676677135097
1676677133667,1676677135105
1676677133599,1676677135141
1676677133831,1676677135149
1676677133803,1676677135165
1676677133647,1676677135169
1676677133806,1676677135209
1676677133912,1676677135217
1676677133287,1676677135229
1676677133851,1676677135285
1676677134051,1676677135301
1676677133719,1676677135329
1676677133903,1676677135337
1676677134219,1676677135361
1676677134247,1676677135361
1676677133603,1676677135389
1676677134099,1676677135481
1676677133851,1676677135493
1676677133815,1676677135517
1676677134158,1676677135537
1676677133619,1676677135601
1676677134371,1676677135609
1676677134547,1676677135661
1676677134191,1676677135669
1676677134295,1676677135681
1676677134614,1676677135685
1676677134199,1676677135697
1676677134691,1676677135717
1676677134267,1676677135729
1676677134927,1676677135813
1676677134527,1676677135849
1676677134987,1676677135857
1676677134499,1676677135857
1676677133715,1676677135877
1676677134877,1676677135937
1676677134251,1676677135965
1676677134411,1676677135978
1676677134739,1676677135989
1676677134911,1676677136049
1676677134335,1676677136057
1676677134979,1676677136061
1676677134687,1676677136082
1676677134827,1676677136109
1676677133927,1676677136109
1676677134883,1676677136169
1676677135231,1676677136209
1676677134635,1676677136213
1676677134251,1676677136213
1676677134023,1676677136281
1676677134787,1676677136293
1676677135391,1676677136301
1676677134547,1676677136321
1676677135079,1676677136329
1676677134895,1676677136353
1676677134867,1676677136385
1676677135331,1676677136385
1676677135059,1676677136406
1676677135107,1676677136421
1676677135219,1676677136425
1676677135363,1676677136437
1676677134739,1676677136441
1676677135339,1676677136441
1676677134735,1676677136513
1676677134875,1676677136513
1676677135363,1676677136533
1676677134791,1676677136545
1676677135099,1676677136561
1676677135171,1676677136569
1676677135519,1676677136645
1676677135303,1676677136649
1676677135151,1676677136713
1676677135143,1676677136715
1676677135683,1676677136745
1676677135167,1676677136745
1676677135211,1676677136837
1676677135671,1676677136869
1676677135539,1676677136869
1676677135611,1676677136881
1676677136111,1676677136890
1676677135851,1676677136893
1676677135051,1676677136913
1676677135494,1676677136921
1676677135483,1676677136933
1676677135699,1676677136937
1676677134991,1676677136945
1676677135663,1676677137013
1676677135603,1676677137029
1676677135879,1676677137061
1676677136111,1676677137153
1676677135731,1676677137181
1676677135967,1676677137197
1676677136214,1676677137261
1676677135815,1676677137301
1676677136515,1676677137329
1676677136215,1676677137357
1676677136063,1676677137373
1676677135287,1676677137389
1676677136211,1676677137421
1676677136051,1676677137430
1676677136387,1676677137469
1676677135939,1676677137485
1676677136427,1676677137492
1676677136331,1676677137501
1676677135859,1676677137517
1676677135980,1676677137546
1676677136083,1676677137593
1676677135991,1676677137609
1676677135687,1676677137613
1676677136295,1676677137617
1676677135719,1676677137625
1676677136423,1676677137645
1676677136059,1676677137677
1676677136515,1676677137685
1676677136547,1676677137749
1676677136323,1676677137757
1676677136563,1676677137785
1676677136387,1676677137833
1676677136303,1676677137849
1676677136650,1676677137857
1676677136717,1676677137860
1676677136283,1676677137889
1676677136882,1676677137905
1676677135859,1676677137937
1676677136895,1676677137997
1676677136409,1676677138001
1676677136746,1676677138009
1676677136443,1676677138017
1676677136647,1676677138021
1676677136171,1676677138029
1676677136571,1676677138105
1676677136914,1676677138157
1676677136871,1676677138165
1676677137014,1676677138177
1676677136838,1676677138197
1676677136939,1676677138207
1676677137303,1676677138229
1676677136443,1676677138229
1676677136535,1676677138237
1676677136715,1676677138241
1676677137375,1676677138241
1676677137199,1676677138281
1676677136947,1676677138293
1676677136891,1676677138341
1676677137183,1676677138341
1676677136439,1676677138391
1676677137612,1676677138469
1676677137155,1676677138477
1676677136922,1676677138501
1676677137031,1676677138509
1676677136747,1676677138517
1676677136355,1676677138517
1676677137619,1676677138541
1676677137062,1676677138541
1676677136934,1676677138565
1676677137391,1676677138570
1676677137686,1676677138589
1676677136871,1676677138633
1676677137471,1676677138641
1676677137359,1676677138653
1676677137519,1676677138717
1676677137758,1676677138773
1676677137627,1676677138789
1676677137331,1676677138833
1676677137487,1676677138845
1676677137851,1676677138861
1676677137432,1676677138877
1676677137751,1676677138881
1676677137263,1676677139041
1676677137679,1676677139049
1676677137423,1676677139073
1676677137647,1676677139089
1676677137862,1676677139109
1676677137548,1676677139109
1676677138011,1676677139205
1676677138243,1676677139273
1676677137906,1676677139277
1676677138199,1676677139281
1676677137939,1676677139305
1676677138231,1676677139333
1676677137891,1676677139353
1676677137594,1676677139353
1676677137787,1676677139353
1676677138179,1676677139377
1676677138019,1676677139417
1676677138167,1676677139449
1676677138295,1676677139481
1676677137858,1676677139507
1676677137615,1676677139521
1676677138159,1676677139549
1676677137503,1676677139558
1676677138231,1676677139561
1676677138003,1676677139573
1676677137999,1676677139618
1676677138107,1676677139669
1676677138243,1676677139685
1676677138283,1676677139705
1676677138519,1676677139757
1676677138567,1676677139789
1676677138643,1676677139805
1676677138031,1676677139821
1676677138719,1676677139845
1676677138519,1676677139846
1676677138835,1676677139889
1676677137835,1676677139941
1676677138343,1676677139965
1676677138511,1676677139969
1676677138209,1676677140003
1676677138543,1676677140081
1676677138655,1676677140089
1676677138023,1676677140125
1676677138503,1676677140141
1676677138571,1676677140188
1676677138863,1676677140213
1676677138393,1676677140225
1676677138471,1676677140261
1676677139335,1676677140277
1676677138791,1676677140321
1676677138343,1676677140325
1676677138847,1676677140333
1676677139091,1676677140346
1676677138479,1676677140357
1676677138543,1676677140409
1676677139052,1676677140433
1676677139707,1676677140441
1676677139043,1676677140445
1676677139307,1676677140473
1676677138879,1676677140476
1676677139075,1676677140505
1676677138775,1676677140505
1676677138239,1676677140524
1676677138591,1676677140529
1676677139355,1676677140537
1676677139111,1676677140553
1676677139419,1676677140569
1676677139275,1676677140629
1676677139111,1676677140669
1676677139891,1676677140717
1676677139560,1676677140739
1676677138883,1676677140769
1676677139847,1676677140773
1676677139563,1676677140817
1676677139848,1676677140873
1676677139355,1676677140873
1676677139283,1676677140901
1676677139944,1676677140913
1676677139523,1676677140921
1676677139451,1676677140937
1676677139551,1676677140953
1676677139279,1676677140981
1676677139354,1676677140985
1676677139509,1676677140997
1676677139620,1676677141013
1676677140083,1676677141025
1676677139759,1676677141065
1676677139483,1676677141065
1676677139575,1676677141085
1676677139687,1676677141092
1676677139971,1676677141225
1676677140189,1676677141233
1676677138635,1676677141253
1676677140127,1676677141257
1676677139207,1676677141277
1676677139378,1676677141318
1676677140227,1676677141357
1676677140215,1676677141369
1676677140263,1676677141373
1676677140005,1676677141425
1676677140443,1676677141444
1676677139807,1676677141469
1676677139967,1676677141477
1676677140359,1676677141509
1676677140539,1676677141593
1676677140091,1676677141665
1676677140279,1676677141665
1676677140348,1676677141705
1676677140507,1676677141717
1676677140323,1676677141725
1676677139671,1676677141733
1676677139823,1676677141773
1676677140775,1676677141789
1676677140507,1676677141798
1676677140143,1676677141821
1676677140411,1676677141821
1676677140336,1676677141861
1676677140555,1676677141961
1676677140875,1676677141961
1676677139791,1676677142053
1676677140719,1676677142053
1676677140914,1676677142077
1676677140903,1676677142085
1676677141260,1676677142093
1676677140571,1676677142149
1676677140447,1676677142170
1676677140531,1676677142177
1676677141227,1676677142293
1676677140475,1676677142297
1676677140923,1676677142305
1676677140631,1676677142341
1676677140819,1676677142345
1676677141255,1676677142401
1676677141094,1676677142421
1676677140771,1676677142425
1676677141371,1676677142441
1676677140875,1676677142449
1676677141015,1676677142453
1676677141471,1676677142497
1676677141446,1676677142561
1676677140477,1676677142581
1676677140671,1676677142601
1676677141067,1676677142601
1676677140987,1676677142621
1676677140983,1676677142629
1676677140526,1676677142629
1676677140955,1676677142637
1676677141319,1676677142661
1676677141359,1676677142681
1676677141027,1676677142685
1676677140327,1676677142745
1676677141279,1676677142761
1676677141066,1676677142773
1676677141087,1676677142801
1676677141511,1676677142853
1676677140939,1676677142857
1676677140999,1676677142885
1676677140741,1676677142893
1676677141791,1676677142957
1676677141667,1676677142993
1676677141863,1676677143005
1676677141375,1676677143009
1676677141719,1676677143021
1676677140435,1676677143081
1676677141479,1676677143081
1676677141823,1676677143097
1676677142307,1676677143117
1676677141727,1676677143121
1676677141595,1676677143169
1676677142079,1676677143229
1676677142087,1676677143233
1676677141235,1676677143237
1676677141667,1676677143253
1676677141735,1676677143257
1676677141963,1676677143261
1676677142343,1676677143365
1676677141427,1676677143369
1676677142150,1676677143373
1676677141963,1676677143390
1676677141799,1676677143393
1676677142055,1676677143393
1676677142299,1676677143477
1676677141823,1676677143497
1676677142427,1676677143521
1676677142603,1676677143557
1676677142562,1676677143561
1676677142762,1676677143581
1676677142055,1676677143609
1676677142455,1676677143621
1676677142347,1676677143665
1676677141707,1676677143681
1676677142178,1676677143685
1676677142172,1676677143705
1676677142499,1676677143797
1676677142451,1676677143829
1676677142423,1676677143829
1676677142443,1676677143853
1676677142686,1676677143905
1676677142774,1676677143905
1676677142403,1676677143925
1676677142662,1676677143929
1676677142295,1676677143957
1676677142631,1676677143965
1676677142803,1676677143973
1676677142095,1676677144013
1676677143007,1676677144013
1676677143122,1676677144029
1676677142630,1676677144033
1676677143083,1676677144085
1676677143255,1676677144097
1676677142746,1676677144129
1676677142639,1676677144137
1676677142995,1676677144249
1676677143231,1676677144301
1676677142855,1676677144321
1676677142959,1676677144357
1676677143011,1676677144489
1676677142895,1676677144505
1676677143099,1676677144513
1676677143394,1676677144569
1676677143259,1676677144641
1676677142682,1676677144645
1676677143023,1676677144649
1676677142886,1676677144697
1676677143375,1676677144701
1676677142859,1676677144721
1676677142623,1676677144729
1676677143235,1676677144749
1676677143667,1676677144801
1676677142603,1676677144849
1676677143367,1676677144857
1676677143263,1676677144889
1676677143563,1676677144912
1676677143239,1676677144917
1676677143083,1676677144949
1676677143171,1676677144965
1676677142583,1676677144965
1676677143831,1676677144977
1676677143611,1676677144993
1676677143371,1676677145017
1676677143392,1676677145025
1676677143975,1676677145041
1676677143559,1676677145049
1676677143855,1676677145082
1676677143479,1676677145110
1676677143687,1676677145121
1676677143523,1676677145141
1676677143395,1676677145145
1676677143623,1676677145153
1676677143707,1676677145185
1676677143907,1676677145189
1676677143683,1676677145209
1676677144015,1676677145242
1676677143958,1676677145289
1676677143119,1676677145301
1676677143499,1676677145302
1676677143583,1676677145329
1676677144359,1676677145333
1676677144031,1676677145345
1676677144015,1676677145405
1676677144251,1676677145457
1676677144035,1676677145521
1676677144139,1676677145545
1676677143831,1676677145549
1676677144131,1676677145573
1676677144323,1676677145577
1676677143906,1676677145601
1676677143967,1676677145689
1676677143799,1676677145716
1676677143930,1676677145757
1676677144099,1676677145761
1676677144087,1676677145773
1676677144651,1676677145797
1676677144515,1676677145804
1676677143926,1676677145881
1676677144731,1676677145917
1676677144995,1676677145925
1676677144643,1676677145965
1676677144723,1676677145997
1676677144703,1676677145997
1676677144859,1676677146013
1676677144507,1676677146021
1676677144850,1676677146021
1676677144571,1676677146081
1676677144303,1676677146101
1676677144919,1676677146173
1676677145043,1676677146249
1676677144751,1676677146289
1676677144491,1676677146293
1676677144698,1676677146313
1676677145335,1676677146349
1676677145211,1676677146365
1676677145123,1676677146365
1676677144951,1676677146377
1676677145027,1676677146389
1676677145155,1676677146413
1676677145244,1676677146418
1676677144979,1676677146477
1676677144967,1676677146481
1676677145051,1676677146501
1676677145111,1676677146529
1676677145019,1676677146533
1676677144802,1676677146557
1676677145291,1676677146605
1676677145407,1676677146645
1676677144891,1676677146669
1676677145187,1676677146697
1676677145347,1676677146729
1676677145303,1676677146733
1676677145147,1676677146765
1676677144647,1676677146769
1676677145083,1676677146809
1676677145805,1676677146833
1676677145603,1676677146881
1676677144967,1676677146901
1676677145883,1676677146957
1676677145304,1676677146957
1676677145547,1676677146973
1676677145143,1676677146983
1676677145919,1676677146989
1676677145551,1676677146996
1676677145763,1676677147013
1676677145459,1676677147029
1676677146023,1676677147045
1676677145718,1676677147053
1676677145691,1676677147061
1676677145579,1676677147069
1676677145775,1676677147125
1676677145575,1676677147145
1676677145331,1676677147153
1676677146023,1676677147156
1676677145523,1676677147165
1676677145191,1676677147169
1676677145799,1676677147193
1676677145999,1676677147233
1676677145927,1676677147253
1676677145759,1676677147321
1676677146084,1676677147381
1676677146559,1676677147417
1676677146416,1676677147466
1676677146735,1676677147469
1676677146483,1676677147469
1676677145999,1676677147497
1676677146314,1676677147513
1676677146295,1676677147541
1676677146367,1676677147563
1676677146015,1676677147618
1676677146251,1676677147645
1676677145967,1676677147649
1676677146290,1676677147745
1676677146103,1676677147765
1676677146647,1676677147833
1676677146503,1676677147853
1676677146811,1676677147905
1676677146367,1676677147937
1676677146420,1676677147949
1676677146351,1676677147997
1676677146379,1676677148001
1676677146699,1676677148013
1676677146671,1676677148025
1676677146731,1676677148049
1676677146607,1676677148073
1676677146771,1676677148073
1676677146535,1676677148085
1676677146478,1676677148145
1676677146985,1676677148201
1676677146903,1676677148221
1676677147155,1676677148225
1676677147147,1676677148285
1676677146767,1676677148297
1676677147031,1676677148345
1676677146982,1676677148398
1676677147055,1676677148425
1676677147167,1676677148429
1676677147158,1676677148441
1676677147047,1676677148453
1676677146175,1676677148473
1676677146531,1676677148476
1676677146991,1676677148513
1676677146835,1676677148525
1676677147071,1676677148545
1676677147128,1676677148549
1676677147255,1676677148557
1676677146959,1676677148561
1676677146883,1676677148593
1676677147235,1676677148637
1676677147171,1676677148645
1676677147015,1676677148673
1676677147063,1676677148753
1676677147499,1676677148769
1676677147195,1676677148773
1676677147565,1676677148773
1676677147619,1676677148773
1676677147323,1676677148785
1676677147383,1676677148829
1676677147651,1676677148865
1676677146997,1676677148901
1676677147419,1676677148941
1676677147835,1676677148949
1676677147907,1676677148997
1676677146959,1676677149005
1676677147471,1676677149037
1676677148027,1676677149037
1676677147999,1676677149038
1676677147543,1676677149045
1676677147855,1676677149105
1676677147468,1676677149129
1676677147647,1676677149141
1676677148003,1676677149158
1676677148223,1676677149161
1676677147747,1676677149225
1676677147767,1676677149232
1676677146390,1676677149265
1676677148075,1676677149309
1676677147951,1676677149349
1676677147939,1676677149373
1676677148347,1676677149399
1676677148051,1676677149409
1676677148455,1676677149461
1676677148203,1676677149505
1676677148227,1676677149577
1676677148443,1676677149649
1676677148400,1676677149673
1676677148075,1676677149685
1676677148431,1676677149697
1676677148087,1676677149721
1676677148287,1676677149725
1676677148427,1676677149741
1676677148527,1676677149777
1676677148547,1676677149817
1676677148015,1676677149849
1676677148647,1676677149853
1676677148475,1676677149857
1676677147471,1676677149865
1676677148478,1676677149877
1676677148787,1676677149909
1676677148147,1676677149913
1676677148563,1676677149921
1676677148595,1676677149961
1676677148299,1676677149981
1676677148559,1676677149993
1676677148866,1676677150069
1676677148675,1676677150081
1676677148775,1676677150101
1676677148771,1676677150165
1676677148775,1676677150197
1676677149233,1676677150249
1676677148551,1676677150285
1676677149163,1676677150360
1676677149007,1676677150369
1676677149040,1676677150377
1676677148774,1676677150377
1676677149047,1676677150378
1676677149266,1676677150397
1676677148515,1676677150397
1676677149131,1676677150437
1676677148755,1676677150437
1676677148639,1676677150461
1676677149159,1676677150465
1676677148951,1676677150521
1676677149411,1676677150553
1676677149039,1676677150565
1676677149463,1676677150609
1676677149311,1676677150617
1676677149401,1676677150645
1676677149039,1676677150665
1676677148902,1676677150681
1676677149699,1676677150705
1676677149855,1676677150725
1676677149506,1676677150733
1676677149375,1676677150769
1676677149779,1676677150809
1676677149351,1676677150817
1676677148999,1676677150819
1676677148943,1676677150821
1676677149143,1676677150961
1676677148831,1676677151001
1676677149851,1676677151009
1676677149743,1676677151033
1676677149107,1676677151093
1676677149963,1676677151113
1676677149867,1676677151117
1676677150398,1676677151137
1676677149687,1676677151141
1676677149723,1676677151170
1676677149915,1676677151237
1676677150167,1676677151237
1676677149859,1676677151285
1676677149226,1676677151297
1676677149651,1676677151337
1676677149879,1676677151349
1676677149675,1676677151357
1676677149984,1676677151369
1676677149911,1676677151389
1676677149923,1676677151473
1676677149727,1676677151537
1676677150618,1676677151545
1676677150522,1676677151545
1676677150250,1676677151629
1676677150462,1676677151681
1676677150370,1676677151721
1676677150438,1676677151726
1676677150398,1676677151741
1676677149579,1676677151748
1676677150379,1676677151813
1676677150466,1676677151814
1676677149994,1676677151829
1676677149819,1676677151849
1676677151035,1676677151861
1676677150378,1676677151873
1676677150378,1676677151881
1676677150103,1676677151885
1676677150199,1676677151889
1676677150820,1676677151905
1676677150362,1676677151909
1676677150070,1676677151913
1676677150438,1676677151921
1676677150818,1676677151925
1676677150682,1676677151927
1676677150566,1676677151953
1676677150963,1676677151985
1676677150610,1676677152017
1676677150734,1676677152029
1676677150287,1676677152057
1676677151095,1676677152093
1676677150810,1676677152172
1676677151011,1676677152189
1676677150667,1676677152190
1676677151138,1676677152293
1676677150646,1676677152313
1676677150770,1676677152333
1676677151115,1676677152365
1676677151003,1676677152393
1676677150726,1676677152449
1676677150706,1676677152513
1676677151359,1676677152545
1676677150555,1676677152549
1676677151239,1676677152557
1676677151287,1676677152577
1676677151339,1676677152593
1676677150822,1676677152645
1676677151351,1676677152726
1676677151371,1676677152742
1676677151118,1676677152758
1676677151172,1676677152757
1676677151723,1676677152761
1676677151816,1676677152769
1676677151546,1676677152789
1676677151143,1676677152821
1676677151475,1676677152857
1676677151391,1676677152885
1676677151749,1676677152901
1676677151238,1676677152921
1676677151683,1676677152953
1676677151987,1676677152957
1676677151863,1676677152961
1676677151915,1676677152969
1676677151547,1676677153085
1676677151875,1676677153101
1676677151728,1676677153125
1676677151927,1676677153153
1676677151928,1676677153217
1676677151887,1676677153253
1676677151539,1676677153268
1676677152031,1676677153269
1676677152059,1676677153302
1676677151743,1676677153337
1676677151955,1676677153377
1676677151631,1676677153413
1676677152315,1676677153441
1676677151891,1676677153461
1676677151851,1676677153493
1676677151831,1676677153537
1676677151911,1676677153545
1676677152095,1676677153585
1676677152335,1676677153597
1676677152295,1676677153617
1676677152367,1676677153617
1676677152578,1676677153625
1676677152192,1676677153625
1676677152515,1676677153649
1676677152019,1676677153665
1676677151883,1676677153681
1676677152191,1676677153705
1676677151907,1676677153708
1676677152395,1676677153749
1676677152771,1676677153797
1676677151922,1676677153821
1676677152759,1676677153841
1676677152744,1676677153933
1676677152547,1676677153945
1676677152887,1676677153990
1676677152174,1676677154005
1676677152823,1676677154029
1676677152760,1676677154057
1676677152551,1676677154073
1676677152559,1676677154077
1676677152763,1676677154113
1676677152647,1676677154121
1676677152859,1676677154129
1676677152595,1676677154133
1676677152728,1676677154145
1676677152923,1676677154145
1676677152452,1676677154217
1676677152791,1676677154225
1676677153087,1676677154297
1676677152971,1676677154373
1676677152902,1676677154441
1676677152959,1676677154453
1676677153255,1676677154497
1676677153463,1676677154517
1676677153127,1676677154629
1676677153304,1676677154689
1676677153710,1676677154721
1676677152955,1676677154750
1676677153338,1676677154753
1676677153619,1676677154753
1676677153155,1676677154753
1676677153218,1676677154817
1676677153547,1676677154825
1676677153651,1676677154829
1676677153587,1676677154845
1676677153271,1676677154845
1676677151815,1676677154865
1676677152962,1676677154873
1676677153539,1676677154881
1676677153103,1676677154889
1676677153751,1676677154897
1676677153627,1676677154904
1676677153415,1676677154921
1676677153935,1676677154925
1676677153270,1676677155024
1676677153599,1676677155025
1676677153443,1676677155025
1676677153619,1676677155071
1676677153707,1676677155111
1676677153799,1676677155125
1676677153947,1676677155141
1676677153626,1676677155181
1676677153379,1676677155201
1676677154114,1676677155205
1676677154007,1676677155233
1676677154227,1676677155269
1676677153667,1676677155349
1676677154123,1676677155369
1676677154147,1676677155393
1676677154075,1676677155405
1676677153495,1676677155461
1676677154218,1676677155473
1676677154146,1676677155485
1676677153992,1676677155509
1676677154131,1676677155521
1676677154443,1676677155537
1676677154059,1676677155561
1676677154375,1676677155613
1676677153843,1676677155618
1676677154455,1676677155665
1676677154134,1676677155681
1676677154755,1676677155749
1676677154831,1676677155800
1676677153823,1676677155849
1676677154875,1676677155881
1676677154755,1676677155893
1676677154891,1676677155893
1676677154079,1676677155929
1676677155026,1676677156005
1676677154518,1676677156013
1676677154752,1676677156029
1676677154498,1676677156045
1676677154827,1676677156045
1676677154847,1676677156077
1676677154927,1676677156097
1676677154899,1676677156113
1676677154031,1676677156141
1676677154847,1676677156164
1676677155027,1676677156245
1676677154691,1676677156249
1676677155073,1676677156293
1676677154723,1676677156481
1676677155370,1676677156489
1676677154819,1676677156545
1676677155395,1676677156553
1676677155183,1676677156593
1676677155126,1676677156605
1676677154755,1676677156629
1676677154906,1676677156645
1676677155026,1676677156649
1676677154867,1676677156649
1676677154922,1676677156685
1676677154299,1676677156733
1676677155203,1676677156752
1676677155463,1676677156769
1676677155235,1676677156776
1676677155113,1676677156780
1676677154883,1676677156869
1676677155207,1676677156895
1676677154631,1676677156897
1676677155143,1676677156905
1676677155351,1676677157013
1676677155511,1676677157037
1676677155407,1676677157045
1676677155751,1676677157073
1676677155802,1676677157173
1676677155851,1676677157185
1676677155620,1676677157213
1676677156115,1676677157217
1676677155563,1676677157261
1676677155895,1676677157285
1676677155615,1676677157289
1676677155475,1676677157301
1676677156047,1676677157309
1676677155931,1676677157309
1676677155487,1676677157313
1676677156555,1676677157349
1676677156079,1676677157377
1676677155883,1676677157385
1676677155667,1676677157441
1676677155523,1676677157465
1676677155270,1676677157465
1676677156295,1676677157477
1676677156595,1676677157485
1676677156007,1676677157485
1676677155539,1676677157513
1676677156251,1676677157525
1676677156031,1676677157625
1676677156099,1676677157645
1676677156647,1676677157669
1676677156014,1676677157729
1676677155895,1676677157749
1676677156771,1676677157881
1676677156547,1676677157885
1676677156491,1676677157906
1676677156143,1676677157929
1676677156247,1676677157956
1676677156907,1676677158016
1676677157039,1676677158149
1676677156687,1676677158173
1676677156754,1676677158249
1676677156483,1676677158281
1676677156782,1676677158297
1676677156899,1676677158301
1676677156166,1676677158313
1676677156047,1676677158369
1676677157311,1676677158401
1676677157351,1676677158437
1676677156651,1676677158457
1676677157219,1676677158477
1676677157047,1676677158481
1676677157671,1676677158516
1676677156778,1676677158517
1676677157187,1676677158533
1676677156897,1676677158573
1676677157262,1676677158581
1676677157215,1676677158589
1676677157467,1676677158657
1676677157311,1676677158665
1676677157379,1676677158709
1676677157627,1676677158721
1676677157287,1676677158721
1676677156735,1676677158725
1676677157443,1676677158769
1676677157175,1676677158785
1676677157515,1676677158792
1676677157303,1676677158797
1676677156871,1676677158805
1676677157015,1676677158813
1676677157315,1676677158856
1676677156651,1676677158865
1676677157075,1676677158893
1676677157290,1676677158928
1676677157486,1676677158945
1676677157647,1676677158981
1676677156631,1676677159034
1676677157527,1676677159125
1676677157887,1676677159193
1676677157930,1676677159237
1676677158299,1676677159249
1676677157731,1676677159269
1676677156607,1676677159290
1676677157479,1676677159329
1676677157907,1676677159341
1676677157467,1676677159345
1676677157883,1676677159365
1676677157751,1676677159368
1676677157386,1676677159369
1676677157957,1676677159409
1676677158151,1676677159417
1676677157487,1676677159469
1676677158659,1676677159477
1676677158575,1676677159489
1676677158175,1676677159521
1676677158018,1676677159552
1676677158439,1676677159565
1676677158371,1676677159581
1676677158283,1676677159595
1676677158479,1676677159629
1676677158459,1676677159662
1676677158315,1676677159689
1676677158723,1676677159737
1676677158303,1676677159745
1676677158403,1676677159865
1676677158591,1676677159865
1676677158535,1676677159869
1676677158251,1676677159885
1676677158983,1676677159889
1676677158519,1676677159917
1676677158583,1676677159937
1676677158794,1676677159981
1676677158667,1676677160005
1676677158929,1676677160021
1676677158723,1676677160041
1676677158807,1676677160041
1676677158727,1676677160121
1676677158799,1676677160209
1676677158483,1676677160229
1676677158771,1676677160234
1676677159036,1676677160277
1676677159523,1676677160341
1676677158815,1676677160385
1676677158711,1676677160389
1676677159127,1676677160429
1676677158858,1676677160505
1676677158867,1676677160557
1676677159490,1676677160585
1676677159746,1676677160605
1676677159239,1676677160626
1676677159631,1676677160634
1676677158946,1676677160685
1676677159251,1676677160685
1676677158518,1676677160697
1676677159343,1676677160725
1676677159370,1676677160753
1676677159271,1676677160753
1676677159347,1676677160781
1676677159867,1676677160793
1676677159664,1676677160825
1676677159371,1676677160857
1676677159867,1676677160897
1676677159195,1676677160901
1676677159596,1676677160921
1676677159471,1676677160924
1676677159583,1676677161001
1676677159919,1676677161005
1676677159331,1676677161013
1676677160043,1676677161073
1676677159292,1676677161129
1676677159738,1676677161161
1676677159691,1676677161185
1676677159887,1676677161185
1676677159419,1676677161189
1676677159479,1676677161193
1676677160007,1676677161197
1676677159983,1676677161205
1676677159411,1676677161213
1676677159871,1676677161273
1676677159367,1676677161345
1676677159938,1676677161377
1676677160043,1676677161441
1676677159554,1676677161441
1676677159891,1676677161445
1676677160023,1676677161493
1676677160279,1676677161529
1676677160123,1676677161585
1676677160607,1676677161689
1676677160343,1676677161701
1676677160755,1676677161717
1676677160795,1676677161741
1676677160231,1676677161785
1676677160211,1676677161813
1676677160431,1676677161842
1676677160587,1676677161945
1676677160858,1676677161949
1676677160507,1676677161961
1676677160827,1676677161973
1676677160387,1676677162006
1676677159567,1676677162033
1676677160636,1676677162037
1676677160559,1676677162065
1676677160755,1676677162077
1676677160898,1676677162085
1676677160783,1676677162117
1676677160903,1676677162145
1676677160687,1676677162217
1676677161163,1676677162261
1676677161014,1676677162273
1676677161187,1676677162293
1676677160628,1676677162301
1676677160699,1676677162377
1676677161443,1676677162429
1676677161006,1676677162461
1676677160727,1676677162537
1676677161075,1676677162537
1676677161275,1676677162593
1676677160391,1676677162601
1676677160687,1676677162633
1676677160236,1676677162677
1676677161447,1676677162681
1676677161587,1676677162737
1676677161379,1676677162741
1676677161187,1676677162769
1676677161215,1676677162797
1676677161495,1676677162849
1676677161719,1676677162853
1676677161951,1676677162873
1676677161191,1676677162877
1676677161787,1676677162933
1676677162039,1676677162949
1676677161844,1676677162985
1676677161002,1676677162997
1676677161195,1676677163021
1676677161199,1676677163029
1676677161347,1676677163037
1676677161131,1676677163041
1676677160926,1676677163101
1676677161443,1676677163169
1676677162087,1676677163293
1676677160923,1676677163301
1676677162430,1676677163313
1676677161963,1676677163333
1676677162067,1676677163337
1676677161975,1676677163349
1676677161531,1676677163357
1676677161691,1676677163393
1676677161815,1676677163401
1676677162635,1676677163417
1676677162295,1676677163470
1676677162303,1676677163501
1676677162219,1676677163517
1676677161743,1676677163577
1676677162683,1676677163645
1676677162119,1676677163657
1676677162035,1676677163669
1676677162539,1676677163757
1676677162799,1676677163797
1676677161703,1676677163805
1676677162275,1676677163805
1676677162603,1676677163837
1676677161947,1676677163865
1676677162539,1676677163913
1676677162950,1676677163925
1676677162595,1676677163925
1676677162379,1676677163941
1676677162079,1676677163949
1676677162739,1676677164025
1676677162147,1676677164053
1676677162879,1676677164073
1676677162462,1676677164085
1676677162771,1676677164093
1676677162008,1676677164101
1676677163022,1676677164137
1676677162999,1676677164145
1676677162986,1676677164181
1676677162855,1676677164185
1676677162935,1676677164205
1676677162679,1676677164213
1676677162743,1676677164253
1676677162851,1676677164289
1676677163171,1676677164312
1676677163339,1676677164369
1676677163039,1676677164450
1676677163303,1676677164465
1676677163359,1676677164477
1676677163671,1676677164517
1676677163419,1676677164521
1676677163103,1676677164549
1676677163030,1676677164597
1676677163351,1676677164781
1676677163403,1676677164861
1676677163503,1676677164881
1676677163579,1676677164949
1676677163915,1676677164953
1676677163335,1676677165033
1676677163759,1676677165053
1676677164075,1676677165065
1676677163315,1676677165085
1676677163519,1676677165093
1676677163043,1676677165129
1676677163659,1676677165133
1676677163807,1676677165193
1676677162875,1676677165205
1676677163839,1676677165217
1676677163799,1676677165241
1676677164055,1676677165261
1676677163472,1676677165289
1676677163647,1676677165329
1676677163807,1676677165337
1676677164147,1676677165445
1676677163295,1676677165497
1676677164087,1676677165505
1676677163943,1676677165521
1676677164452,1676677165557
1676677164139,1676677165569
1676677164027,1676677165569
1676677164095,1676677165589
1676677163395,1676677165605
1676677163867,1676677165617
1676677164291,1676677165656
1676677164479,1676677165721
1676677164187,1676677165748
1676677164215,1676677165765
1676677164551,1676677165825
1676677165087,1676677165881
1676677164599,1676677165897
1676677164863,1676677165925
1676677164103,1676677165981
1676677164519,1676677165993
1676677163926,1676677166001
1676677164371,1676677166013
1676677165131,1676677166089
1676677164314,1676677166125
1676677164951,1676677166177
1676677164523,1676677166205
1676677165035,1676677166217
1676677163951,1676677166229
1676677164783,1676677166281
1676677164883,1676677166361
1676677163927,1676677166365
1676677164207,1676677166409
1676677165135,1676677166413
1676677164255,1676677166413
1676677165095,1676677166429
1676677165055,1676677166433
1676677165523,1676677166497
1676677165195,1676677166537
1676677165607,1676677166557
1676677165291,1676677166593
1676677165207,1676677166684
1676677164183,1676677166721
1676677165263,1676677166757
1676677165499,1676677166770
1676677164954,1676677166813
1676677165619,1676677166865
1676677165750,1676677166893
1676677165591,1676677166929
1676677165507,1676677166933
1676677165447,1676677166957
1676677165243,1676677167013
1676677165559,1676677167013
1676677165983,1676677167025
1676677165331,1676677167045
1676677165067,1676677167077
1676677165899,1676677167105
1676677165571,1676677167105
1676677165571,1676677167185
1676677165339,1676677167189
1676677166179,1676677167197
1676677165657,1676677167229
1676677165883,1676677167301
1676677166002,1676677167325
1676677165995,1676677167369
1676677166411,1676677167405
1676677165767,1676677167421
1676677165722,1676677167445
1676677166415,1676677167529
1676677166559,1676677167537
1676677166127,1676677167541
1676677166014,1676677167541
1676677166207,1676677167549
1676677166283,1676677167577
1676677166367,1676677167577
1676677166231,1676677167617
1676677166499,1676677167637
1676677166091,1676677167637
1676677165927,1676677167670
1676677166435,1676677167685
1676677166415,1676677167733
1676677166219,1676677167825
1676677165826,1676677167874
1676677166363,1676677167877
1676677166539,1676677167885
1676677167107,1676677167985
1676677167047,1676677168037
1676677166431,1676677168053
1676677166594,1676677168101
1676677166686,1676677168221
1676677166895,1676677168237
1676677166773,1676677168258
1676677166723,1676677168285
1676677166759,1676677168349
1676677167027,1676677168373
1676677166931,1676677168437
1676677167187,1676677168485
1676677167531,1676677168669
1676677167079,1676677168673
1676677167015,1676677168686
1676677166867,1676677168701
1676677167303,1676677168717
1676677167327,1676677168741
1676677166935,1676677168797
1676677166815,1676677168813
1676677167371,1676677168837
1676677167619,1676677168861
1676677167887,1676677168873
1676677167231,1676677168881
1676677167191,1676677168901
1676677166959,1676677168905
1676677167672,1676677168917
1676677167579,1676677168933
1676677167551,1676677168980
1676677167015,1676677169001
1676677167407,1676677169006
1676677167543,1676677169045
1676677168103,1676677169069
1676677167735,1676677169093
1676677167199,1676677169129
1676677168055,1676677169157
1676677167447,1676677169161
1676677167987,1676677169193
1676677168287,1676677169203
1676677167543,1676677169233
1676677167879,1676677169297
1676677167107,1676677169329
1676677167827,1676677169329
1676677168039,1676677169380
1676677167687,1676677169469
1676677168863,1676677169509
1676677167539,1676677169513
1676677167639,1676677169565
1676677168743,1676677169573
1676677168375,1676677169613
1676677168260,1676677169637
1676677168351,1676677169653
1676677168223,1676677169673
1676677168487,1676677169737
1676677168671,1676677169853
1676677167876,1676677169933
1676677168688,1676677169989
1676677167639,1676677170021
1676677168675,1676677170029
1676677168875,1676677170085
1676677168239,1676677170093
1676677168907,1676677170201
1676677168982,1676677170237
1676677168839,1676677170273
1676677168883,1676677170289
1676677168439,1676677170293
1676677169047,1676677170361
1676677169330,1676677170405
1676677169194,1676677170445
1676677168815,1676677170453
1676677168799,1676677170486
1676677169008,1676677170493
1676677168719,1676677170513
1676677169515,1676677170553
1676677168919,1676677170585
1676677169003,1676677170593
1676677169205,1676677170601
1676677168703,1676677170617
1676677169095,1676677170617
1676677169162,1676677170657
1676677169298,1676677170661
1676677169639,1676677170669
1676677169331,1676677170685
1676677168903,1676677170721
1676677169615,1676677170733
1676677169656,1676677170757
1676677169510,1676677170817
1676677169159,1676677170877
1676677169739,1676677170985
1676677169675,1676677171005
1676677169131,1676677171005
1676677169470,1676677171049
1676677168936,1676677171053
1676677169381,1676677171066
1676677169070,1676677171209
1676677170023,1676677171217
1676677169575,1676677171241
1676677170031,1676677171277
1676677170455,1676677171309
1676677170087,1676677171345
1676677169235,1676677171365
1676677170295,1676677171465
1676677170203,1676677171513
1676677170239,1676677171513
1676677169991,1676677171537
1676677170095,1676677171577
1676677170291,1676677171585
1676677170363,1676677171609
1676677170515,1676677171777
1676677170488,1676677171845
1676677170663,1676677171873
1676677170407,1676677171905
1676677169935,1676677171917
1676677170723,1676677171929
1676677170619,1676677171945
1676677169855,1676677172029
1676677171055,1676677172088
1676677170587,1676677172161
1676677170618,1676677172181
1676677170819,1676677172197
1676677170671,1676677172233
1676677170735,1676677172233
1676677171279,1676677172289
1676677170879,1676677172413
1676677170447,1676677172417
1676677170659,1676677172425
1676677171007,1676677172457
1676677171219,1676677172505
1676677171611,1676677172557
1676677170603,1676677172561
1676677171007,1676677172575
1676677170687,1676677172593
1676677171311,1676677172665
1676677170495,1676677172710
1676677170555,1676677172745
1676677171587,1676677172813
1676677170275,1676677172821
1676677170595,1676677172857
1676677170759,1676677172865
1676677171068,1676677172885
1676677171515,1676677172901
1676677170987,1676677172949
1676677171243,1676677172953
1676677171579,1676677172989
1676677171847,1676677173005
1676677171907,1676677173013
1676677171367,1676677173133
1676677171919,1676677173137
1676677171539,1676677173137
1676677171515,1676677173141
1676677171779,1676677173205
1676677171051,1676677173209
1676677171211,1676677173245
1676677171347,1676677173261
1676677172031,1676677173320
1676677171875,1676677173337
1676677172163,1676677173401
1676677172235,1676677173452
1676677172507,1676677173501
1676677172183,1676677173537
1676677172090,1676677173621
1676677172823,1676677173645
1676677172563,1676677173645
1676677172426,1676677173657
1676677172459,1676677173673
1676677171947,1676677173773
1676677172712,1676677173789
1676677172595,1676677173901
1676677172559,1676677173921
1676677172747,1676677173985
1676677172866,1676677174001
1676677172291,1676677174113
1676677172887,1676677174133
1676677172199,1676677174169
1676677172234,1676677174237
1676677173142,1676677174253
1676677171931,1676677174261
1676677173403,1676677174273
1676677172415,1676677174281
1676677172951,1676677174301
1676677172859,1676677174365
1676677172903,1676677174405
1676677172667,1676677174461
1676677173322,1676677174493
1676677172815,1676677174525
1676677173211,1676677174557
1676677173014,1676677174561
1676677172954,1676677174609
1676677173007,1676677174629
1676677173647,1676677174637
1676677173246,1676677174681
1676677173139,1676677174709
1676677173207,1676677174709
1676677172577,1676677174733
1676677173339,1676677174749
1676677172991,1676677174753
1676677173675,1676677174797
1676677173139,1676677174829
1676677173263,1676677174894
1676677173539,1676677174901
1676677173647,1676677175053
1676677173134,1676677175065
1676677173903,1676677175093
1676677174003,1676677175113
1676677173454,1676677175137
1676677174283,1676677175141
1676677173503,1676677175213
1676677174407,1676677175269
1676677173987,1676677175269
1676677174275,1676677175337
1676677174115,1676677175385
1676677174239,1676677175437
1676677174171,1676677175445
1676677173775,1676677175453
1676677173623,1676677175489
1676677174255,1676677175521
1676677173791,1676677175669
1676677174463,1676677175713
1676677174135,1676677175757
1676677174799,1676677175809
1676677174711,1676677175849
1676677174682,1676677175857
1676677174526,1676677175921
1676677174611,1676677175937
1676677174563,1676677175997
1676677174303,1676677176021
1676677174495,1676677176053
1676677173923,1676677176069
1676677174711,1676677176101
1676677174631,1676677176165
1676677174367,1676677176213
1676677175067,1676677176233
1676677174263,1676677176253
1676677174750,1676677176257
1676677175055,1676677176385
1676677175115,1676677176413
1676677174830,1676677176413
1676677174895,1676677176457
1676677174559,1676677176477
1676677174903,1676677176481
1676677175387,1676677176489
1676677175491,1676677176561
1676677175271,1676677176565
1676677175095,1676677176569
1676677175447,1676677176621
1676677175139,1676677176705
1676677175142,1676677176773
1676677175215,1676677176825
1676677174755,1676677176969
1676677176055,1676677176981
1676677175759,1676677177006
1676677175455,1676677177025
1676677176071,1676677177037
1676677175271,1676677177053
1676677175439,1676677177077
1676677174734,1676677177101
1676677175851,1676677177153
1676677175999,1676677177177
1676677175923,1676677177242
1676677175523,1676677177253
1676677176235,1676677177273
1676677175859,1676677177293
1676677175939,1676677177325
1676677176167,1676677177429
1676677175811,1676677177440
1676677175715,1676677177461
1676677175671,1676677177493
1676677176491,1676677177533
1676677176023,1676677177641
1676677176483,1676677177681
1676677176387,1676677177693
1676677176259,1676677177789
1676677176255,1676677177801
1676677176415,1676677177825
1676677177008,1676677177857
1676677176103,1676677177909
1676677176215,1676677177941
1676677176622,1676677177941
1676677176707,1676677177985
1676677176415,1676677178017
1676677176479,1676677178049
1676677176827,1676677178049
1676677176459,1676677178065
1676677176775,1676677178209
1676677175339,1676677178229
1676677177039,1676677178305
1676677177245,1676677178325
1676677177155,1676677178373
1676677177178,1676677178461
1676677177103,1676677178481
1676677176972,1676677178489
1676677177027,1676677178535
1676677177255,1676677178561
1676677177463,1676677178585
1676677177495,1676677178641
1676677176571,1676677178669
1676677177326,1676677178705
1676677177695,1676677178741
1676677177079,1676677178765
1676677176983,1676677178789
1676677177859,1676677178893
1676677177827,1676677178917
1676677177294,1676677178985
1676677177683,1676677179093
1676677177791,1676677179137
1676677178051,1676677179157
1676677177535,1676677179157
1676677177431,1676677179189
1676677177275,1676677179201
1676677178536,1676677179305
1676677177441,1676677179341
1676677177054,1676677179357
1676677178051,1676677179405
1676677178231,1676677179409
1676677177803,1676677179409
1676677178019,1676677179413
1676677177987,1676677179457
1676677178463,1676677179585
1676677178211,1676677179585
1676677177643,1676677179601
1676677177943,1676677179613
1676677178067,1676677179677
1676677178327,1676677179765
1676677178375,1676677179769
1676677177911,1676677179877
1676677178563,1676677179961
1676677179159,1676677180057
1676677178643,1676677180069
1676677178491,1676677180081
1676677178671,1676677180081
1676677178307,1676677180133
1676677178987,1676677180149
1676677178743,1676677180153
1676677178895,1676677180217
1676677177943,1676677180253
1676677178707,1676677180261
1676677178587,1676677180269
1676677179414,1676677180344
1676677178791,1676677180365
1676677179343,1676677180469
1676677179307,1676677180489
1676677179139,1676677180493
1676677179359,1676677180498
1676677179203,1676677180521
1676677179406,1676677180597
1676677179411,1676677180597
1676677179587,1676677180625
1676677179615,1676677180625
1676677178483,1676677180693
1676677179191,1676677180745
1676677178919,1676677180761
1676677179603,1676677180805
1676677179095,1676677180885
1676677179679,1676677180969
1676677180060,1676677180973
1676677179587,1676677180993
1676677179158,1676677181057
1676677180071,1676677181125
1676677179411,1676677181125
1676677179459,1676677181161
1676677179963,1676677181197
1676677180271,1676677181209
1676677180263,1676677181297
1676677179771,1676677181401
1676677180346,1676677181401
1676677179767,1676677181407
1676677180219,1676677181461
1676677179879,1676677181533
1676677180471,1676677181537
1676677180491,1676677181669
1676677180598,1676677181725
1676677180135,1676677181885
1676677180747,1676677181905
1676677180155,1676677181929
1676677180599,1676677181957
1676677180367,1676677181969
1676677180083,1676677182005
1676677180627,1676677182017
1676677180523,1676677182061
1676677180151,1676677182069
1676677180495,1676677182077
1676677180627,1676677182093
1676677180995,1676677182093
1676677180695,1676677182141
1676677181299,1676677182241
1676677181059,1676677182261
1676677181163,1676677182281
1676677180255,1676677182329
1676677180971,1676677182461
1676677180083,1676677182501
1676677180807,1676677182525
1676677181409,1676677182549
1676677181127,1676677182585
1676677181199,1676677182621
1676677181127,1676677182669
1676677181403,1676677182685
1676677180887,1676677182701
1676677180763,1676677182741
1676677181211,1676677182857
1676677181671,1676677182905
1676677181727,1676677182917
1676677182007,1676677182929
1676677181539,1676677183257
1676677181971,1676677183269
1676677182071,1676677183333
1676677181535,1676677183341
1676677182263,1676677183405
1676677181887,1676677183405
1676677182095,1676677183417
1676677180975,1676677183569
1676677182243,1676677183597
1676677182143,1676677183609
1676677182019,1676677183633
1676677181907,1676677183649
1676677182079,1676677183697
1676677182094,1676677183741
1676677181463,1676677183746
1676677182503,1676677183757
1676677182331,1676677183767
1676677181959,1676677183769
1676677182671,1676677183789
1676677182283,1676677183817
1676677182527,1676677183821
1676677182551,1676677183993
1676677181403,1676677184037
1676677182930,1676677184053
1676677182587,1676677184069
1676677182743,1676677184101
1676677183271,1676677184201
1676677182703,1676677184229
1676677182463,1676677184257
1676677182623,1676677184273
1676677182858,1676677184285
1676677182906,1676677184313
1676677183335,1676677184357
1676677183407,1676677184497
1676677183407,1676677184721
1676677183819,1676677184738
1676677183343,1676677184837
1676677183259,1676677184865
1676677182687,1676677184917
1676677183699,1676677184941
1676677183419,1676677185067
1676677183571,1676677185093
1676677183611,1676677185201
1676677183769,1676677185201
1676677183995,1676677185221
1676677183759,1676677185277
1676677183651,1676677185349
1676677182919,1676677185417
1676677183743,1676677185445
1676677183791,1676677185481
1676677183823,1676677185485
1676677184039,1676677185493
1676677183635,1676677185545
1676677183599,1676677185549
1676677183748,1676677185569
1676677184286,1676677185581
1676677184055,1676677185585
1676677184071,1676677185849
1676677184314,1676677185853
1676677184275,1676677185861
1676677183771,1676677185885
1676677184258,1676677185925
1676677184231,1676677185973
1676677184103,1676677185977
1676677184867,1676677185997
1676677184359,1676677186025
1676677185223,1676677186041
1676677184499,1676677186045
1676677184741,1676677186169
1676677184943,1676677186181
1676677185203,1676677186349
1676677185279,1676677186372
1676677185495,1676677186497
1676677185095,1676677186597
1676677184839,1676677186673
1676677185587,1676677186725
1676677185419,1676677186777
1676677185447,1676677186785
1676677185351,1676677186857
1676677185583,1676677186969
1676677185203,1676677186985
1676677185483,1676677186985
1676677185571,1676677187021
1676677185487,1676677187041
1676677186027,1676677187109
1676677184919,1676677187133
1676677186042,1676677187149
1676677184723,1676677187181
1676677185069,1676677187465
1676677185979,1676677187493
1676677185863,1676677187637
1676677185551,1676677187726
1676677185927,1676677187825
1676677186779,1676677187865
1676677185999,1676677187865
1676677185851,1676677187877
1676677186170,1676677187946
1676677186373,1676677187977
1676677186047,1676677188021
1676677186351,1676677188029
1676677186727,1676677188045
1676677185887,1676677188113
1676677186499,1676677188165
1676677185975,1676677188254
1676677186599,1676677188301
1676677186182,1676677188329
1676677187135,1676677188337
1676677186787,1676677188365
1676677187043,1676677188473
1676677186859,1676677188505
1676677186971,1676677188533
1676677187023,1676677188541
1676677186675,1676677188545
1676677186987,1676677188557
1676677187467,1676677188573
1676677187111,1676677188629
1676677187728,1676677188765
1676677186987,1676677188857
1676677187183,1676677188969
1676677187879,1676677189025
1676677188023,1676677189053
1676677187867,1676677189065
1676677187150,1676677189077
1676677187639,1676677189089
1676677188047,1676677189121
1676677187948,1676677189193
1676677187827,1676677189309
1676677187494,1676677189401
1676677188115,1676677189485
1676677188167,1676677189497
1676677187867,1676677189525
1676677187979,1676677189536
1676677188256,1676677189585
1676677188303,1676677189597
1676677188575,1676677189629
1676677188367,1676677189689
1676677188031,1676677189777
1676677188543,1676677189825
1676677188559,1676677189881
1676677188475,1676677189897
1676677188631,1676677189957
1676677188339,1676677189997
1676677188535,1676677190017
1676677188507,1676677190137
1676677188859,1676677190185
1676677188971,1676677190233
1676677188767,1676677190345
1676677188546,1676677190373
1676677189067,1676677190393
1676677189079,1676677190441
1676677189195,1676677190593
1676677189487,1676677190633
1676677189499,1676677190665
1676677189027,1676677190713
1676677189091,1676677190729
1676677189403,1676677190765
1676677188331,1676677190805
1676677189631,1676677190857
1676677189527,1676677190889
1676677189883,1676677190937
1676677189311,1676677190990
1676677189779,1676677191009
1676677189599,1676677191033
1676677189691,1676677191141
1676677189899,1676677191149
1676677189587,1676677191165
1676677189123,1676677191216
1676677189827,1676677191233
1676677190019,1676677191301
1676677189999,1676677191337
1676677189959,1676677191365
1676677190395,1676677191445
1676677190139,1676677191653
1676677190375,1676677191693
1676677190443,1676677191717
1676677190187,1676677191725
1676677190595,1676677191813
1676677190347,1676677191913
1676677190859,1676677192001
1676677190235,1676677192085
1676677190891,1676677192105
1676677190667,1676677192121
1676677191151,1676677192145
1676677191011,1676677192165
1676677190939,1676677192169
1676677190807,1676677192201
1676677190731,1676677192257
1676677190715,1676677192348
1676677191035,1676677192425
1676677191218,1676677192517
1676677191167,1676677192557
1676677190767,1676677192661
1676677191143,1676677192745
1676677191656,1676677192753
1676677191235,1676677192785
1676677191367,1676677192801
1676677191339,1676677192805
1676677190992,1676677192889
1676677191695,1676677192969
1676677192003,1676677193057
1676677191915,1676677193061
1676677191727,1676677193061
1676677191302,1676677193201
1676677191719,1676677193224
1676677192107,1676677193269
1676677192087,1676677193365
1676677192171,1676677193433
1676677192203,1676677193433
1676677192167,1676677193449
1676677191815,1676677193461
1676677192259,1676677193461
1676677192349,1676677193513
1676677192123,1676677193537
1676677192663,1676677193701
1676677192147,1676677193745
1676677192519,1676677193765
1676677192803,1676677193841
1676677192755,1676677193869
1676677192559,1676677193881
1676677192807,1676677194121
1676677192747,1676677194185
1676677192427,1676677194253
1676677193059,1676677194393
1676677192971,1676677194397
1676677192891,1676677194497
1676677193063,1676677194505
1676677193435,1676677194521
1676677193367,1676677194521
1676677193271,1676677194629
1676677193063,1676677194649
1676677192787,1676677194681
1676677193463,1676677194701
1676677193203,1676677194705
1676677193515,1676677194929
1676677193703,1676677194933
1676677193463,1676677194957
1676677193539,1676677194961
1676677193435,1676677195173
1676677193871,1676677195301
1676677193225,1676677195325
1676677194187,1676677195369
1676677194255,1676677195577
1676677193747,1676677195645
1676677193767,1676677195725
1676677194395,1676677195897
1676677194631,1676677195917
1676677193451,1676677195937
1676677194683,1676677195974
1676677194651,1676677196081
1676677194399,1676677196149
1676677194523,1676677196241
1676677194499,1676677196401
1676677194707,1676677196561
1676677193883,1676677196565
1676677195175,1676677196585
1676677194959,1676677196641
1676677194523,1676677196669
1676677195327,1676677196769
1676677194935,1676677196865
1676677194963,1676677197021
1676677195579,1676677197081
1676677195303,1676677197149
1676677195976,1676677197165
1676677194703,1676677197217
1676677195919,1676677197237
1676677194507,1676677197241
1676677195727,1676677197249
1676677195647,1676677197285
1676677196083,1676677197366
1676677195899,1676677197377
1676677195939,1676677197381
1676677195371,1676677197429
1676677194931,1676677197545
1676677196403,1676677197617
1676677196643,1676677197845
1676677196587,1676677197873
1676677196151,1676677197893
1676677196771,1676677198013
1676677196563,1676677198033
1676677196243,1676677198049
1676677196567,1676677198141
1676677196671,1676677198325
1676677197379,1676677198389
1676677197023,1676677198465
1676677197151,1676677198569
1676677197287,1676677198721
1676677197243,1676677198785
1676677197219,1676677198801
1676677196867,1676677198897
1676677197431,1676677198929
1676677197875,1676677198981
1676677197547,1676677199013
1676677197251,1676677199081
1676677197619,1676677199117
1676677198143,1676677199121
1676677197167,1676677199165
1676677197895,1676677199181
1676677197383,1676677199217
1676677198051,1676677199297
1676677198327,1676677199393
1676677198035,1676677199397
1676677197368,1676677199413
1676677197847,1676677199415
1676677198391,1676677199717
1676677198571,1676677199805
1676677198787,1676677199897
1676677198467,1676677199901
1676677198723,1676677199913
1676677198015,1676677200041
1676677198932,1676677200337
1676677199298,1676677200405
1676677198803,1676677200457
1676677199015,1676677200481
1676677199219,1676677200517
1676677199167,1676677200537
1676677199182,1676677200569
1676677199083,1676677200609
1676677199395,1676677200705
1676677199398,1676677200849
1676677199807,1676677200873
1676677198983,1676677200925
1676677199414,1676677201036
1676677198899,1676677201073
1676677199123,1676677201117
1676677200043,1676677201236
1676677199903,1676677201273
1676677199119,1676677201593
1676677200519,1676677201649
1676677199915,1676677201729
1676677200539,1676677201865
1676677199417,1676677201881
1676677200459,1676677201921
1676677200339,1676677202017
1676677200707,1676677202065
1676677201075,1676677202249
1676677199899,1676677202453
1676677201238,1676677202529
1676677200851,1676677202561
1676677201119,1676677202577
1676677201038,1676677202713
1676677200927,1676677202729
1676677200611,1676677202793
1676677200875,1676677202853
1676677200571,1676677202989
1676677200483,1676677203037
1676677201651,1676677203153
1676677202019,1676677203293
1676677201883,1676677203301
1676677201731,1676677203309
1676677201595,1676677203389
1676677201275,1676677203409
1676677201923,1676677203461
1676677202066,1676677203569
1676677202579,1676677203581
1676677202455,1676677203637
1676677201867,1676677203681
1676677202251,1676677203689
1676677202731,1676677203721
1676677202563,1676677203913
1676677202795,1676677203993
1676677202715,1676677204121
1676677203039,1676677204133
1676677203303,1676677204345
1676677203463,1676677204357
1676677203311,1676677204365
1676677202991,1676677204446
1676677202855,1676677204553
1676677203155,1676677204625
1676677203639,1676677204649
1676677203391,1676677204689
1676677203683,1676677204725
1676677203295,1676677204917
1676677203583,1676677204961
1676677203571,1676677204965
1676677203691,1676677205101
1676677203915,1676677205353
1676677204123,1676677205545
1676677203995,1676677205577
1676677204135,1676677205581
1676677204346,1676677205693
1676677203411,1676677205781
1676677204555,1676677205909
1676677204651,1676677205965
1676677204359,1676677206033
1676677204367,1676677206133
1676677204691,1676677206173
1676677204967,1676677206217
1676677204727,1676677206265
1676677204448,1676677206417
1676677205695,1676677206597
1676677205783,1676677206661
1676677204919,1676677206697
1676677205355,1676677206733
1676677204627,1676677206841
1676677205103,1676677206897
1676677205583,1676677207141
1676677205912,1676677207149
1676677204963,1676677207161
1676677205547,1676677207325
1676677205579,1676677207501
1676677206219,1676677207525
1676677206135,1676677207527
1676677206175,1676677207557
1676677206599,1676677207701
1676677206267,1676677207753
1676677206035,1676677207877
1676677206419,1676677208013
1676677206663,1676677208037
1676677206735,1676677208129
1676677206843,1676677208197
1676677207163,1676677208453
1676677207528,1676677208565
1676677207327,1676677208585
1676677206899,1676677208593
1676677207143,1676677208821
1676677207527,1676677208921
1676677207703,1676677208921
1676677207879,1676677209041
1676677206699,1676677209113
1676677207755,1676677209113
1676677207151,1676677209141
1676677208039,1676677209345
1676677207559,1676677209385
1676677208015,1676677209557
1676677208455,1676677209745
1676677207503,1676677209825
1676677208595,1676677209993
1676677208567,1676677210025
1676677208587,1676677210025
1676677209143,1676677210205
1676677208131,1676677210233
1676677208923,1676677210369
1676677209347,1676677210481
1676677209115,1676677210577
1676677208923,1676677210693
1676677209387,1676677210717
1676677209559,1676677210797
1676677208823,1676677211001
1676677209995,1676677211033
1676677209043,1676677211161
1676677210027,1676677211297
1676677210235,1676677211381
1676677209115,1676677211489
1676677209747,1676677211521
1676677210371,1676677211625
1676677210579,1676677211681
1676677210207,1676677211874
1676677210483,1676677212189
1676677211035,1676677212261
1676677211002,1676677212333
1676677210719,1676677212373
1676677211299,1676677212473
1676677211162,1676677212681
1676677210027,1676677212769
1676677210695,1676677212797
1676677211523,1676677213073
1676677211683,1676677213221
1676677211627,1676677213225
1676677210799,1676677213249
1676677211876,1676677213325
1676677212375,1676677213505
1676677211491,1676677213537
1676677212475,1676677213665
1676677212335,1676677213737
1676677212799,1676677214037
1676677212191,1676677214273
1676677212263,1676677214349
1676677212771,1676677214425
1676677213223,1676677214429
1676677213227,1676677214525
1676677213075,1676677214653
1676677213251,1676677214777
1676677212683,1676677214825
1676677213507,1676677215057
1676677213539,1676677215141
1676677213327,1676677215173
1676677213667,1676677215313
1676677213739,1676677215393
1676677214431,1676677215409
1676677214427,1676677215533
1676677214351,1676677215645
1676677214655,1676677215853
1676677214275,1676677215969
1676677215059,1676677215973
1676677214827,1676677216353
1676677214779,1676677216577
1676677215175,1676677216601
1676677215646,1676677216621
1676677215315,1676677216741
1676677214527,1676677216768
1676677215143,1676677216993
1676677215411,1676677217129
1676677215971,1676677217181
1676677215535,1676677217361
1676677215855,1676677217417
1676677215395,1676677217429
1676677216579,1676677218017
1676677216743,1676677218061
1676677216603,1676677218113
1676677216995,1676677218253
1676677216770,1676677218342
1676677216355,1676677218369
1676677216623,1676677218443
1676677217131,1676677218521
1676677217419,1676677218861
1676677217363,1676677218945
1676677217183,1676677218961
1676677218019,1676677219173
1676677218115,1676677219221
1676677217431,1676677219297
1676677218371,1676677219497
1676677218344,1676677219677
1676677218444,1676677219833
1676677218063,1676677219901
1676677218863,1676677219941
1676677218523,1676677220009
1676677218255,1676677220041
1676677218947,1676677220389
1676677219175,1676677220525
1676677218963,1676677220893
1676677219498,1676677220965
1676677219834,1676677221081
1676677219943,1676677221161
1676677219223,1676677221165
1676677220527,1676677221693
1676677220011,1676677221753
1676677219679,1676677221817
1676677219903,1676677221967
1676677220043,1676677222065
1676677220967,1676677222361
1676677221167,1676677222393
1676677220391,1676677222413
1676677221083,1676677222453
1676677221755,1676677222985
1676677221969,1676677223409
1676677221819,1676677223709
1676677221163,1676677223961
1676677222067,1676677224049
1676677222415,1676677224217
1676677220895,1676677224225
1676677221695,1676677224353
1676677222395,1676677224621
1676677222362,1676677224705
1676677222454,1676677224781
1676677222987,1676677224813
1676677223411,1676677224821
1676677224051,1676677225417
1676677223963,1676677225509
1676677224355,1676677225509
1676677224219,1676677225833
1676677224227,1676677226093
1676677224623,1676677226137
1676677224815,1676677226397
1676677224783,1676677226493
1676677224707,1676677226657
1676677224823,1676677226773
1676677225419,1676677226861
1676677225511,1676677227044
1676677226095,1676677227201
1676677225511,1676677227285
1676677226139,1676677227505
1676677226399,1676677227541
1676677225835,1676677227565
1676677226495,1676677227917
1676677226659,1676677227969
1676677227046,1676677228301
1676677226863,1676677228349
1676677226775,1676677228417
1676677227287,1676677228813
1676677227543,1676677229149
1676677227567,1676677229153
1676677227919,1676677229277
1676677227203,1676677229497
1676677228303,1676677229553
1676677228419,1676677229653
1676677228815,1676677229925
1676677227507,1676677230125
1676677228351,1676677230125
1676677227971,1676677230385
1676677229151,1676677230681
1676677229499,1676677230873
1676677229555,1676677231141
1676677230127,1676677231285
1676677229654,1676677231369
1676677229927,1676677231509
1676677229155,1676677231717
1676677229278,1676677231777
1676677230387,1676677231793
1676677230683,1676677231949
1676677230127,1676677232039
1676677230875,1676677232237
1676677231371,1676677232473
1676677231143,1676677232825
1676677231719,1676677232993
1676677231287,1676677233149
1676677231511,1676677233153
1676677231779,1676677233249
1676677231951,1676677233481
1676677231795,1676677233605
1676677232041,1676677233689
1676677232239,1676677233729
1676677232827,1676677234085
1676677232475,1676677234157
1676677232995,1676677234345
1676677233691,1676677234561
1676677233251,1676677234641
1676677233151,1676677234693
1676677233154,1676677234777
1676677233607,1676677234937
1676677233731,1676677235149
1676677234087,1676677235269
1676677233483,1676677235509
1676677234643,1676677235777
1676677234159,1676677235997
1676677234563,1676677236121
1676677234347,1676677236225
1676677234695,1676677236325
1676677235151,1676677236361
1676677234939,1676677236643
1676677235511,1676677236733
1676677235271,1676677236773
1676677234778,1676677237148
1676677235779,1676677237301
1676677235999,1676677237317
1676677236123,1676677237497
1676677236227,1676677237549
1676677236363,1676677237765
1676677236735,1676677238185
1676677236327,1676677238261
1676677236775,1676677238613
1676677237150,1676677238697
1676677236644,1676677238861
1676677237303,1676677238865
1676677237767,1676677238941
1676677237499,1676677239109
1676677237551,1676677239545
1676677238187,1676677239577
1676677237319,1676677239629
1676677238263,1676677240021
1676677238863,1676677240378
1676677238699,1676677240469
1676677238504,1676677240473
1676677238943,1676677240481
1676677239111,1676677240549
1676677238616,1676677240749
1676677238867,1676677240797
1676677239631,1676677240917
1676677239547,1676677241245
1676677240022,1676677241304
1676677240751,1676677241597
1676677239579,1676677241613
1676677240483,1676677241973
1676677240380,1676677242045
1676677240919,1676677242097
1676677240551,1676677242209
1676677240799,1676677242565
1676677240479,1676677242569
1676677241306,1676677242661
1676677241247,1676677242721
1676677240471,1676677242825
1676677241975,1676677243253
1676677242566,1676677243681
1676677241615,1676677243925
1676677242099,1676677243963
1676677242047,1676677244205
1676677241599,1676677244257
1676677242572,1676677244349
1676677242827,1676677244541
1676677242211,1676677244597
1676677243532,1676677244697
1676677242663,1676677244701
1676677242723,1676677244949
1676677243683,1676677245009
1676677244207,1676677245241
1676677243255,1676677245569
1676677244351,1676677245801
1676677243927,1676677245993
1676677243965,1676677246045
1676677244543,1676677246201
1676677244951,1676677246221
1676677244259,1676677246313
1676677244703,1676677246373
1676677244703,1676677246405
1676677245011,1676677246665
1676677244599,1676677246681
1676677245803,1676677246757
1676677245243,1676677246911
1676677245571,1676677247097
1676677246223,1676677247377
1676677246315,1676677247857
1676677245995,1676677248077
1676677246553,1676677248154
1676677247099,1676677248581
1676677246047,1676677248769
1676677247379,1676677248841
1676677246667,1676677248865
1676677246408,1676677248961
1676677246375,1676677249017
1676677246683,1676677249017
1676677246759,1676677249021
1676677246203,1676677249109
1676677248079,1676677249277
1676677246913,1676677249393
1676677248160,1676677249569
1676677247859,1676677249629
1676677248583,1676677250057
1676677248963,1676677250133
1676677248843,1676677250325
1676677249019,1676677250565
1676677249111,1676677250632
1676677249023,1676677250653
1676677249019,1676677250873
1676677248771,1676677250949
1676677249279,1676677251041
1676677249571,1676677251221
1676677248867,1676677251373
1676677249573,1676677251489
1676677249395,1676677251501
1676677250059,1676677251569
1676677249631,1676677251661
1676677250135,1676677251777
1676677250567,1676677251785
1676677250634,1676677251845
1676677250655,1676677251853
1676677250327,1676677251997
1676677250875,1676677252165
1676677251043,1676677252565
1676677251495,1676677252629
1676677251855,1676677252693
1676677251503,1676677252705
1676677251223,1676677253001
1676677251571,1676677253073
1676677251779,1676677253257
1676677250951,1676677253453
1676677252167,1676677253461
1676677252706,1676677253861
1676677251847,1676677253889
1676677252567,1676677254113
1676677253075,1676677254209
1676677253003,1676677254209
1676677251375,1676677254333
1676677252695,1676677254333
1676677251999,1676677254385
1676677253259,1676677254557
1676677251592,1676677254590
1676677251787,1676677254605
1676677252631,1676677254718
1676677253607,1676677254801
1676677251663,1676677254805
1676677253863,1676677254849
1676677253463,1676677254857
1676677253455,1676677254896
1676677253891,1676677255233
1676677254115,1676677255405
1676677254559,1676677255837
1676677254807,1676677255881
1676677254335,1676677255881
1676677254387,1676677255961
1676677254211,1676677255997
1676677254335,1676677256017
1676677254595,1676677256121
1676677254807,1676677256161
1676677254898,1676677256189
1676677255235,1676677256425
1676677254859,1676677256465
1676677254851,1676677256501
1676677254211,1676677256501
1676677254720,1676677256681
1676677255963,1676677256937
1676677255407,1676677257121
1676677255625,1676677257157
1676677255839,1676677257185
1676677255883,1676677257193
1676677255999,1676677257225
1676677256123,1676677257345
1676677254607,1676677257385
1676677255883,1676677257397
1676677256019,1676677257477
1676677256163,1676677257525
1676677256190,1676677257581
1676677256683,1676677257765
1676677256427,1676677257801
1676677256503,1676677257989
1676677256467,1676677257997
1676677256503,1676677258101
1676677257187,1676677258185
1676677257479,1676677258425
1676677257194,1676677258625
1676677257387,1676677258661
1676677257123,1676677258773
1676677256939,1676677258809
1676677257399,1676677258845
1676677257347,1676677258897
1676677257162,1676677258937
1676677257227,1676677258957
1676677257583,1676677259161
1676677257991,1676677259309
1676677258103,1676677259325
1676677257641,1676677259353
1676677257803,1676677259517
1676677257998,1676677259517
1676677257767,1676677259525
1676677257527,1676677259665
1676677258187,1676677259709
1676677258627,1676677260041
1676677258847,1676677260097
1676677258939,1676677260333
1676677258427,1676677260405
1676677258959,1676677260509
1676677259311,1676677260521
1676677258899,1676677260537
1676677258663,1676677260542
1676677258775,1676677260589
1676677258811,1676677260693
1676677259519,1676677261045
1676677259667,1676677261061
1676677259519,1676677261201
1676677259657,1676677261229
1676677259163,1676677261325
1676677259358,1676677261329
1676677259711,1676677261365
1676677260043,1676677261465
1676677260099,1676677261529
1676677260523,1676677261553
1676677260511,1676677261633
1676677260407,1676677261693
1676677259527,1676677261773
1676677260671,1676677261781
1676677260544,1676677261818
1676677259326,1676677261841
1676677260343,1676677262085
1676677261047,1676677262177
1676677260591,1676677262201
1676677261235,1676677262282
1676677261467,1676677262533
1676677261327,1676677262573
1676677261203,1676677262585
1676677261063,1676677262586
1676677260539,1676677262689
1676677260695,1676677262725
1676677261555,1676677262885
1676677261635,1676677262921
1676677261331,1676677262989
1676677261820,1676677263005
1676677261786,1676677263121
1676677262179,1676677263161
1676677261775,1676677263181
1676677261843,1676677263321
1676677261367,1676677263325
1676677261695,1676677263369
1676677262588,1676677263405
1676677262284,1676677263453
1676677261531,1676677263461
1676677262203,1676677263601
1676677262691,1676677263605
1676677262087,1676677263669
1676677262923,1676677263865
1676677262587,1676677263869
1676677262687,1676677263937
1676677263327,1676677264221
1676677263163,1676677264257
1676677263183,1676677264269
1676677263007,1676677264281
1676677262887,1676677264305
1676677262727,1676677264468
1676677262991,1676677264475
1676677263607,1676677264517
1676677263123,1676677264685
1676677263407,1676677264797
1676677263323,1676677264821
1676677262535,1676677264968
1676677263371,1676677265073
1676677262575,1676677265157
1676677263455,1676677265221
1676677263463,1676677265221
1676677263871,1676677265281
1676677263671,1676677265309
1676677263943,1676677265329
1676677263703,1676677265421
1676677264223,1676677265469
1676677264477,1676677265533
1676677263603,1676677265545
1676677264283,1676677265609
1676677263867,1676677265617
1676677264470,1676677265733
1676677264519,1676677265805
1676677264271,1676677265905
1676677264687,1676677265969
1676677264970,1676677266217
1676677265283,1676677266253
1676677264799,1676677266317
1676677264307,1676677266345
1676677264822,1676677266397
1676677265159,1676677266425
1676677265611,1676677266601
1676677265223,1676677266609
1676677265075,1676677266709
1676677264259,1676677266793
1676677265223,1676677266973
1676677265311,1676677266993
1676677265619,1676677267005
1676677265907,1676677267021
1676677265720,1676677267125
1676677265535,1676677267145
1676677265735,1676677267209
1676677265331,1676677267237
1676677265471,1676677267305
1676677266219,1676677267353
1676677265547,1676677267477
1676677265971,1676677267741
1676677266255,1676677267777
1676677266319,1676677267793
1676677266347,1676677267813
1676677265807,1676677267829
1676677266731,1676677267829
1676677265427,1676677267857
1676677266995,1676677267925
1676677266427,1676677267961
1676677266399,1676677267985
1676677266603,1676677268171
1676677266795,1676677268181
1676677266975,1676677268273
1676677267131,1676677268349
1676677267023,1676677268369
1676677267211,1676677268377
1676677267147,1676677268401
1676677266711,1676677268401
1676677267354,1676677268457
1676677267007,1676677268517
1676677267859,1676677268701
1676677267307,1676677268725
1676677266611,1676677268777
1676677267927,1676677268873
1676677267479,1676677268961
1676677267834,1676677268969
1676677267831,1676677269229
1676677267987,1676677269273
1676677268183,1676677269305
1676677267743,1676677269321
1676677267239,1676677269381
1676677267795,1676677269385
1676677267963,1676677269461
1676677268351,1676677269549
1676677268275,1676677269573
1676677268173,1676677269649
1676677268403,1676677269701
1676677267815,1676677269749
1676677268379,1676677269753
1676677268403,1676677269861
1676677268779,1676677269865
1676677268458,1676677269881
1676677268727,1676677270029
1676677268875,1676677270225
1676677269383,1676677270249
1676677268371,1676677270261
1676677267779,1676677270337
1676677268970,1676677270349
1676677269323,1676677270373
1676677268703,1676677270397
1676677268519,1676677270529
1676677269463,1676677270569
1676677269231,1676677270761
1676677269387,1676677270769
1676677269551,1676677270889
1676677269751,1676677270937
1676677269307,1676677270945
1676677268963,1676677271081
1676677268746,1676677271109
1676677269275,1676677271149
1676677269575,1676677271193
1676677269651,1676677271233
1676677269762,1676677271421
1676677269863,1676677271457
1676677270399,1676677271465
1676677269755,1676677271537
1676677269883,1676677271577
1676677269867,1676677271621
1676677269703,1676677271800
1676677270227,1676677271801
1676677270251,1676677271809
1676677270031,1676677271905
1676677270531,1676677271921
1676677270375,1676677271949
1676677270339,1676677271953
1676677270351,1676677271961
1676677270263,1676677272025
1676677270571,1676677272089
1676677270947,1676677272113
1676677270775,1676677272213
1676677270939,1676677272385
1676677270771,1676677272557
1676677270763,1676677272577
1676677271235,1676677272617
1676677271427,1676677272685
1676677271622,1676677272801
1676677271114,1676677272809
1676677271083,1676677272837
1676677270891,1676677272873
1676677271195,1676677272901
1676677271539,1676677272941
1676677271923,1676677272957
1676677271954,1676677273013
1676677271810,1676677273157
1676677271950,1676677273193
1676677271963,1676677273205
1676677271907,1676677273273
1676677271467,1676677273362
1676677271150,1676677273365
1676677271579,1676677273389
1676677271803,1676677273497
1676677271459,1676677273497
1676677271801,1676677273513
1676677272091,1676677273553
1676677272115,1676677273689
1676677272027,1676677273769
1676677272686,1676677273785
1676677272218,1676677273849
1676677272619,1676677273873
1676677272559,1676677273889
1676677272788,1676677273889
1676677272802,1676677273893
1676677272903,1676677274021
1676677272810,1676677274029
1676677273364,1676677274269
1676677272387,1676677274320
1676677272875,1676677274385
1676677273275,1676677274389
1676677272579,1676677274417
1676677272838,1676677274449
1676677273367,1676677274501
1676677272944,1676677274501
1676677272959,1676677274729
1676677273195,1676677274757
1676677273159,1676677274809
1676677273391,1676677274917
1676677273851,1676677274961
1676677273015,1676677274989
1676677273691,1676677274993
1676677273515,1676677275037
1676677273555,1676677275045
1676677273787,1676677275089
1676677273499,1676677275257
1676677273207,1676677275293
1676677273499,1676677275325
1676677273771,1676677275441
1676677273891,1676677275481
1676677274271,1676677275513
1676677273895,1676677275521
1676677273875,1676677275653
1676677273895,1676677275681
1676677274419,1676677275721
1676677274031,1676677275741
1676677274387,1676677275745
1676677274321,1676677275769
1676677274759,1676677275845
1676677273803,1676677275897
1676677274451,1676677275981
1676677274919,1676677275997
1676677274023,1676677276013
1676677274819,1676677276013
1676677274391,1676677276033
1676677274503,1676677276041
1676677274811,1676677276181
1676677275327,1676677276245
1676677274995,1676677276253
1676677274503,1676677276385
1676677274962,1676677276421
1676677275046,1676677276438
1676677274731,1676677276441
1676677275295,1676677276509
1676677275523,1676677276562
1676677275743,1676677276565
1676677275039,1676677276629
1676677275747,1676677276689
1676677274991,1676677276693
1676677275091,1676677276717
1676677275443,1676677276725
1676677275771,1676677276833
1676677275259,1676677276937
1676677275515,1676677277005
1676677275483,1676677277125
1676677275982,1676677277149
1676677276035,1676677277165
1676677276043,1676677277209
1676677275847,1676677277301
1676677275683,1676677277317
1676677275902,1676677277381
1676677276255,1676677277481
1676677276019,1676677277545
1676677276423,1676677277553
1676677275723,1676677277553
1676677275654,1676677277609
1676677276015,1676677277717
1676677276183,1676677277729
1676677276440,1676677277837
1676677276511,1676677277925
1676677275998,1676677278001
1676677276691,1676677278049
1676677276719,1676677278125
1676677276566,1676677278129
1676677276695,1676677278181
1676677276247,1676677278225
1676677276835,1676677278257
1676677276387,1676677278277
1676677276939,1676677278314
1676677277007,1676677278317
1676677276727,1676677278348
1676677277127,1676677278408
1676677277151,1676677278481
1676677276564,1676677278489
1676677276443,1676677278585
1676677277483,1676677278614
1676677276837,1676677278613
1676677277210,1676677278758
1676677277384,1676677278797
1676677277731,1676677278813
1676677277167,1676677278861
1676677277611,1676677278893
1676677277555,1676677279081
1676677277547,1676677279085
1676677277319,1676677279117
1676677277303,1676677279118
1676677277555,1676677279137
1676677276631,1676677279181
1676677278003,1676677279213
1676677278127,1676677279217
1676677278131,1676677279245
1676677277839,1676677279281
1676677278051,1676677279401
1676677278483,1676677279689
1676677278259,1676677279718
1676677277719,1676677279733
1676677277927,1676677279745
1676677278227,1676677279829
1676677278182,1676677279841
1676677278410,1676677279965
1676677278760,1676677280009
1676677278278,1676677280009
1676677278316,1676677280057
1676677278319,1676677280065
1676677277851,1676677280093
1676677279219,1676677280101
1676677278815,1676677280169
1676677278587,1676677280177
1676677278619,1676677280237
1676677278350,1676677280289
1676677279139,1676677280293
1676677279119,1676677280357
1676677278895,1676677280377
1676677279087,1676677280437
1676677279120,1676677280449
1676677278862,1676677280453
1676677278491,1676677280461
1676677278863,1676677280481
1676677278800,1676677280549
1676677279183,1676677280729
1676677279691,1676677280733
1676677279283,1676677280785
1676677279083,1676677280849
1676677279747,1676677280869
1676677279247,1676677280905
1676677279843,1676677281061
1676677279215,1676677281149
1676677280103,1676677281181
1676677280010,1676677281209
1676677279403,1676677281237
1676677279831,1676677281249
1676677280067,1676677281273
1676677279735,1676677281365
1676677280059,1676677281417
1676677280010,1676677281465
1676677280239,1676677281501
1676677280179,1676677281545
1676677280439,1676677281601
1676677280099,1676677281661
1676677280295,1676677281801
1676677280451,1676677281809
1676677279967,1676677281837
1676677280291,1676677281861
1676677280551,1676677281869
1676677280359,1676677281917
1676677280463,1676677281937
1676677279719,1676677281945
1676677280379,1676677281965
1676677280730,1676677281978
1676677280786,1676677281989
1676677278616,1676677282001
1676677281063,1676677282081
1676677280871,1676677282133
1676677280907,1676677282241
1676677280171,1676677282241
1676677280483,1676677282253
1676677280851,1676677282309
1676677280459,1676677282313
1676677281150,1676677282417
1676677281239,1676677282425
1676677280734,1676677282453
1676677281367,1676677282537
1676677281210,1676677282545
1676677280881,1676677282589
1676677281663,1676677282617
1676677281420,1676677282662
1676677281275,1676677282777
1676677281467,1676677282897
1676677281547,1676677282989
1676677281503,1676677283117
1676677281967,1676677283124
1676677281603,1676677283193
1676677282135,1676677283221
1676677281990,1676677283249
1676677281947,1676677283265
1676677281183,1676677283277
1676677281250,1676677283285
1676677281803,1676677283295
1676677281919,1676677283321
1676677281939,1676677283339
1676677281894,1676677283446
1676677281863,1676677283569
1676677281811,1676677283593
1676677281839,1676677283601
1676677281980,1676677283661
1676677282547,1676677283681
1676677282243,1676677283725
1676677282083,1676677283853
1676677282904,1676677283855
1676677282455,1676677283881
1676677282003,1676677283881
1676677282311,1676677283889
1676677281871,1676677283893
1676677282539,1676677283989
1676677282595,1676677284021
1676677282419,1676677284029
1676677282315,1676677284037
1676677282255,1676677284065
1676677282243,1676677284069
1676677282899,1676677284153
1676677282779,1676677284157
1676677282991,1676677284165
1676677283195,1676677284217
1676677283267,1676677284233
1676677282664,1676677284321
1676677283323,1676677284373
1676677283341,1676677284385
1676677283279,1676677284425
1676677282619,1676677284573
1676677283119,1676677284613
1676677282427,1676677284629
1676677283452,1676677284681
1676677283287,1676677284729
1676677283683,1676677284741
1676677283570,1676677284769
1676677283904,1676677284809
1676677283125,1676677284913
1676677283595,1676677284937
1676677283251,1676677284957
1676677283663,1676677284969
1676677283991,1676677284973
1676677283860,1676677284989
1676677284071,1676677285000
1676677283602,1676677285053
1676677283891,1676677285133
1676677283223,1676677285157
1676677283727,1676677285201
1676677283297,1676677285285
1676677283883,1676677285293
1676677284039,1676677285301
1676677284375,1676677285397
1676677284023,1676677285401
1676677284155,1676677285441
1676677284159,1676677285554
1676677283929,1676677285573
1676677284219,1676677285589
1676677284323,1676677285605
1676677284067,1676677285609
1676677284731,1676677285661
1676677284811,1676677285789
1676677284683,1676677285861
1676677284575,1676677285885
1676677284235,1676677285885
1676677284771,1676677285953
1676677284388,1676677285961
1676677283855,1676677285997
1676677284631,1676677286049
1676677284743,1676677286077
1676677284915,1676677286077
1676677284971,1676677286142
1676677284939,1676677286226
1676677284959,1676677286233
1676677285303,1676677286253
1676677284030,1676677286257
1676677284615,1676677286381
1676677285002,1676677286385
1676677284427,1676677286389
1676677284991,1676677286421
1676677285287,1676677286421
1676677285295,1676677286485
1676677283883,1676677286489
1676677284167,1676677286497
1676677284975,1676677286497
1676677285203,1676677286565
1676677285159,1676677286577
1676677285579,1676677286669
1676677285611,1676677286717
1676677285443,1676677286753
1676677285135,1676677286797
1676677285591,1676677286853
1676677285399,1676677286865
1676677285403,1676677286894
1676677285963,1676677286941
1676677285791,1676677286977
1676677285863,1676677287041
1676677285663,1676677287109
1676677285887,1676677287121
1676677285607,1676677287141
1676677285945,1676677287177
1676677285887,1676677287329
1676677286383,1676677287385
1676677285055,1676677287401
1676677285955,1676677287445
1676677286079,1676677287445
1676677286259,1676677287513
1676677285556,1676677287601
1676677286051,1676677287677
1676677285999,1676677287677
1676677286079,1676677287709
1676677286143,1676677287721
1676677286255,1676677287741
1676677286671,1676677287817
1676677286235,1676677287829
1676677286499,1676677287853
1676677286422,1676677287885
1676677286491,1676677287893
1676677286755,1676677288017
1676677286719,1676677288033
1676677286499,1676677288057
1676677286227,1676677288069
1676677286487,1676677288089
1676677286391,1676677288113
1676677286578,1676677288125
1676677286567,1676677288185
1676677286423,1676677288209
1676677286943,1676677288265
1676677286855,1676677288317
1676677287043,1676677288385
1676677286387,1676677288417
1676677286896,1676677288445
1676677286979,1676677288457
1676677287123,1676677288465
1676677286958,1676677288505
1676677287387,1676677288521
1676677286799,1676677288529
1676677287331,1676677288573
1676677287143,1676677288589
1676677286867,1676677288593
1676677287743,1676677288661
1676677287515,1676677288661
1676677287403,1676677288669
1676677287111,1676677288693
1676677287447,1676677288725
1676677287603,1676677288749
1676677287181,1676677288753
1676677287819,1676677288973
1676677287887,1676677288997
1676677288035,1676677289145
1676677287679,1676677289157
1676677287447,1676677289236
1676677287679,1676677289249
1676677287971,1676677289306
1676677288187,1676677289313
1676677288267,1676677289389
1676677288019,1676677289437
1676677287723,1676677289453
1676677288115,1676677289457
1676677288211,1676677289481
1676677287895,1676677289529
1676677288447,1676677289557
1676677288319,1676677289577
1676677288071,1676677289629
1676677287855,1676677289669
1676677287711,1676677289709
1676677288059,1676677289713
1676677288127,1676677289737
1676677288663,1676677289737
1676677288755,1676677289745
1676677288467,1676677289753
1676677288523,1676677289805
1676677287831,1676677289817
1676677288459,1676677289825
1676677288419,1676677289861
1676677288387,1676677289917
1676677288595,1676677289946
1676677288511,1676677289989
1676677288575,1676677290017
1676677289159,1676677290025
1676677288751,1676677290081
1676677288695,1676677290097
1676677288975,1676677290149
1676677289311,1676677290204
1676677288091,1676677290229
1676677288591,1676677290249
1676677288999,1676677290257
1676677288671,1676677290341
1676677289455,1676677290468
1676677289147,1676677290522
1676677289671,1676677290577
1676677289459,1676677290577
1676677288531,1676677290613
1676677289314,1676677290657
1676677289559,1676677290677
1676677289531,1676677290733
1676677289483,1676677290765
1676677289807,1676677290809
1676677289715,1676677290837
1676677290026,1676677290897
1676677289919,1676677290985
1676677289251,1676677290993
1676677289579,1676677291023
1676677289740,1676677291029
1676677289391,1676677291037
1676677288663,1676677291049
1676677288727,1676677291081
1676677289863,1676677291101
1676677289238,1676677291109
1676677290019,1676677291225
1676677289631,1676677291249
1676677290082,1676677291345
1676677289739,1676677291357
1676677289827,1676677291417
1676677289747,1676677291529
1676677289439,1676677291557
1676677290470,1676677291653
1676677289984,1676677291681
1676677290259,1676677291725
1676677290206,1676677291753
1676677290151,1676677291757
1676677289819,1676677291773
1676677289755,1676677291805
1676677289991,1676677291817
1676677290679,1676677291848
1676677290987,1676677291857
1676677290343,1676677291873
1676677289948,1676677291913
1676677290659,1676677291937
1676677290231,1676677291971
1676677290734,1676677291985
1676677290099,1676677291997
1676677289711,1676677292045
1676677290251,1676677292085
1676677290579,1676677292125
1676677290839,1676677292213
1676677291082,1676677292249
1676677290811,1676677292337
1676677291039,1676677292381
1676677290524,1676677292405
1676677291103,1676677292453
1676677290579,1676677292457
1676677290615,1676677292469
1676677291110,1676677292481
1676677291031,1676677292513
1676677290995,1676677292557
1676677290899,1676677292577
1676677291359,1676677292597
1676677291051,1676677292637
1676677291531,1676677292637
1676677291251,1676677292701
1676677291227,1676677292709
1676677291806,1676677292733
1676677291759,1676677292781
1676677290767,1676677292857
1676677291727,1676677292861
1676677291688,1676677292901
1676677291347,1676677292941
1676677291775,1676677292945
1676677291559,1676677293061
1676677291850,1676677293113
1676677291819,1676677293129
1676677291004,1676677293129
1676677291999,1676677293197
1676677291025,1676677293209
1676677291419,1676677293281
1676677291915,1676677293345
1676677291755,1676677293497
1676677292250,1676677293509
1676677292215,1676677293509
1676677291987,1676677293517
1676677292047,1676677293549
1676677291859,1676677293558
1676677292483,1676677293569
1676677292086,1676677293621
1676677292515,1676677293629
1676677291973,1676677293714
1676677292127,1676677293761
1676677292599,1676677293801
1676677292711,1676677293893
1676677292015,1676677293901
1676677291655,1676677293925
1676677293063,1676677293925
1676677291939,1676677293941
1676677292339,1676677293941
1676677292458,1676677293961
1676677292455,1676677293977
1676677292383,1676677294069
1676677292639,1676677294077
1676677291875,1676677294084
1676677292703,1676677294085
1676677292579,1676677294121
1676677292471,1676677294173
1676677292559,1676677294253
1676677292903,1676677294261
1676677292407,1676677294345
1676677293211,1676677294381
1676677292639,1676677294401
1676677293131,1676677294425
1676677292783,1676677294461
1676677292859,1676677294529
1676677293115,1676677294605
1676677293571,1676677294609
1676677292943,1676677294637
1676677292735,1676677294645
1676677293631,1676677294720
1676677293979,1676677294805
1676677293135,1676677294809
1676677293551,1676677294825
1676677293512,1676677294825
1676677293199,1676677294845
1676677293511,1676677294877
1676677293347,1676677294969
1676677293895,1676677295009
1676677293283,1676677295013
1676677293715,1676677295016
1676677293803,1676677295038
1676677293499,1676677295041
1676677292863,1676677295077
1676677293560,1676677295105
1676677294078,1676677295177
1676677293763,1676677295181
1676677293927,1676677295249
1676677292947,1676677295261
1676677293963,1676677295297
1676677294071,1676677295349
1676677293623,1676677295349
1676677293927,1676677295441
1676677293943,1676677295441
1676677293519,1676677295453
1676677294383,1676677295473
1676677294255,1676677295581
1676677294611,1676677295585
1676677294086,1676677295641
1676677294263,1676677295681
1676677294607,1676677295689
1676677294033,1676677295717
1676677294826,1676677295765
1676677294347,1676677295773
1676677294086,1676677295809
1676677294531,1676677295817
1676677294427,1676677295829
1676677294123,1676677295849
1676677294639,1676677295913
1676677294826,1676677295929
1676677294403,1676677295965
1676677294175,1676677296037
1676677293943,1676677296044
1676677294971,1676677296057
1676677294847,1676677296137
1676677293907,1676677296165
1676677294463,1676677296213
1676677295018,1676677296221
1676677294722,1676677296245
1676677294647,1676677296317
1676677294811,1676677296321
1676677295251,1676677296341
1676677295015,1676677296365
1676677295053,1676677296381
1676677295043,1676677296385
1676677294806,1676677296409
1676677295106,1676677296453
1676677295299,1676677296497
1676677295040,1676677296546
1676677295351,1676677296549
1676677294879,1676677296589
1676677295350,1676677296597
1676677295183,1676677296625
1676677295443,1676677296681
1676677295179,1676677296757
1676677295263,1676677296789
1676677295455,1676677296885
1676677295583,1676677296917
1676677295011,1676677296957
1676677295587,1676677296973
1676677295683,1676677297045
1676677295443,1676677297073
1676677295691,1676677297081
1676677295767,1676677297117
1676677295930,1676677297120
1676677295831,1676677297129
1676677295643,1676677297149
1676677295775,1676677297193
1676677295819,1676677297205
1676677295079,1676677297221
1676677296039,1676677297269
1676677296046,1676677297281
1676677296223,1676677297297
1676677295915,1676677297333
1676677295851,1676677297337
1676677295475,1676677297369
1676677295967,1676677297377
1676677295723,1676677297413
1676677296167,1676677297475
1676677296499,1676677297529
1676677296387,1676677297549
1676677296591,1676677297549
1676677296552,1676677297585
1676677295811,1676677297617
1676677296387,1676677297632
1676677296247,1676677297632
1676677296215,1676677297641
1676677296343,1676677297645
1676677296548,1676677297669
1676677296138,1676677297729
1676677296411,1676677297745
1676677296683,1676677297837
1676677296599,1676677297853
1676677296323,1676677297889
1676677296759,1676677297897
1676677296319,1676677297929
1676677296063,1676677297939
1676677297271,1676677298105
1676677296627,1676677298113
1676677296959,1676677298129
1676677296455,1676677298136
1676677296367,1676677298149
1676677296059,1676677298213
1676677296790,1676677298313
1676677296975,1676677298353
1676677297151,1676677298441
1676677297131,1676677298453
1676677297223,1676677298473
1676677296887,1676677298489
1676677296919,1676677298497
1676677297075,1676677298500
1676677297551,1676677298530
1676677297047,1676677298541
1676677297633,1676677298605
1676677297195,1676677298609
1676677297338,1676677298617
1676677297283,1676677298649
1676677297415,1676677298677
1676677297121,1676677298693
1676677297083,1676677298709
1676677297207,1676677298773
1676677297379,1676677298809
1676677297891,1676677298869
1676677297370,1676677298933
1676677297855,1676677298937
1676677297551,1676677298953
1676677297477,1676677298981
1676677297299,1676677298993
1676677297634,1676677299041
1676677297647,1676677299045
1676677297335,1676677299061
1676677297899,1676677299098
1676677297587,1676677299101
1676677297643,1676677299109
1676677297671,1676677299129
1676677297619,1676677299133
1676677297119,1676677299145
1676677297531,1676677299194
1676677297839,1676677299237
1676677297731,1676677299297
1676677298080,1676677299301
1676677298455,1676677299353
1676677297747,1676677299373
1676677297944,1676677299435
1676677298106,1676677299509
1676677297931,1676677299533
1676677298131,1676677299605
1676677298532,1676677299661
1676677298543,1676677299669
1676677298315,1676677299705
1676677298355,1676677299729
1676677298611,1676677299753
1676677298475,1676677299761
1676677298215,1676677299785
1676677298695,1676677299837
1676677298983,1676677299865
1676677298443,1676677299873
1676677298115,1676677299929
1676677298502,1676677299933
1676677298774,1676677299997
1676677298137,1676677300001
1676677298498,1676677300025
1676677298651,1676677300029
1676677298491,1676677300041
1676677298607,1676677300045
1676677298151,1676677300103
1676677298811,1676677300125
1676677298939,1676677300173
1676677298955,1676677300225
1676677298935,1676677300229
1676677298995,1676677300229
1676677298619,1676677300281
1676677298711,1676677300317
1676677298871,1676677300365
1676677299092,1676677300369
1676677299047,1676677300457
1676677299437,1676677300481
1676677299306,1676677300493
1676677299134,1676677300509
1676677299511,1676677300533
1676677299043,1676677300577
1676677299355,1676677300585
1676677299063,1676677300617
1676677299147,1676677300618
1676677298679,1676677300641
1676677299375,1676677300713
1676677299671,1676677300717
1676677299662,1676677300725
1676677299103,1676677300769
1676677299195,1676677300837
1676677299787,1676677300905
1676677299131,1676677300953
1676677299755,1676677300965
1676677299239,1676677300973
1676677299875,1676677300973
1676677299299,1676677300985
1676677299999,1676677301053
1676677299111,1676677301071
1676677300047,1676677301137
1676677299931,1676677301177
1676677299607,1676677301205
1676677300043,1676677301225
1676677299731,1676677301257
1676677300126,1676677301269
1676677300459,1676677301377
1676677300031,1676677301409
1676677299867,1676677301409
1676677299839,1676677301453
1676677300003,1676677301469
1676677300231,1676677301521
1676677300227,1676677301530
1676677300319,1676677301637
1676677299100,1676677301649
1676677300105,1676677301673
1676677299763,1676677301701
1676677300367,1676677301829
1676677300587,1676677301829
1676677300174,1676677301830
1676677300027,1676677301837
1676677300643,1676677301865
1676677299535,1676677301901
1676677299707,1676677301917
1676677299935,1676677301925
1676677300495,1676677301957
1676677300719,1676677302065
1676677300283,1676677302094
1676677300715,1676677302108
1676677300483,1676677302165
1676677300375,1676677302213
1676677300511,1676677302221
1676677300620,1676677302225
1676677300907,1676677302233
1676677301411,1676677302265
1676677300975,1676677302298
1676677300771,1676677302405
1676677300987,1676677302433
1676677300580,1676677302437
1676677300535,1676677302481
1676677301055,1676677302485
1676677301271,1676677302485
1676677301108,1676677302509
1676677300967,1676677302533
1676677301207,1676677302537
1676677301379,1676677302589
1676677300231,1676677302601
1676677301411,1676677302665
1676677300975,1676677302669
1676677300727,1676677302701
1676677300839,1676677302733
1676677301471,1676677302757
1676677301259,1676677302817
1676677301073,1676677302821
1676677300619,1676677302845
1676677301139,1676677302865
1676677301903,1676677302953
1676677301179,1676677302953
1676677301523,1676677302965
1676677301638,1676677303001
1676677301831,1676677303017
1676677301831,1676677303029
1676677301674,1676677303153
1676677300955,1676677303213
1676677302223,1676677303237
1676677301831,1676677303237
1676677301227,1676677303241
1676677301703,1676677303253
1676677301455,1676677303289
1676677302235,1676677303333
1676677301959,1676677303365
1676677302110,1676677303373
1676677302125,1676677303373
1676677301532,1676677303381
1676677301919,1676677303421
1676677301927,1676677303453
1676677301839,1676677303457
1676677301651,1676677303481
1676677302215,1676677303503
1676677302266,1676677303521
1676677302407,1676677303585
1676677302535,1676677303605
1676677301867,1676677303617
1676677302487,1676677303733
1676677302067,1676677303748
1676677302167,1676677303777
1676677302227,1676677303777
1676677302435,1676677303861
1676677302483,1676677303881
1676677302603,1676677303909
1676677302096,1676677303933
1676677302301,1676677303933
1676677302539,1676677303933
1676677302735,1676677303933
1676677302439,1676677303956
1676677302515,1676677303965
1676677302823,1676677304081
1676677302666,1676677304141
1676677302819,1676677304153
1676677302867,1676677304156
1676677302847,1676677304161
1676677303155,1676677304217
1676677302671,1676677304241
1676677303019,1676677304257
1676677303291,1676677304273
1676677302591,1676677304309
1676677303367,1676677304325
1676677303239,1676677304334
1676677302955,1676677304465
1676677303239,1676677304525
1676677302488,1676677304533
1676677303003,1676677304561
1676677302954,1676677304609
1676677302759,1676677304657
1676677302702,1676677304689
1676677303255,1676677304729
1676677303587,1676677304729
1676677303379,1676677304790
1676677303455,1676677304829
1676677303967,1676677304833
1676677303242,1676677304841
1676677303505,1676677304841
1676677303383,1676677304913
1676677303523,1676677304921
1676677303779,1676677304937
1676677303619,1676677304957
1676677303935,1676677304977
1676677303863,1676677304993
1676677303375,1676677305005
1676677302967,1676677305087
1676677303934,1676677305114
1676677303423,1676677305133
1676677303031,1676677305133
1676677303335,1676677305165
1676677303215,1676677305202
1676677303883,1676677305261
1676677303483,1676677305278
1676677303957,1676677305297
1676677303934,1676677305321
1676677303934,1676677305405
1676677303459,1676677305421
1676677303910,1676677305433
1676677304243,1676677305449
1676677304142,1676677305477
1676677303735,1676677305501
1676677304083,1676677305517
1676677303750,1676677305573
1676677304163,1676677305581
1676677304141,1676677305585
1676677304154,1676677305593
1676677304335,1676677305633
1676677303778,1676677305641
1676677303607,1676677305645
1676677304310,1676677305649
1676677304274,1676677305677
1676677304258,1676677305685
1676677304731,1676677305753
1676677304467,1676677305801
1676677304535,1676677305909
1676677304939,1676677305929
1676677305089,1676677305961
1676677304563,1676677306005
1676677304158,1676677306043
1676677304995,1676677306045
1676677304611,1676677306057
1676677304659,1676677306061
1676677304691,1676677306109
1676677304527,1676677306133
1676677304835,1676677306137
1676677304959,1676677306169
1676677304979,1676677306181
1676677304843,1676677306189
1676677304792,1676677306241
1676677304831,1676677306269
1676677305135,1676677306321
1676677304326,1676677306333
1676677305280,1676677306349
1676677304218,1676677306373
1676677304731,1676677306381
1676677305203,1676677306421
1676677305503,1676677306497
1676677305583,1676677306573
1676677305299,1676677306573
1676677304923,1676677306593
1676677305167,1676677306637
1676677305643,1676677306677
1676677305116,1676677306713
1676677305154,1676677306769
1676677305646,1676677306837
1676677305635,1676677306865
1676677305323,1676677306885
1676677304843,1676677306917
1676677305595,1676677306921
1676677305591,1676677306929
1676677305687,1676677306945
1676677305679,1676677306957
1676677305651,1676677307069
1676677304915,1676677307117
1676677305007,1676677307121
1676677305519,1676677307157
1676677306047,1676677307157
1676677305263,1676677307157
1676677305575,1676677307169
1676677305755,1676677307173
1676677306045,1676677307189
1676677305135,1676677307213
1676677305407,1676677307245
1676677305435,1676677307313
1676677306062,1676677307314
1676677306375,1676677307321
1676677305911,1676677307321
1676677305479,1676677307333
1676677305451,1676677307353
1676677305963,1676677307377
1676677306139,1676677307409
1676677306335,1676677307413
1676677306007,1676677307437
1676677306135,1676677307453
1676677306191,1676677307497
1676677306271,1676677307589
1676677306171,1676677307601
1676677306575,1676677307657
1676677305423,1676677307657
1676677306183,1676677307713
1676677306383,1676677307751
1676677306930,1676677307805
1676677305931,1676677307809
1676677306323,1676677307817
1676677306351,1676677307822
1676677306059,1676677307857
1676677306839,1676677307889
1676677306679,1676677307901
1676677306575,1676677307921
1676677306946,1676677307925
1676677306639,1676677307945
1676677306715,1676677307964
1676677306243,1676677307973
1676677306111,1676677308001
1676677305802,1676677308009
1676677306423,1676677308013
1676677306595,1676677308052
1676677306773,1676677308089
1676677307119,1676677308113
1676677306918,1676677308229
1676677307175,1676677308233
1676677306499,1676677308245
1676677307159,1676677308273
1676677307335,1676677308273
1676677306958,1676677308281
1676677307315,1676677308317
1676677306867,1676677308333
1676677307439,1676677308441
1676677307190,1676677308519
1676677307168,1676677308557
1676677306923,1676677308561
1676677307316,1676677308589
1676677307158,1676677308601
1676677306887,1676677308733
1676677307214,1676677308737
1676677307159,1676677308737
1676677307947,1676677308737
1676677307071,1676677308761
1676677307824,1676677308825
1676677307415,1676677308833
1676677307171,1676677308857
1676677307379,1676677308874
1676677307715,1676677308889
1676677307355,1676677308901
1676677307966,1676677308929
1676677307499,1676677308941
1676677307975,1676677308945
1676677307323,1676677308973
1676677307246,1676677309001
1676677307411,1676677309049
1676677307122,1676677309053
1676677307603,1676677309069
1676677308015,1676677309109
1676677307323,1676677309125
1676677307923,1676677309193
1676677307819,1676677309213
1676677307659,1676677309237
1676677307659,1676677309309
1676677307891,1676677309353
1676677307903,1676677309353
1676677308334,1676677309405
1676677307807,1676677309425
1676677308002,1676677309445
1676677307591,1676677309501
1676677307753,1676677309529
1676677308054,1676677309533
1676677308763,1676677309537
1676677307455,1676677309557
1676677308521,1676677309565
1676677308275,1676677309629
1676677308011,1676677309757
1676677308275,1676677309761
1676677307859,1676677309765
1676677308603,1676677309785
1676677308115,1676677309789
1676677308235,1676677309825
1676677308247,1676677309857
1676677308563,1676677309865
1676677308319,1676677309877
1676677308091,1676677309881
1676677308231,1676677309889
1676677308835,1676677309925
1676677307811,1676677309949
1676677308591,1676677309977
1676677308563,1676677310001
1676677308943,1676677310025
1676677308738,1676677310049
1676677308859,1676677310097
1676677308931,1676677310137
1676677309055,1676677310137
1676677308283,1676677310205
1676677307927,1676677310219
1676677308876,1676677310237
1676677309003,1676677310273
1676677308735,1676677310297
1676677309071,1676677310333
1676677308827,1676677310349
1676677308903,1676677310361
1676677309127,1676677310401
1676677309051,1676677310441
1676677308891,1676677310513
1676677308739,1676677310561
1676677309427,1676677310593
1676677308947,1676677310596
1676677308443,1676677310609
1676677309111,1676677310610
1676677309186,1676677310633
1676677309759,1676677310645
1676677308975,1676677310649
1676677309239,1676677310701
1676677309355,1676677310725
1676677309215,1676677310797
1676677309195,1676677310817
1676677309407,1676677310833
1676677309559,1676677310893
1676677309355,1676677310913
1676677308739,1676677310913
1676677309311,1676677310949
1676677309531,1676677310973
1676677309567,1676677310982
1676677309535,1676677311069
1676677309866,1676677311085
1676677310027,1676677311145
1676677309858,1676677311152
1676677310003,1676677311189
1676677309503,1676677311217
1676677309979,1676677311261
1676677309790,1676677311269
1676677309539,1676677311281
1676677309827,1676677311285
1676677310051,1676677311325
1676677309883,1676677311361
1676677310207,1676677311418
1676677309787,1676677311421
1676677310099,1676677311425
1676677310351,1676677311429
1676677309890,1676677311489
1676677309926,1676677311529
1676677309767,1676677311533
1676677309951,1676677311561
1676677310403,1676677311573
1676677309447,1676677311573
1676677310443,1676677311593
1676677309878,1676677311625
1676677310363,1676677311645
1676677310647,1676677311661
1676677310651,1676677311665
1676677310611,1676677311689
1676677310515,1676677311705
1676677309763,1676677311713
1676677310727,1676677311721
1676677309631,1676677311721
1676677310139,1676677311733
1676677310221,1676677311773
1676677310275,1676677311869
1676677310299,1676677311885
1676677310335,1676677311893
1676677310239,1676677311921
1676677310799,1676677311945
1676677310612,1676677311949
1676677310139,1676677311969
1676677310563,1676677311977
1676677310595,1676677311997
1676677310639,1676677312024
1676677310703,1676677312085
1676677311154,1676677312137
1676677310975,1676677312141
1676677310835,1676677312157
1676677310598,1676677312177
1676677310915,1676677312305
1676677310951,1676677312313
1676677310895,1676677312361
1676677310915,1676677312385
1676677311271,1676677312397
1676677311219,1676677312453
1676677310819,1676677312541
1676677311531,1676677312574
1676677311491,1676677312585
1676677311287,1676677312597
1676677311595,1676677312613
1676677311071,1676677312633
1676677311147,1676677312665
1676677311263,1676677312725
1676677311191,1676677312741
1676677310984,1676677312747
1676677311575,1676677312797
1676677311423,1676677312821
1676677311363,1676677312893
1676677311087,1676677312905
1676677311647,1676677312953
1676677311715,1676677312961
1676677311563,1676677312969
1676677311327,1676677312989
1676677311200,1676677312986
1676677311723,1676677313041
1676677311970,1676677313057
1676677311427,1676677313089
1676677311663,1676677313101
1676677311998,1676677313141
1676677311691,1676677313225
1676677311431,1676677313225
1676677311723,1676677313249
1676677311947,1676677313269
1676677311775,1676677313281
1676677311707,1676677313301
1676677311979,1676677313313
1676677311627,1676677313393
1676677312387,1676677313401
1676677311923,1676677313405
1676677311735,1676677313425
1676677311283,1676677313433
1676677311575,1676677313485
1676677312139,1676677313505
1676677312087,1676677313513
1676677312454,1676677313525
1676677311870,1676677313543
1676677312307,1676677313545
1676677312399,1676677313645
1676677312159,1676677313705
1676677311887,1676677313705
1676677312615,1676677313765
1676677311667,1676677313797
1676677312025,1676677313801
1676677312362,1676677313805
1676677311420,1676677313817
1676677312179,1676677313833
1676677311535,1676677313845
1676677312315,1676677313861
1676677312635,1676677313873
1676677312543,1676677313929
1676677312587,1676677313929
1676677312743,1676677313945
1676677312576,1676677313953
1676677312727,1676677313981
1676677312143,1676677314013
1676677312799,1676677314073
1676677312992,1676677314100
1676677312667,1676677314117
1676677312991,1676677314185
1676677312599,1676677314220
1676677312907,1676677314250
1676677311951,1676677314273
1676677313043,1676677314289
1676677312955,1676677314289
1676677312749,1676677314309
1676677313102,1676677314353
1676677313091,1676677314357
1676677312895,1676677314361
1676677311895,1676677314361
1676677312963,1676677314457
1676677313303,1676677314485
1676677312823,1676677314573
1676677313142,1676677314579
1676677313315,1676677314601
1676677313547,1676677314657
1676677312971,1676677314663
1676677313270,1676677314665
1676677313227,1676677314709
1676677313283,1676677314773
1676677313407,1676677314781
1676677313059,1676677314785
1676677313435,1676677314845
1676677313527,1676677314893
1676677313707,1676677314897
1676677313647,1676677314917
1676677313545,1676677314941
1676677313216,1676677315050
1676677313515,1676677315061
1676677313426,1676677315081
1676677313395,1676677315097
1676677313863,1676677315117
1676677313487,1676677315165
1676677313799,1676677315165
1676677313807,1676677315172
1676677314119,1676677315177
1676677313250,1676677315177
1676677314363,1676677315217
1676677313226,1676677315233
1676677313403,1676677315257
1676677313803,1676677315265
1676677314187,1676677315273
1676677313767,1676677315325
1676677313835,1676677315362
1676677314102,1676677315453
1676677313707,1676677315469
1676677314252,1676677315493
1676677314659,1676677315525
1676677314075,1676677315545
1676677314311,1676677315576
1676677313954,1676677315597
1676677314222,1676677315613
1676677314275,1676677315621
1676677314291,1676677315685
1676677314581,1676677315689
1676677313930,1676677315713
1676677314291,1676677315725
1676677313875,1676677315737
1676677313819,1676677315737
1676677314359,1676677315797
1676677313982,1676677315801
1676677314015,1676677315813
1676677314919,1676677315881
1676677314355,1676677315921
1676677313507,1676677315937
1676677314604,1676677315961
1676677313947,1676677315969
1676677313930,1676677316001
1676677314899,1676677316013
1676677314775,1676677316043
1676677314711,1676677316065
1676677314575,1676677316076
1676677314847,1676677316109
1676677315099,1676677316133
1676677314895,1676677316133
1676677314783,1676677316145
1676677314363,1676677316173
1676677314665,1676677316197
1676677315056,1676677316213
1676677314487,1676677316225
1676677315219,1676677316265
1676677315083,1676677316321
1676677315274,1676677316345
1676677314787,1676677316413
1676677314459,1676677316433
1676677313847,1676677316433
1676677315179,1676677316453
1676677315063,1676677316489
1676677314943,1676677316521
1676677315259,1676677316525
1676677315267,1676677316533
1676677315167,1676677316549
1676677315327,1676677316605
1676677314667,1676677316645
1676677315599,1676677316685
1676677315363,1676677316709
1676677315623,1676677316725
1676677315174,1676677316729
1676677315691,1676677316749
1676677315799,1676677316753
1676677315547,1676677316782
1676677315235,1676677316793
1676677315118,1676677316793
1676677315455,1676677316825
1676677315167,1676677316889
1676677315236,1676677316909
1676677315527,1676677316957
1676677315815,1676677316993
1676677315923,1676677316997
1676677315495,1676677317009
1676677315687,1676677317021
1676677316199,1676677317054
1676677315179,1676677317069
1676677315471,1676677317089
1676677315970,1676677317161
1676677315739,1676677317165
1676677315577,1676677317169
1676677315883,1676677317177
1676677316045,1676677317189
1676677316175,1676677317201
1676677315715,1676677317222
1676677316135,1676677317301
1676677315739,1676677317305
1676677315615,1676677317341
1676677316215,1676677317357
1676677316077,1676677317381
1676677316435,1676677317437
1676677315939,1676677317489
1676677316346,1676677317493
1676677316015,1676677317493
1676677316491,1676677317493
1676677315803,1676677317509
1676677316067,1676677317561
1676677316687,1676677317645
1676677316755,1676677317681
1676677315963,1676677317701
1676677316135,1676677317705
1676677316002,1676677317730
1676677316110,1676677317737
1676677316147,1676677317801
1676677316455,1676677317857
1676677316551,1676677317896
1676677316647,1676677317901
1676677316415,1676677317917
1676677316535,1676677317934
1676677316435,1676677318001
1676677316227,1676677318017
1676677316959,1676677318121
1676677316323,1676677318126
1676677317163,1676677318160
1676677315727,1676677318229
1676677317203,1676677318265
1676677317071,1676677318269
1676677316267,1676677318269
1676677316711,1676677318293
1676677317011,1676677318305
1676677316731,1676677318317
1676677316751,1676677318349
1676677316915,1676677318369
1676677316795,1676677318381
1676677317191,1676677318381
1676677316607,1676677318381
1676677317495,1676677318401
1676677317223,1676677318421
1676677317307,1676677318485
1676677317171,1676677318501
1676677317023,1676677318534
1676677316784,1676677318534
1676677316523,1676677318534
1676677316892,1676677318577
1676677316527,1676677318621
1676677316999,1676677318637
1676677316827,1676677318657
1676677317495,1676677318657
1676677317179,1676677318673
1676677316795,1676677318701
1676677317343,1676677318709
1676677317439,1676677318713
1676677317091,1676677318749
1676677317383,1676677318761
1676677317167,1676677318781
1676677317803,1676677318853
1676677317703,1676677318873
1676677316995,1676677318885
1676677317647,1676677318933
1676677317056,1676677318942
1676677317936,1676677318977
1676677318128,1676677319021
1676677316727,1676677319045
1676677317303,1676677319052
1676677317903,1676677319061
1676677318123,1676677319073
1676677317359,1676677319093
1676677317859,1676677319101
1676677317563,1676677319129
1676677317491,1676677319197
1676677317898,1676677319209
1676677317738,1676677319217
1676677317683,1676677319249
1676677317707,1676677319293
1676677318319,1676677319321
1676677317495,1676677319325
1676677317919,1676677319345
1676677318383,1676677319465
1676677318536,1676677319525
1676677318161,1676677319533
1676677318536,1676677319534
1676677318351,1676677319557
1676677318271,1676677319581
1676677318307,1676677319585
1676677318751,1676677319609
1676677318267,1676677319685
1676677318383,1676677319693
1676677317511,1676677319713
1676677317732,1676677319717
1676677318423,1676677319741
1676677318979,1676677319753
1676677318271,1676677319753
1676677318503,1676677319781
1676677318579,1676677319813
1676677318255,1676677319829
1676677318371,1676677319840
1676677318536,1676677319849
1676677318231,1676677319874
1676677318675,1676677319937
1676677318019,1676677319961
1676677318711,1676677320013
1676677318403,1676677320041
1676677318659,1676677320061
1676677318003,1676677320113
1676677318295,1676677320113
1676677318624,1676677320125
1676677318487,1676677320153
1676677318944,1676677320157
1676677319075,1676677320173
1676677319047,1676677320197
1676677319095,1676677320205
1676677318855,1676677320241
1676677318639,1676677320261
1676677319023,1676677320321
1676677318703,1676677320344
1676677318659,1676677320357
1676677318887,1676677320372
1676677318783,1676677320397
1676677318935,1676677320437
1676677318383,1676677320450
1676677319063,1676677320453
1676677318715,1676677320461
1676677318763,1676677320481
1676677319251,1676677320533
1676677319211,1676677320604
1676677319583,1676677320677
1676677319536,1676677320709
1676677319527,1676677320713
1676677319054,1676677320728
1676677318875,1676677320729
1676677319323,1676677320741
1676677319687,1676677320757
1676677319587,1676677320769
1676677319876,1676677320797
1676677319103,1676677320809
1676677319467,1676677320889
1676677319131,1676677320901
1676677319294,1676677320945
1676677319719,1676677320945
1676677319199,1676677320961
1676677319346,1676677320973
1676677319326,1676677320977
1676677319755,1676677321001
1676677319815,1676677321097
1676677319743,1676677321097
1676677319219,1676677321153
1676677320243,1676677321165
1676677320159,1676677321177
1676677319963,1676677321281
1676677319559,1676677321301
1676677319755,1676677321313
1676677320323,1676677321329
1676677319783,1676677321337
1676677319939,1676677321385
1676677319535,1676677321421
1676677320063,1676677321433
1676677319611,1676677321437
1676677320115,1676677321473
1676677319851,1676677321493
1676677320015,1676677321549
1676677319715,1676677321601
1676677320043,1676677321605
1676677319842,1676677321649
1676677320207,1676677321661
1676677320127,1676677321688
1676677319695,1676677321709
1676677320452,1676677321777
1676677320175,1676677321781
1676677320155,1676677321829
1676677320115,1676677321829
1676677320263,1676677321833
1676677320730,1676677321845
1676677319835,1676677321873
1676677320715,1676677321901
1676677320345,1676677321917
1676677320398,1676677321921
1676677320199,1676677321942
1676677320359,1676677321949
1676677320535,1676677321957
1676677320979,1676677321997
1676677320731,1676677322017
1676677320439,1676677322041
1676677320771,1676677322053
1676677320373,1676677322057
1676677320811,1676677322097
1676677320903,1676677322125
1676677320743,1676677322149
1676677320463,1676677322165
1676677320711,1676677322201
1676677320679,1676677322249
1676677321003,1676677322277
1676677320606,1676677322280
1676677321155,1676677322305
1676677320799,1676677322356
1676677320483,1676677322369
1676677320759,1676677322409
1676677320947,1676677322457
1676677321439,1676677322481
1676677321387,1676677322517
1676677321283,1676677322533
1676677321167,1676677322533
1676677321651,1676677322545
1676677320891,1676677322593
1676677321099,1676677322605
1676677321315,1676677322613
1676677321331,1676677322613
1676677321275,1676677322681
1676677321099,1676677322689
1676677321339,1676677322701
1676677321603,1676677322701
1676677321782,1676677322741
1676677321690,1676677322741
1676677321303,1676677322757
1676677321423,1676677322796
1676677321179,1676677322801
1676677321434,1676677322841
1676677320963,1676677322841
1676677321998,1676677322845
1676677321835,1676677322877
1676677321711,1676677322933
1676677321551,1676677322945
1676677321495,1676677322969
1676677320455,1676677322994
1676677320947,1676677323005
1676677321919,1676677323105
1676677321475,1676677323113
1676677322019,1676677323149
1676677320975,1676677323161
1676677321607,1676677323185
1676677321875,1676677323333
1676677321846,1676677323337
1676677321903,1676677323381
1676677321831,1676677323385
1676677322043,1676677323401
1676677322167,1676677323461
1676677321830,1676677323465
1676677321663,1676677323485
1676677322483,1676677323506
1676677322098,1676677323521
1676677322458,1676677323581
1676677322203,1676677323605
1676677321959,1676677323605
1676677321778,1676677323609
1676677322535,1676677323617
1676677322151,1676677323697
1676677322251,1676677323733
1676677322059,1676677323733
1676677322279,1676677323749
1676677322607,1676677323789
1676677321922,1676677323813
1676677322126,1676677323823
1676677322370,1676677323849
1676677322306,1676677323861
1676677321950,1676677323865
1676677322055,1676677323865
1676677322686,1676677323885
1676677321944,1676677323897
1676677322947,1676677323905
1676677322358,1676677323965
1676677322798,1676677323989
1676677322703,1676677324033
1676677322595,1676677324037
1676677322535,1676677324037
1676677322615,1676677324101
1676677322743,1676677324141
1676677322879,1676677324181
1676677322843,1676677324249
1676677322703,1676677324268
1676677322935,1676677324329
1676677322759,1676677324331
1676677322843,1676677324345
1676677322518,1676677324349
1676677322742,1676677324373
1676677323107,1676677324385
1676677322547,1676677324397
1676677322803,1676677324413
1676677322281,1676677324421
1676677322410,1676677324453
1676677323611,1676677324477
1676677323151,1676677324485
1676677323383,1676677324501
1676677322971,1676677324571
1676677323467,1676677324581
1676677322615,1676677324648
1676677323403,1676677324705
1676677323791,1676677324705
1676677322847,1676677324737
1676677323388,1676677324738
1676677322691,1676677324745
1676677323699,1676677324745
1676677323814,1676677324757
1676677323487,1676677324773
1676677323735,1676677324777
1676677323007,1676677324853
1676677323463,1676677324875
1676677323887,1676677324913
1676677323162,1676677324933
1676677323187,1676677324990
1676677323523,1676677325029
1676677323607,1676677325029
1676677323967,1676677325037
1676677323335,1676677325037
1676677323115,1676677325077
1676677323863,1676677325109
1676677324039,1676677325113
1676677323907,1676677325141
1676677323339,1676677325189
1676677323899,1676677325193
1676677322996,1676677325221
1676677323508,1676677325241
1676677324103,1676677325241
1676677323867,1676677325285
1676677323619,1676677325305
1676677323867,1676677325325
1676677323735,1676677325337
1676677324399,1676677325401
1676677324387,1676677325453
1676677324039,1676677325469
1676677323583,1676677325469
1676677324347,1676677325469
1676677323851,1676677325469
1676677324350,1676677325469
1676677323825,1676677325485
1676677323607,1676677325493
1676677324183,1676677325517
1676677324143,1676677325553
1676677324423,1676677325641
1676677324251,1676677325653
1676677324270,1676677325665
1676677323991,1676677325713
1676677324583,1676677325745
1676677323751,1676677325757
1676677324479,1676677325769
1676677324747,1676677325797
1676677324331,1676677325853
1676677324739,1676677325861
1676677324455,1676677325885
1676677324333,1676677325897
1676677324487,1676677325925
1676677324707,1676677325949
1676677324035,1676677325957
1676677324746,1676677325961
1676677324415,1676677326013
1676677325039,1676677326017
1676677324573,1676677326081
1676677324877,1676677326087
1676677324503,1676677326145
1676677325190,1676677326153
1676677324992,1676677326165
1676677324374,1676677326173
1676677325115,1676677326210
1676677324650,1676677326233
1676677325080,1676677326277
1676677325031,1676677326337
1676677325111,1676677326356
1676677324934,1676677326369
1676677325307,1676677326388
1676677324775,1676677326389
1676677325039,1676677326389
1676677324779,1676677326453
1676677324740,1676677326465
1676677325143,1676677326497
1676677325403,1676677326501
1676677325031,1676677326513
1676677324914,1676677326537
1676677325655,1676677326541
1676677324854,1676677326545
1676677325339,1676677326561
1676677325243,1676677326717
1676677325471,1676677326721
1676677324707,1676677326749
1676677325195,1676677326757
1676677325471,1676677326769
1676677325287,1676677326773
1676677325455,1676677326777
1676677325243,1676677326805
1676677324759,1676677326813
1676677325519,1676677326829
1676677326015,1676677326913
1676677325759,1676677326965
1676677325471,1676677326971
1676677325327,1676677326977
1676677325487,1676677327005
1676677325771,1676677327017
1676677325223,1676677327025
1676677325863,1676677327053
1676677325471,1676677327073
1676677325899,1676677327081
1676677325555,1676677327113
1676677326019,1676677327133
1676677325643,1676677327157
1676677326155,1676677327185
1676677325747,1676677327185
1676677325715,1676677327216
1676677325799,1676677327237
1676677325959,1676677327245
1676677325927,1676677327293
1676677325471,1676677327305
1676677325887,1676677327325
1676677326090,1676677327329
1676677325667,1676677327377
1676677325964,1676677327381
1676677325855,1676677327421
1676677325951,1676677327457
1676677326543,1676677327489
1676677326083,1676677327545
1676677326279,1676677327589
1676677326391,1676677327597
1676677326515,1676677327625
1676677325495,1676677327641
1676677326146,1676677327681
1676677326503,1676677327717
1676677326774,1676677327725
1676677326371,1676677327733
1676677326235,1676677327737
1676677326167,1676677327757
1676677326455,1676677327841
1676677326211,1676677327845
1676677326759,1676677327877
1676677326563,1676677327881
1676677326358,1676677327885
1676677326467,1676677327897
1676677326547,1676677327917
1676677326771,1676677327925
1676677326175,1676677327945
1676677326779,1676677327977
1676677326815,1676677328013
1676677326391,1676677328021
1676677326539,1676677328025
1676677326723,1676677328025
1676677326339,1676677328025
1676677327019,1676677328033
1676677326720,1676677328057
1676677327218,1676677328116
1676677326390,1676677328149
1676677327055,1676677328169
1676677326300,1676677328169
1676677326807,1676677328189
1676677326831,1676677328213
1676677327382,1676677328261
1676677327330,1676677328269
1676677327239,1676677328281
1676677326973,1676677328310
1676677326967,1676677328321
1676677326751,1676677328341
1676677327187,1676677328357
1676677327135,1676677328357
1676677326499,1676677328397
1676677326979,1676677328429
1676677327307,1676677328453
1676677327083,1676677328465
1676677327075,1676677328501
1676677327187,1676677328573
1676677327379,1676677328589
1676677327643,1676677328629
1676677327626,1676677328641
1676677327295,1676677328665
1676677327007,1676677328669
1676677327115,1676677328685
1676677327547,1676677328721
1676677327459,1676677328733
1676677327727,1676677328818
1676677327739,1676677328852
1676677327159,1676677328881
1676677327979,1676677328929
1676677327734,1676677328941
1676677327247,1676677328945
1676677328027,1676677328953
1676677327919,1676677328953
1676677327719,1676677328977
1676677327847,1676677329021
1676677327327,1676677329045
1676677327026,1676677329045
1676677327591,1676677329053
1676677327491,1676677329065
1676677327843,1676677329097
1676677327947,1676677329097
1676677327886,1676677329129
1676677327899,1676677329157
1676677327598,1676677329176
1676677328263,1676677329177
1676677327683,1676677329201
1676677326915,1676677329225
1676677327759,1676677329273
1676677328271,1676677329285
1676677328343,1676677329309
1676677328027,1676677329329
1676677327879,1676677329401
1676677328283,1676677329441
1676677327927,1676677329481
1676677328359,1676677329489
1676677328431,1676677329521
1676677328312,1676677329525
1676677328175,1676677329553
1676677328323,1676677329577
1676677328455,1676677329585
1676677328027,1676677329597
1676677328399,1676677329613
1676677327422,1676677329637
1676677328591,1676677329653
1676677328191,1676677329681
1676677328118,1676677329689
1676677328015,1676677329701
1676677328023,1676677329725
1676677328734,1676677329857
1676677327883,1676677329857
1676677328035,1676677329861
1676677328502,1676677329868
1676677328631,1676677329894
1676677328854,1676677329908
1676677328671,1676677329953
1676677328171,1676677329957
1676677328687,1676677329973
1676677328059,1676677330001
1676677329047,1676677330013
1676677328151,1676677330061
1676677328575,1676677330065
1676677329023,1676677330085
1676677329099,1676677330185
1676677329055,1676677330257
1676677328723,1676677330281
1676677328215,1676677330285
1676677328820,1676677330313
1676677329067,1676677330313
1676677329159,1676677330333
1676677328667,1676677330353
1676677329099,1676677330445
1676677328643,1676677330453
1676677328467,1676677330477
1676677329178,1676677330597
1676677328979,1676677330638
1676677329403,1676677330661
1676677329727,1676677330677
1676677329047,1676677330689
1676677329310,1676677330705
1676677329491,1676677330725
1676677329203,1676677330746
1676677329330,1676677330765
1676677328359,1676677330797
1676677329227,1676677330821
1676677328955,1676677330825
1676677329587,1676677330837
1676677328931,1676677330889
1676677329896,1676677330897
1676677329599,1676677330897
1676677329859,1676677330913
1676677330003,1676677330917
1676677329286,1676677330961
1676677329691,1676677330965
1676677328947,1676677330997
1676677330087,1676677331009
1676677328955,1676677331029
1676677329555,1676677331048
1676677329274,1676677331053
1676677329131,1676677331089
1676677329958,1676677331097
1676677329869,1676677331113
1676677329703,1676677331133
1676677329579,1676677331165
1676677329683,1676677331169
1676677329524,1676677331169
1676677328883,1676677331205
1676677329859,1676677331205
1676677329655,1676677331217
1676677329527,1676677331244
1676677329483,1676677331245
1676677329639,1676677331305
1676677329910,1676677331373
1676677330067,1676677331391
1676677329955,1676677331393
1676677330479,1676677331481
1676677329443,1676677331513
1676677330287,1676677331537
1676677329179,1676677331545
1676677329615,1676677331549
1676677330015,1676677331565
1676677328943,1676677331578
1676677330283,1676677331645
1676677330063,1676677331653
1676677329863,1676677331681
1676677330355,1676677331709
1676677329975,1676677331711
1676677330691,1676677331713
1676677330335,1676677331749
1676677330919,1676677331777
1676677330447,1676677331817
1676677330187,1676677331817
1676677330315,1676677331889
1676677330315,1676677331917
1676677330679,1676677331933
1676677330899,1676677331961
1676677330799,1676677332001
1676677330767,1676677332053
1676677330748,1676677332056
1676677330827,1676677332073
1676677330640,1676677332089
1676677330663,1676677332129
1676677330963,1676677332141
1676677330899,1676677332161
1676677330707,1676677332177
1676677331307,1676677332204
1676677330455,1676677332217
1676677330823,1676677332253
1676677330259,1676677332253
1676677331050,1676677332261
1676677330967,1676677332269
1676677331099,1676677332273
1676677331135,1676677332281
1676677331515,1676677332317
1676677331115,1676677332417
1676677331091,1676677332421
1676677331171,1676677332492
1676677330891,1676677332565
1676677331247,1676677332685
1676677331393,1676677332697
1676677331683,1676677332705
1676677330599,1676677332709
1676677331011,1676677332721
1676677330915,1676677332725
1676677331567,1676677332797
1676677331819,1676677332813
1676677330839,1676677332813
1676677330999,1676677332821
1676677331207,1676677332841
1676677331483,1676677332857
1676677331031,1676677332857
1676677331547,1676677332865
1676677331219,1676677332905
1676677331207,1676677332965
1676677331375,1676677332969
1676677331246,1676677333041
1676677331819,1676677333073
1676677331655,1676677333089
1676677331714,1676677333093
1676677331055,1676677333117
1676677331171,1676677333121
1676677331538,1676677333125
1676677331710,1676677333153
1676677332131,1676677333185
1676677330727,1676677333197
1676677331167,1676677333269
1676677331919,1676677333301
1676677332003,1676677333341
1676677331891,1676677333349
1676677331779,1676677333381
1676677332255,1676677333385
1676677332074,1676677333393
1676677332058,1676677333405
1676677332282,1676677333425
1676677331963,1676677333425
1676677331935,1676677333433
1676677331713,1676677333441
1676677331395,1676677333545
1676677332319,1676677333549
1676677332206,1676677333549
1676677332219,1676677333568
1676677331551,1676677333569
1676677332163,1676677333573
1676677331580,1676677333589
1676677332274,1676677333629
1676677332422,1676677333641
1676677332055,1676677333697
1676677332091,1676677333701
1676677331751,1676677333705
1676677332494,1676677333765
1676677332859,1676677333781
1676677332711,1676677333821
1676677331647,1676677333831
1676677332143,1676677333845
1676677332858,1676677333849
1676677332822,1676677333865
1676677332263,1676677333873
1676677332722,1676677333913
1676677332814,1676677333932
1676677332815,1676677333973
1676677332726,1676677334005
1676677332271,1676677334101
1676677332843,1676677334149
1676677332179,1676677334169
1676677332698,1676677334201
1676677332567,1676677334201
1676677333199,1676677334229
1676677332255,1676677334253
1676677333042,1676677334321
1676677332799,1676677334333
1676677332867,1676677334349
1676677333551,1676677334361
1676677332706,1676677334371
1676677333386,1676677334372
1676677333155,1676677334373
1676677333119,1676677334385
1676677333123,1676677334385
1676677332419,1676677334389
1676677333095,1676677334393
1676677332970,1676677334417
1676677332906,1676677334469
1676677333427,1676677334498
1676677333127,1676677334521
1676677333706,1676677334540
1676677332687,1676677334557
1676677332967,1676677334565
1676677333590,1676677334609
1676677333271,1676677334633
1676677333351,1676677334661
1676677333075,1676677334681
1676677333394,1676677334701
1676677333186,1676677334741
1676677333435,1676677334745
1676677333343,1676677334753
1676677333783,1676677334773
1676677333630,1676677334793
1676677333551,1676677334849
1676677333547,1676677334881
1676677333303,1676677334881
1676677333914,1676677334889
1676677333571,1676677334930
1676677333427,1676677334953
1676677333847,1676677335003
1676677333823,1676677335005
1676677333383,1676677335021
1676677333090,1676677335033
1676677333867,1676677335041
1676677333699,1676677335045
1676677333574,1676677335045
1676677333875,1676677335081
1676677333406,1676677335114
1676677333643,1676677335165
1676677334203,1676677335169
1676677333704,1676677335221
1676677334103,1676677335321
1676677334171,1676677335326
1676677333833,1676677335341
1676677333570,1676677335373
1676677334350,1676677335385
1676677334007,1676677335393
1676677333767,1676677335413
1676677334203,1676677335493
1676677333934,1676677335501
1676677334418,1676677335509
1676677334567,1676677335509
1676677333442,1676677335625
1676677334470,1676677335625
1676677333975,1676677335637
1676677334231,1676677335649
1676677334363,1676677335661
1676677333850,1676677335673
1676677334390,1676677335725
1676677334703,1676677335741
1676677334373,1676677335749
1676677334500,1676677335845
1676677334386,1676677335905
1676677334151,1676677335953
1676677334743,1676677335985
1676677334523,1676677335993
1676677334891,1676677336005
1676677334883,1676677336009
1676677334373,1676677336029
1676677334542,1676677336070
1676677335035,1676677336085
1676677334335,1676677336090
1676677334931,1676677336129
1676677334394,1676677336165
1676677334559,1676677336177
1676677334663,1676677336209
1676677334955,1676677336217
1676677334775,1676677336245
1676677334374,1676677336253
1676677334883,1676677336357
1676677334683,1676677336377
1676677335343,1676677336393
1676677334747,1676677336409
1676677334635,1676677336421
1676677335116,1676677336449
1676677335327,1676677336489
1676677334755,1676677336501
1676677334795,1676677336504
1676677335083,1676677336517
1676677335223,1676677336517
1676677335171,1676677336525
1676677334851,1676677336537
1676677335043,1676677336537
1676677335415,1676677336581
1676677334323,1676677336590
1676677335167,1676677336601
1676677334255,1676677336605
1676677335005,1676677336609
1676677335007,1676677336677
1676677335023,1676677336679
1676677335047,1676677336725
1676677334611,1676677336737
1676677335047,1676677336797
1676677335495,1676677336797
1676677334386,1676677336838
1676677335511,1676677336841
1676677335511,1676677336869
1676677335323,1676677336905
1676677335663,1676677336909
1676677335503,1676677336909
1676677335995,1676677336917
1676677335627,1676677336921
1676677335651,1676677336977
1676677335987,1676677336979
1676677335375,1676677337009
1676677336087,1676677337029
1676677335743,1676677337041
1676677335627,1676677337087
1676677335387,1676677337090
1676677336247,1676677337152
1676677335848,1676677337157
1676677335394,1676677337161
1676677335751,1676677337185
1676677336211,1676677337245
1676677335675,1676677337261
1676677335639,1676677337281
1676677335955,1676677337329
1676677336395,1676677337357
1676677335907,1676677337361
1676677336031,1676677337389
1676677336506,1676677337465
1676677336219,1676677337477
1676677336011,1676677337481
1676677336092,1676677337501
1676677336072,1676677337533
1676677336539,1676677337593
1676677336167,1676677337609
1676677336007,1676677337621
1676677336131,1676677337641
1676677336607,1676677337665
1676677336840,1676677337681
1676677336681,1676677337693
1676677336519,1676677337717
1676677336359,1676677337729
1676677336539,1676677337765
1676677335727,1676677337773
1676677336255,1676677337793
1676677336919,1676677337821
1676677336583,1676677337857
1676677336179,1676677337877
1676677336679,1676677337889
1676677336491,1676677337897
1676677336411,1676677337918
1676677336603,1676677338001
1676677337011,1676677338041
1676677336503,1676677338065
1676677336527,1676677338089
1676677336592,1676677338093
1676677336907,1676677338125
1676677337092,1676677338129
1676677336980,1676677338149
1676677336911,1676677338169
1676677336922,1676677338183
1676677336798,1676677338201
1676677337031,1676677338233
1676677336843,1676677338305
1676677336451,1676677338313
1676677336910,1676677338366
1676677336423,1676677338377
1676677337154,1676677338379
1676677337162,1676677338381
1676677337263,1676677338384
1676677336519,1676677338408
1676677336727,1676677338425
1676677336799,1676677338457
1676677337089,1676677338477
1676677337667,1676677338485
1676677336611,1676677338493
1676677337331,1676677338509
1676677337466,1676677338521
1676677337362,1676677338533
1676677336739,1676677338537
1676677337159,1676677338573
1676677337775,1676677338597
1676677336871,1676677338601
1676677336979,1676677338637
1676677337719,1676677338649
1676677337283,1676677338665
1676677337043,1676677338673
1676677337359,1676677338725
1676677336379,1676677338757
1676677337503,1676677338769
1676677337391,1676677338809
1676677337595,1676677338869
1676677337695,1676677338893
1676677337623,1676677338921
1676677337535,1676677338942
1676677337643,1676677339013
1676677337823,1676677339017
1676677337186,1676677339037
1676677337859,1676677339102
1676677337683,1676677339110
1676677337891,1676677339189
1676677337247,1676677339201
1676677338382,1676677339209
1676677338185,1676677339221
1676677338127,1676677339241
1676677337479,1676677339257
1676677338067,1676677339297
1676677337899,1676677339367
1676677337920,1676677339393
1676677337611,1676677339401
1676677338095,1676677339413
1676677337482,1676677339477
1676677337879,1676677339529
1676677338307,1676677339541
1676677338315,1676677339541
1676677338235,1676677339561
1676677338091,1676677339577
1676677338675,1676677339617
1676677337731,1676677339617
1676677338003,1676677339629
1676677338171,1676677339661
1676677338131,1676677339681
1676677337767,1676677339690
1676677338651,1676677339745
1676677338523,1676677339753
1676677338479,1676677339769
1676677338368,1676677339770
1676677338727,1676677339817
1676677338379,1676677339829
1676677337795,1676677339877
1676677338151,1676677339897
1676677338538,1676677339901
1676677338459,1676677339951
1676677338667,1676677339953
1676677338043,1676677339965
1676677338381,1676677339984
1676677338575,1676677339985
1676677338599,1676677340001
1676677338923,1676677340001
1676677338495,1676677340013
1676677338871,1676677340029
1676677338603,1676677340065
1676677339223,1676677340065
1676677338511,1676677340117
1676677338771,1676677340145
1676677338759,1676677340149
1676677338202,1676677340169
1676677339039,1676677340209
1676677338534,1676677340209
1676677338410,1676677340229
1676677338487,1676677340253
1676677338386,1676677340269
1676677338895,1676677340365
1676677339259,1676677340445
1676677339104,1676677340454
1676677339415,1676677340477
1676677338427,1676677340485
1676677339479,1676677340537
1676677338944,1676677340553
1676677339191,1676677340625
1676677339618,1676677340629
1676677339299,1676677340685
1676677338639,1676677340725
1676677339211,1676677340740
1676677339243,1676677340754
1676677339369,1676677340765
1676677339112,1676677340769
1676677339403,1676677340809
1676677339631,1676677340829
1676677339203,1676677340837
1676677339579,1676677340865
1676677339663,1676677340909
1676677339543,1676677340917
1676677339019,1676677340925
1676677339531,1676677340961
1676677339879,1676677341009
1676677339014,1676677341009
1676677339395,1676677341014
1676677339967,1676677341025
1676677339955,1676677341093
1676677339691,1676677341121
1676677340003,1676677341169
1676677339747,1676677341213
1676677339903,1676677341214
1676677340015,1676677341223
1676677340067,1676677341241
1676677340003,1676677341249
1676677339543,1676677341297
1676677339899,1676677341317
1676677339771,1676677341321
1676677339987,1676677341345
1676677340147,1676677341361
1676677340231,1676677341384
1676677340171,1676677341419
1676677340151,1676677341437
1676677339953,1676677341441
1676677340030,1676677341457
1676677339619,1676677341457
1676677339563,1676677341461
1676677340067,1676677341485
1676677339831,1676677341574
1676677339818,1676677341645
1676677339683,1676677341678
1676677340627,1676677341709
1676677340271,1676677341717
1676677340211,1676677341721
1676677340211,1676677341733
1676677340456,1676677341772
1676677340631,1676677341777
1676677340831,1676677341801
1676677340119,1676677341821
1676677339772,1676677341853
1676677340487,1676677341869
1676677340447,1676677341873
1676677340767,1676677341881
1676677340555,1676677341891
1676677340255,1676677341901
1676677339755,1676677341933
1676677340927,1676677341977
1676677340478,1676677341999
1676677340687,1676677342021
1676677340911,1676677342093
1676677340727,1676677342097
1676677341011,1676677342098
1676677340963,1676677342113
1676677341027,1676677342169
1676677340811,1676677342177
1676677340742,1676677342185
1676677340919,1676677342189
1676677340770,1676677342198
1676677341216,1676677342273
1676677341095,1676677342289
1676677339986,1676677342327
1676677340367,1676677342333
1676677341243,1676677342349
1676677340839,1676677342413
1676677341011,1676677342433
1676677340756,1676677342461
1676677340539,1676677342481
1676677341421,1676677342538
1676677341386,1676677342561
1676677341459,1676677342605
1676677341443,1676677342725
1676677341171,1676677342753
1676677341823,1676677342757
1676677341319,1676677342765
1676677340867,1676677342769
1676677341719,1676677342773
1676677341363,1676677342773
1676677341347,1676677342781
1676677341723,1676677342833
1676677341463,1676677342845
1676677341123,1676677342857
1676677341215,1676677342857
1676677341774,1676677342861
1676677341459,1676677342865
1676677341439,1676677342869
1676677341251,1676677342909
1676677341487,1676677343033
1676677342001,1676677343045
1676677341680,1676677343049
1676677341299,1676677343065
1676677341577,1676677343069
1676677341893,1676677343153
1676677341935,1676677343157
1676677341871,1676677343177
1676677341735,1676677343185
1676677342275,1676677343213
1676677341803,1676677343214
1676677342171,1676677343253
1676677341323,1676677343269
1676677341225,1676677343285
1676677341883,1676677343313
1676677342201,1676677343349
1676677341875,1676677343369
1676677342095,1676677343392
1676677342329,1676677343426
1676677341903,1676677343441
1676677341779,1676677343441
1676677342115,1676677343477
1676677342022,1676677343533
1676677341016,1676677343553
1676677341855,1676677343561
1676677341647,1676677343601
1676677342350,1676677343620
1676677342783,1676677343645
1676677342727,1676677343657
1676677342187,1676677343665
1676677342540,1676677343673
1676677342482,1676677343681
1676677342099,1676677343725
1676677341711,1676677343733
1676677342335,1676677343761
1676677342191,1676677343809
1676677342100,1676677343817
1676677342434,1676677343828
1676677342563,1676677343833
1676677342847,1676677343925
1676677342863,1676677343964
1676677342767,1676677343985
1676677342771,1676677343993
1676677342415,1676677344009
1676677342911,1676677344009
1676677342291,1676677344025
1676677343067,1676677344041
1676677341979,1676677344101
1676677342774,1676677344157
1676677342179,1676677344165
1676677343035,1676677344165
1676677342867,1676677344185
1676677343047,1676677344209
1676677342759,1676677344293
1676677342775,1676677344329
1676677342859,1676677344345
1676677342871,1676677344353
1676677342607,1676677344365
1676677343255,1676677344385
1676677343179,1676677344413
1676677343071,1676677344457
1676677343216,1676677344489
1676677342859,1676677344489
1676677343187,1676677344489
1676677343155,1676677344497
1676677343051,1676677344526
1676677343159,1676677344565
1676677343479,1676677344641
1676677343215,1676677344645
1676677343647,1676677344654
1676677343271,1676677344661
1676677342834,1676677344725
1676677343427,1676677344773
1676677343371,1676677344789
1676677343351,1676677344898
1676677343555,1676677344953
1676677343564,1676677344953
1676677343667,1676677344953
1676677342463,1676677344969
1676677343735,1676677344981
1676677343659,1676677344989
1676677343603,1676677345009
1676677343443,1676677345017
1676677343622,1676677345049
1676677343830,1676677345069
1676677343287,1676677345089
1676677343315,1676677345101
1676677343394,1676677345108
1676677343534,1676677345133
1676677343683,1676677345149
1676677343727,1676677345173
1676677344159,1676677345237
1676677343443,1676677345309
1676677343675,1676677345337
1676677343987,1676677345341
1676677344347,1676677345388
1676677344187,1676677345402
1676677344331,1676677345417
1676677343811,1676677345445
1676677343819,1676677345497
1676677343966,1676677345505
1676677343995,1676677345505
1676677344167,1676677345513
1676677344043,1676677345517
1676677344011,1676677345549
1676677344355,1676677345557
1676677343927,1676677345585
1676677344387,1676677345633
1676677344011,1676677345637
1676677344367,1676677345645
1676677344491,1676677345661
1676677343835,1676677345685
1676677344643,1676677345717
1676677344491,1676677345730
1676677344791,1676677345737
1676677344027,1676677345761
1676677344459,1676677345777
1676677343763,1676677345849
1676677344211,1676677345853
1676677344295,1676677345862
1676677344103,1676677345957
1676677344647,1676677345961
1676677344727,1676677345993
1676677344983,1676677346021
1676677344955,1676677346033
1676677344529,1676677346077
1676677344499,1676677346089
1676677344955,1676677346121
1676677344656,1676677346153
1676677344167,1676677346169
1676677344663,1676677346222
1676677344900,1676677346249
1676677344491,1676677346277
1676677344956,1676677346285
1676677344414,1676677346321
1676677344775,1676677346337
1676677344567,1676677346345
1676677345011,1676677346372
1676677344971,1676677346453
1676677345051,1676677346453
1676677345091,1676677346465
1676677345339,1676677346581
1676677345135,1676677346605
1676677345151,1676677346609
1676677345103,1676677346641
1676677345446,1676677346669
1676677345419,1676677346689
1676677345239,1676677346717
1676677345519,1676677346749
1676677345499,1676677346769
1676677344991,1676677346821
1676677345559,1676677346829
1676677345515,1676677346845
1676677345311,1676677346851
1676677345507,1676677346857
1676677345175,1676677346897
1676677345390,1676677346921
1676677345343,1676677346981
1676677345851,1676677346993
1676677345071,1676677347001
1676677345635,1676677347009
1676677345110,1676677347025
1676677345663,1676677347061
1676677345763,1676677347069
1676677345779,1676677347077
1676677345647,1676677347089
1676677345687,1676677347105
1676677345863,1676677347117
1676677345719,1676677347129
1676677346091,1676677347137
1676677345403,1676677347170
1676677345855,1676677347185
1676677345963,1676677347193
1676677345639,1676677347197
1676677345019,1676677347212
1676677345587,1676677347241
1676677345507,1676677347249
1676677345739,1676677347254
1676677345959,1676677347257
1676677345732,1676677347257
1676677346170,1676677347365
1676677346155,1676677347393
1676677345551,1676677347401
1676677346251,1676677347409
1676677346035,1676677347433
1676677346123,1676677347481
1676677346339,1676677347493
1676677346467,1676677347549
1676677346023,1676677347569
1676677346287,1676677347573
1676677346224,1676677347594
1676677346323,1676677347621
1676677346670,1676677347637
1676677346823,1676677347709
1676677346079,1676677347713
1676677346455,1676677347753
1676677345995,1676677347761
1676677346771,1676677347833
1676677346455,1676677347841
1676677346719,1676677347865
1676677347027,1676677347909
1676677346374,1676677347941
1676677347011,1676677347950
1676677346847,1676677347973
1676677346750,1676677347977
1676677346583,1676677348073
1676677346643,1676677348089
1676677347139,1676677348105
1676677346611,1676677348109
1676677347071,1676677348169
1676677346606,1676677348205
1676677347187,1676677348225
1676677347195,1676677348234
1676677346347,1676677348317
1676677346899,1676677348329
1676677346983,1676677348358
1676677347259,1676677348365
1676677347411,1676677348373
1676677347403,1676677348413
1676677347119,1676677348421
1676677346853,1676677348421
1676677347243,1676677348437
1676677347367,1676677348489
1676677346923,1676677348489
1676677346831,1676677348557
1676677346859,1676677348592
1676677347063,1676677348633
1676677347867,1676677348709
1676677347199,1676677348741
1676677347079,1676677348781
1676677347483,1676677348813
1676677347003,1676677348849
1676677347214,1676677348913
1676677347131,1676677348921
1676677347755,1676677348925
1676677347256,1676677348957
1676677346690,1676677348973
1676677347251,1676677348993
1676677347571,1676677348997
1676677347495,1676677349021
1676677347763,1676677349053
1676677347107,1676677349077
1676677347551,1676677349097
1676677347091,1676677349101
1676677347172,1676677349125
1676677346995,1676677349153
1676677347943,1676677349173
1676677347711,1676677349177
1676677347843,1676677349233
1676677347259,1676677349237
1676677347575,1676677349238
1676677347951,1676677349257
1676677347639,1676677349269
1676677348107,1676677349321
1676677347395,1676677349329
1676677347435,1676677349337
1676677347623,1676677349393
1676677347715,1676677349406
1676677347596,1676677349413
1676677347975,1676677349417
1676677348091,1676677349449
1676677347835,1676677349513
1676677348206,1676677349541
1676677348375,1676677349541
1676677347911,1676677349601
1676677348331,1676677349613
1676677347979,1676677349621
1676677348076,1676677349633
1676677348491,1676677349661
1676677348360,1676677349753
1676677348423,1676677349781
1676677348367,1676677349781
1676677348635,1676677349821
1676677348439,1676677349825
1676677348235,1676677349836
1676677348975,1676677349841
1676677348559,1676677349851
1676677348711,1676677349869
1676677348415,1676677349897
1676677348815,1676677349945
1676677348318,1676677349953
1676677348423,1676677350009
1676677348491,1676677350013
1676677348851,1676677350077
1676677348743,1676677350081
1676677348915,1676677350101
1676677348171,1676677350101
1676677348226,1676677350125
1676677348927,1676677350137
1676677349099,1676677350149
1676677349179,1676677350173
1676677349155,1676677350261
1676677348783,1676677350309
1676677349127,1676677350317
1676677348923,1676677350321
1676677349055,1676677350329
1676677349239,1676677350445
1676677349175,1676677350453
1676677349103,1676677350457
1676677349079,1676677350465
1676677349322,1676677350465
1676677349239,1676677350525
1676677348594,1676677350549
1676677349418,1676677350549
1676677349024,1676677350573
1676677349450,1676677350613
1676677349543,1676677350625
1676677349271,1676677350629
1676677349259,1676677350641
1676677348995,1676677350677
1676677349407,1676677350720
1676677348111,1676677350729
1676677349339,1676677350753
1676677349853,1676677350777
1676677348959,1676677350797
1676677349663,1676677350838
1676677349543,1676677350853
1676677349415,1676677350949
1676677349331,1676677350949
1676677349615,1676677350964
1676677348999,1676677351053
1676677350079,1676677351089
1676677349635,1676677351093
1676677349955,1676677351141
1676677350011,1676677351193
1676677349235,1676677351213
1676677349395,1676677351229
1676677349515,1676677351245
1676677349827,1676677351249
1676677350015,1676677351257
1676677349623,1676677351310
1676677349838,1676677351337
1676677349899,1676677351421
1676677349823,1676677351425
1676677350083,1676677351437
1676677350319,1676677351440
1676677350447,1676677351458
1676677349603,1676677351469
1676677349783,1676677351517
1676677350263,1676677351553
1676677349871,1676677351557
1676677349842,1676677351597
1676677350323,1676677351621
1676677350455,1676677351637
1676677350331,1676677351661
1676677349755,1676677351669
1676677349947,1676677351693
1676677349783,1676677351725
1676677350459,1676677351758
1676677350139,1676677351777
1676677350551,1676677351777
1676677350151,1676677351854
1676677350103,1676677351861
1676677350627,1676677351873
1676677350615,1676677351877
1676677350679,1676677351917
1676677350127,1676677351953
1676677350551,1676677351973
1676677350779,1676677351977
1676677350175,1676677351989
1676677350799,1676677351997
1676677350575,1676677352017
1676677350631,1676677352037
1676677350311,1676677352045
1676677350855,1676677352089
1676677350643,1676677352105
1676677350466,1676677352157
1676677351091,1676677352161
1676677350731,1676677352177
1676677351215,1676677352233
1676677350467,1676677352241
1676677350722,1676677352313
1676677350951,1676677352325
1676677350839,1676677352361
1676677351230,1676677352433
1676677350527,1676677352473
1676677351195,1676677352473
1676677351246,1676677352529
1676677351423,1676677352566
1676677351251,1676677352605
1676677350966,1676677352645
1676677351779,1676677352673
1676677351695,1676677352701
1676677351663,1676677352709
1676677350951,1676677352753
1676677351312,1676677352777
1676677351095,1676677352813
1676677351259,1676677352825
1676677351460,1676677352833
1676677351727,1676677352833
1676677350755,1676677352837
1676677351519,1676677352869
1676677351623,1676677352881
1676677351055,1676677352885
1676677351471,1676677352933
1676677351879,1676677352937
1676677352019,1676677352961
1676677351439,1676677352965
1676677351559,1676677352989
1676677351143,1676677353033
1676677351599,1676677353097
1676677351442,1676677353134
1676677351427,1676677353213
1676677351779,1676677353221
1676677352107,1676677353237
1676677351975,1676677353241
1676677351671,1676677353265
1676677351955,1676677353265
1676677352163,1676677353269
1676677351863,1676677353317
1676677352243,1676677353345
1676677351639,1676677353385
1676677351991,1676677353397
1676677352315,1676677353405
1676677351978,1676677353437
1676677352039,1676677353461
1676677351919,1676677353484
1676677351999,1676677353489
1676677352179,1676677353493
1676677351555,1676677353537
1676677352327,1676677353549
1676677351856,1676677353629
1676677352091,1676677353641
1676677352047,1676677353666
1676677351760,1676677353687
1676677352647,1676677353697
1676677352703,1676677353729
1676677352675,1676677353761
1676677352363,1676677353773
1676677352607,1676677353805
1676677352779,1676677353828
1676677352159,1676677353853
1676677352568,1676677353881
1676677352475,1676677353929
1676677352755,1676677353965
1676677352827,1676677353973
1676677352475,1676677353985
1676677352435,1676677353997
1676677351875,1676677354013
1676677352235,1676677354025
1676677352531,1676677354034
1676677352839,1676677354053
1676677352835,1676677354117
1676677352887,1676677354213
1676677353034,1676677354233
1676677353319,1676677354325
1676677353407,1676677354329
1676677352835,1676677354333
1676677353136,1676677354341
1676677352815,1676677354341
1676677352990,1676677354357
1676677352963,1676677354357
1676677353267,1676677354377
1676677352939,1676677354377
1676677352710,1676677354385
1676677353215,1676677354453
1676677352883,1676677354461
1676677352871,1676677354465
1676677353347,1676677354505
1676677352935,1676677354521
1676677352967,1676677354541
1676677353463,1676677354601
1676677353551,1676677354673
1676677353243,1676677354701
1676677353267,1676677354745
1676677353271,1676677354761
1676677353239,1676677354773
1676677353491,1676677354837
1676677353223,1676677354853
1676677353387,1676677354925
1676677353643,1676677354945
1676677353830,1676677354949
1676677353439,1676677354949
1676677353668,1676677354949
1676677353399,1676677354953
1676677353099,1676677354985
1676677353775,1676677355053
1676677353539,1676677355077
1676677353631,1676677355089
1676677353807,1676677355145
1676677353486,1676677355185
1676677353763,1676677355293
1676677353931,1676677355301
1676677354035,1676677355321
1676677354027,1676677355321
1676677353699,1676677355350
1676677353974,1676677355353
1676677354014,1676677355365
1676677353855,1676677355389
1676677353495,1676677355397
1676677353999,1676677355405
1676677354327,1676677355449
1676677353883,1676677355453
1676677354335,1676677355485
1676677354359,1676677355501
1676677354055,1676677355505
1676677354119,1676677355505
1676677354675,1676677355533
1676677354386,1676677355545
1676677353688,1676677355601
1676677354359,1676677355601
1676677354603,1676677355629
1676677354235,1676677355641
1676677354215,1676677355702
1676677353731,1676677355717
1676677354379,1676677355773
1676677354454,1676677355793
1676677354703,1676677355825
1676677354331,1676677355849
1676677354507,1676677355849
1676677354951,1676677355869
1676677354838,1676677355879
1676677354463,1676677355969
1676677354747,1676677355973
1676677354343,1676677356041
1676677354343,1676677356085
1676677354523,1676677356105
1676677355186,1676677356113
1676677353986,1676677356125
1676677354379,1676677356145
1676677354946,1676677356157
1676677355091,1676677356225
1676677354987,1676677356341
1676677355295,1676677356365
1676677354774,1676677356401
1676677355323,1676677356405
1676677354955,1676677356441
1676677354951,1676677356445
1676677355055,1676677356473
1676677355407,1676677356517
1676677355507,1676677356537
1676677355323,1676677356553
1676677355079,1676677356565
1676677354855,1676677356597
1676677354927,1676677356613
1676677355451,1676677356625
1676677355503,1676677356633
1676677355303,1676677356645
1676677354467,1676677356669
1676677355355,1676677356696
1676677354951,1676677356713
1676677355547,1676677356773
1676677355507,1676677356813
1676677354543,1676677356813
1676677354762,1676677356821
1676677355454,1676677356949
1676677355851,1676677356993
1676677355775,1676677357005
1676677356043,1676677357017
1676677355719,1676677357021
1676677355704,1676677357021
1676677355534,1676677357041
1676677356147,1676677357081
1676677355367,1676677357129
1676677355391,1676677357132
1676677355643,1676677357157
1676677356087,1676677357229
1676677355827,1676677357263
1676677355603,1676677357329
1676677355487,1676677357346
1676677355631,1676677357353
1676677356343,1676677357437
1676677355971,1676677357465
1676677355975,1676677357509
1676677356567,1676677357545
1676677356159,1676677357561
1676677355603,1676677357581
1676677356367,1676677357613
1676677356127,1676677357629
1676677356519,1676677357629
1676677355399,1676677357665
1676677356115,1676677357669
1676677356227,1676677357685
1676677356443,1676677357709
1676677355871,1676677357713
1676677356475,1676677357725
1676677355147,1676677357761
1676677355352,1676677357813
1676677356698,1676677357857
1676677356715,1676677357869
1676677356671,1676677357873
1676677355851,1676677357913
1676677356823,1676677357937
1676677356599,1676677357977
1676677356107,1676677357977
1676677356407,1676677358025
1676677357023,1676677358045
1676677356815,1676677358057
1676677355881,1676677358089
1676677356775,1676677358101
1676677356995,1676677358105
1676677356555,1676677358201
1676677357134,1676677358209
1676677356951,1676677358241
1676677356403,1676677358249
1676677357043,1676677358261
1676677357007,1676677358277
1676677357083,1676677358313
1676677356647,1676677358333
1676677356615,1676677358353
1676677357023,1676677358405
1676677356627,1676677358461
1676677356539,1676677358489
1676677357355,1676677358509
1676677356815,1676677358569
1676677356635,1676677358585
1676677356447,1676677358588
1676677357231,1676677358601
1676677357671,1676677358693
1676677357331,1676677358701
1676677357159,1676677358729
1676677357511,1676677358793
1676677357583,1676677358796
1676677357667,1676677358801
1676677357265,1676677358849
1676677357467,1676677358881
1676677357615,1676677358881
1676677357131,1676677358892
1676677357348,1676677358917
1676677357631,1676677358936
1676677357979,1676677358949
1676677357874,1676677358985
1676677357727,1676677359001
1676677357914,1676677359013
1676677357763,1676677359021
1676677357711,1676677359065
1676677357715,1676677359081
1676677357815,1676677359109
1676677357563,1676677359129
1676677357438,1676677359129
1676677357870,1676677359133
1676677357631,1676677359161
1676677358027,1676677359221
1676677357979,1676677359237
1676677358091,1676677359261
1676677358251,1676677359297
1676677358263,1676677359313
1676677358047,1676677359325
1676677357858,1676677359369
1676677357547,1676677359397
1676677358315,1676677359449
1676677358107,1676677359461
1676677358463,1676677359509
1676677358059,1676677359601
1676677358211,1676677359657
1676677358695,1676677359693
1676677357939,1676677359721
1676677358243,1676677359753
1676677357687,1676677359785
1676677358590,1676677359821
1676677358893,1676677359825
1676677358571,1676677359925
1676677358603,1676677359953
1676677358491,1676677359981
1676677358335,1676677360085
1676677358851,1676677360087
1676677358798,1676677360117
1676677359067,1676677360117
1676677358587,1676677360129
1676677359083,1676677360145
1676677359015,1676677360213
1676677358703,1676677360237
1676677358510,1676677360285
1676677358803,1676677360309
1676677358407,1676677360317
1676677358731,1676677360333
1676677358919,1676677360369
1676677358279,1676677360377
1676677359131,1676677360385
1676677359239,1676677360465
1676677358987,1676677360473
1676677359023,1676677360481
1676677358951,1676677360509
1676677358795,1676677360544
1676677358355,1676677360600
1676677359823,1676677360657
1676677358103,1676677360665
1676677358203,1676677360677
1676677359371,1676677360689
1676677359163,1676677360709
1676677359135,1676677360729
1676677359131,1676677360797
1676677358883,1676677360814
1676677359451,1676677360881
1676677358938,1676677360933
1676677358883,1676677360934
1676677359003,1676677360949
1676677359399,1676677361017
1676677359695,1676677361029
1676677359511,1676677361049
1676677359659,1676677361057
1676677359463,1676677361069
1676677359927,1676677361081
1676677359603,1676677361093
1676677359223,1676677361125
1676677359263,1676677361149
1676677359787,1676677361157
1676677359315,1676677361164
1676677359327,1676677361189
1676677359755,1676677361229
1676677359299,1676677361237
1676677359111,1676677361245
1676677360089,1676677361253
1676677360371,1676677361265
1676677359827,1676677361269
1676677360287,1676677361281
1676677359955,1676677361317
1676677360319,1676677361409
1676677360120,1676677361453
1676677360131,1676677361477
1676677359723,1676677361477
1676677360119,1676677361525
1676677360483,1676677361633
1676677360602,1676677361637
1676677360311,1676677361657
1676677360379,1676677361709
1676677360215,1676677361773
1676677360475,1676677361825
1676677359983,1676677361849
1676677360816,1676677361857
1676677360467,1676677361877
1676677360667,1676677361901
1676677360335,1676677361901
1676677360884,1676677361917
1676677360659,1676677362029
1676677361051,1676677362064
1676677360711,1676677362073
1676677360087,1676677362141
1676677360545,1676677362181
1676677361019,1676677362237
1676677361083,1676677362253
1676677361191,1676677362265
1676677361059,1676677362268
1676677360511,1676677362281
1676677361255,1676677362281
1676677361151,1676677362325
1676677360935,1676677362325
1676677360731,1676677362377
1676677361071,1676677362421
1676677361231,1676677362445
1676677361095,1676677362465
1676677361127,1676677362469
1676677360936,1676677362517
1676677360691,1676677362529
1676677360679,1676677362537
1676677360239,1676677362557
1676677361267,1676677362573
1676677361238,1676677362633
1676677360799,1676677362665
1676677361411,1676677362689
1676677360951,1676677362705
1676677361283,1676677362709
1676677361659,1676677362717
1676677361479,1676677362789
1676677361527,1676677362869
1676677361775,1676677362873
1676677361635,1676677362909
1676677361159,1676677362921
1676677361479,1676677362929
1676677361031,1676677362977
1676677361710,1676677362981
1676677362255,1676677363045
1676677361859,1676677363045
1676677362143,1676677363053
1676677361878,1676677363077
1676677361639,1676677363081
1676677361247,1676677363105
1676677361918,1676677363129
1676677361166,1676677363161
1676677361271,1676677363185
1676677361319,1676677363213
1676677361826,1676677363245
1676677362183,1676677363269
1676677361902,1676677363285
1676677361851,1676677363285
1676677362031,1676677363365
1676677362066,1676677363385
1676677362283,1676677363429
1676677362539,1676677363445
1676677362270,1676677363485
1676677362075,1676677363521
1676677361455,1676677363601
1676677362239,1676677363605
1676677362327,1676677363613
1676677362575,1676677363629
1676677362559,1676677363717
1676677362379,1676677363741
1676677362283,1676677363749
1676677362719,1676677363769
1676677362978,1676677363779
1676677362531,1676677363785
1676677362711,1676677363797
1676677362518,1676677363873
1676677362423,1676677363885
1676677362327,1676677363889
1676677362467,1676677363953
1676677362447,1676677364077
1676677361903,1676677364089
1676677363047,1676677364117
1676677363047,1676677364173
1676677362707,1676677364221
1676677362875,1676677364233
1676677362791,1676677364245
1676677362667,1676677364265
1676677362471,1676677364273
1676677362923,1676677364281
1676677363367,1676677364348
1676677363163,1676677364353
1676677362691,1676677364409
1676677363106,1676677364433
1676677363079,1676677364445
1676677363287,1676677364469
1676677363447,1676677364481
1676677362931,1676677364497
1676677363247,1676677364505
1676677363271,1676677364509
1676677363187,1676677364513
1676677362635,1676677364521
1676677363287,1676677364521
1676677363131,1676677364545
1676677362871,1676677364629
1676677363487,1676677364645
1676677363771,1676677364721
1676677363631,1676677364741
1676677363054,1676677364752
1676677363743,1676677364777
1676677363214,1676677364820
1676677363799,1676677364825
1676677362983,1676677364837
1676677363787,1676677364837
1676677363751,1676677364885
1676677363614,1676677364885
1676677362267,1676677364917
1676677363603,1676677365045
1676677363874,1676677365065
1676677363523,1676677365069
1676677363891,1676677365105
1676677364119,1676677365113
1676677363606,1676677365116
1676677363780,1676677365161
1676677363955,1676677365205
1676677364091,1676677365237
1676677363431,1676677365317
1676677364274,1676677365337
1676677364435,1676677365361
1676677363719,1676677365365
1676677363387,1676677365409
1676677364175,1676677365445
1676677364283,1676677365465
1676677363887,1676677365483
1676677364223,1676677365521
1676677364079,1676677365549
1676677364247,1676677365561
1676677364235,1676677365733
1676677364511,1676677365753
1676677364515,1676677365761
1676677364471,1676677365765
1676677364355,1676677365765
1676677364547,1676677365885
1676677365107,1676677365945
1676677364743,1676677366037
1676677364499,1676677366073
1676677364919,1676677366101
1676677364483,1676677366128
1676677364822,1676677366181
1676677364523,1676677366185
1676677364350,1676677366245
1676677365239,1676677366249
1676677364266,1676677366333
1676677364507,1676677366365
1676677364754,1676677366365
1676677364839,1676677366399
1676677364779,1676677366441
1676677365319,1676677366449
1676677364447,1676677366466
1676677365071,1676677366501
1676677364647,1676677366505
1676677364887,1676677366553
1676677364887,1676677366613
1676677364631,1676677366633
1676677365115,1676677366661
1676677364523,1676677366685
1676677365118,1676677366697
1676677365207,1676677366737
1676677364723,1676677366765
1676677364411,1676677366769
1676677365367,1676677366793
1676677365363,1676677366793
1676677365447,1676677366869
1676677365067,1676677366881
1676677364827,1676677366893
1676677365523,1676677366953
1676677365163,1676677366981
1676677365563,1676677367005
1676677365047,1676677367041
1676677365339,1676677367061
1676677365763,1676677367089
1676677365767,1676677367120
1676677366075,1676677367129
1676677364839,1676677367141
1676677365551,1676677367197
1676677365485,1676677367209
1676677365411,1676677367213
1676677365887,1676677367217
1676677365947,1676677367229
1676677366183,1676677367233
1676677366103,1676677367289
1676677366247,1676677367313
1676677365467,1676677367325
1676677366367,1676677367357
1676677366450,1676677367393
1676677366503,1676677367413
1676677366130,1676677367437
1676677366367,1676677367497
1676677365735,1676677367513
1676677365767,1676677367513
1676677366467,1676677367613
1676677366507,1676677367697
1676677366335,1676677367765
1676677366615,1676677367805
1676677366635,1676677367865
1676677366767,1676677367869
1676677366687,1676677367909
1676677366251,1676677367926
1676677366883,1676677367974
1676677366039,1676677368029
1676677366663,1676677368085
1676677366739,1676677368092
1676677366400,1676677368121
1676677366555,1676677368121
1676677366895,1676677368137
1676677366443,1676677368141
1676677366795,1676677368153
1676677365755,1676677368165
1676677366982,1676677368201
1676677367142,1676677368253
1676677367231,1676677368297
1676677367315,1676677368317
1676677366771,1676677368325
1676677366871,1676677368361
1676677367214,1676677368375
1676677366955,1676677368397
1676677366795,1676677368409
1676677367007,1676677368409
1676677366699,1676677368481
1676677367219,1676677368489
1676677367515,1676677368609
1676677367199,1676677368609
1676677367615,1676677368645
1676677367043,1676677368681
1676677367439,1676677368705
1676677367122,1676677368749
1676677367327,1676677368749
1676677367767,1676677368813
1676677367234,1676677368833
1676677367091,1676677368849
1676677367515,1676677368877
1676677367415,1676677368933
1676677367911,1676677368937
1676677367358,1676677368985
1676677367131,1676677368985
1676677367211,1676677369005
1676677367291,1676677369049
1676677367063,1676677369161
1676677367928,1676677369165
1676677368139,1676677369169
1676677368087,1676677369181
1676677368155,1676677369245
1676677367807,1676677369309
1676677367499,1676677369345
1676677368031,1676677369349
1676677367699,1676677369377
1676677368094,1676677369425
1676677368399,1676677369433
1676677367868,1676677369457
1676677368123,1676677369489
1676677368363,1676677369529
1676677368327,1676677369549
1676677368319,1676677369553
1676677367871,1676677369601
1676677368411,1676677369609
1676677368123,1676677369633
1676677368167,1676677369705
1676677368203,1676677369715
1676677368835,1676677369737
1676677368255,1676677369761
1676677368299,1676677369781
1676677368491,1676677369793
1676677368143,1676677369865
1676677368611,1676677369917
1676677368411,1676677369917
1676677367976,1676677369969
1676677368751,1676677370021
1676677369183,1676677370065
1676677368879,1676677370085
1676677368935,1676677370105
1676677369167,1676677370185
1676677368939,1676677370277
1676677369247,1676677370281
1676677368751,1676677370329
1676677368647,1676677370357
1676677368851,1676677370377
1676677368683,1676677370397
1676677369051,1676677370405
1676677369163,1676677370409
1676677368707,1676677370421
1676677368377,1676677370493
1676677368987,1676677370501
1676677369171,1676677370527
1676677369351,1676677370537
1676677369347,1676677370551
1676677369007,1676677370569
1676677369435,1676677370677
1676677369531,1676677370685
1676677369783,1676677370713
1676677369603,1676677370749
1676677368814,1676677370772
1676677368611,1676677370781
1676677369491,1676677370813
1676677369795,1676677370845
1676677369867,1676677370889
1676677368987,1676677370889
1676677369707,1676677370953
1676677368483,1676677370981
1676677369555,1676677371005
1676677369635,1676677371029
1676677369379,1676677371097
1676677369918,1676677371125
1676677370023,1676677371169
1676677369738,1676677371177
1676677369717,1676677371201
1676677369551,1676677371369
1676677369970,1676677371501
1676677370539,1676677371536
1676677369611,1676677371549
1676677369459,1676677371605
1676677370087,1676677371625
1676677370379,1676677371649
1676677370107,1676677371665
1676677370283,1676677371709
1676677370066,1676677371717
1676677370411,1676677371749
1676677370423,1676677371769
1676677369311,1676677371769
1676677370331,1676677371774
1676677369763,1676677371801
1676677370407,1676677371845
1676677370815,1676677371873
1676677370399,1676677371921
1676677370679,1676677371967
1676677370503,1676677371973
1676677370495,1676677371977
1676677370571,1676677371993
1676677370687,1676677372025
1676677370279,1676677372061
1676677370187,1676677372061
1676677370553,1676677372081
1676677370751,1676677372105
1676677370528,1676677372129
1676677370847,1676677372197
1676677370891,1676677372205
1676677371503,1676677372249
1676677370359,1676677372361
1676677370783,1676677372393
1676677371031,1676677372397
1676677370775,1676677372413
1676677371127,1676677372461
1676677370715,1676677372493
1676677371179,1676677372613
1676677370955,1676677372617
1676677371099,1676677372641
1676677371171,1676677372657
1676677371007,1676677372665
1676677371711,1676677372669
1676677371607,1676677372697
1676677371538,1676677372714
1676677370983,1676677372717
1676677371771,1676677372864
1676677371874,1676677372873
1676677371371,1676677372909
1676677371771,1676677372945
1676677371751,1676677372961
1676677371847,1676677372977
1676677371203,1676677373037
1676677371626,1676677373089
1676677371979,1676677373093
1676677371975,1676677373201
1676677371803,1676677373237
1676677372083,1676677373265
1676677371719,1676677373305
1676677371776,1676677373317
1676677372362,1676677373325
1676677371969,1676677373389
1676677371995,1676677373534
1676677372642,1676677373565
1676677371667,1676677373609
1676677372063,1676677373625
1676677372615,1676677373629
1676677370891,1676677373641
1676677372399,1676677373646
1676677372207,1676677373677
1676677372251,1676677373685
1676677372199,1676677373697
1676677372463,1676677373761
1676677372718,1676677373765
1676677372698,1676677373777
1676677372107,1676677373797
1676677372131,1676677373829
1676677372495,1676677373838
1676677372910,1676677373881
1676677372946,1676677373941
1676677372619,1676677373997
1676677372667,1676677374021
1676677371923,1676677374081
1676677373095,1676677374117
1676677372027,1676677374117
1676677372063,1676677374165
1676677372395,1676677374181
1676677372866,1676677374201
1676677373239,1676677374209
1676677373091,1676677374353
1676677371651,1676677374373
1676677372659,1676677374385
1676677372414,1676677374393
1676677372874,1676677374413
1676677372716,1676677374429
1676677373536,1676677374438
1676677372978,1676677374505
1676677372670,1676677374541
1676677373039,1676677374553
1676677373307,1676677374569
1676677372963,1676677374621
1676677373390,1676677374677
1676677373699,1676677374697
1676677373203,1676677374717
1676677373327,1676677374725
1676677373627,1676677374825
1676677373267,1676677374857
1676677373840,1676677374961
1676677373647,1676677374969
1676677373831,1676677374973
1676677373631,1676677374977
1676677373686,1676677374993
1676677373799,1676677375005
1676677373567,1676677375013
1676677373779,1676677375129
1676677373767,1676677375189
1676677373643,1676677375345
1676677373999,1676677375357
1676677374119,1676677375405
1676677374203,1676677375425
1676677373679,1676677375433
1676677374167,1676677375525
1676677374083,1676677375585
1676677374431,1676677375597
1676677374118,1676677375693
1676677374387,1676677375745
1676677374183,1676677375753
1676677374727,1676677375821
1676677374415,1676677375861
1676677373611,1676677375909
1676677373883,1676677375921
1676677374355,1676677375925
1676677374623,1676677375957
1676677374395,1676677376041
1676677375007,1676677376053
1676677374440,1676677376109
1676677374507,1676677376141
1676677374023,1676677376153
1676677374719,1676677376177
1676677375191,1676677376185
1676677374543,1676677376185
1676677375131,1676677376229
1676677374555,1676677376241
1676677374975,1676677376321
1676677374827,1676677376345
1676677375427,1676677376385
1676677374211,1676677376449
1676677374375,1676677376492
1676677374963,1676677376493
1676677374679,1676677376581
1676677375435,1676677376617
1676677374699,1676677376649
1676677374859,1676677376693
1676677374571,1676677376704
1676677375359,1676677376753
1676677375347,1676677376765
1676677375959,1676677376853
1676677374995,1676677376865
1676677375015,1676677376933
1676677375695,1676677376941
1676677375747,1676677376969
1676677375927,1676677376981
1676677375823,1676677377077
1676677375407,1676677377101
1676677376179,1676677377117
1676677374979,1676677377121
1676677375587,1676677377149
1676677375755,1676677377213
1676677375527,1676677377213
1676677376043,1676677377233
1676677375923,1676677377245
1676677374971,1676677377249
1676677376055,1676677377377
1676677376187,1676677377393
1676677376111,1676677377489
1676677375911,1676677377505
1676677376495,1676677377533
1676677375863,1676677377533
1676677376143,1676677377545
1676677376347,1676677377565
1676677376494,1676677377617
1676677375599,1676677377638
1676677376323,1676677377661
1676677376583,1676677377717
1676677376618,1676677377750
1676677376231,1676677377789
1676677376186,1676677377901
1676677376387,1676677377937
1676677376451,1676677378029
1676677376694,1676677378085
1676677376155,1676677378129
1676677376983,1676677378137
1676677376935,1676677378165
1676677377251,1676677378197
1676677376867,1676677378229
1676677376651,1676677378241
1676677377235,1676677378249
1676677376971,1676677378249
1676677376943,1676677378289
1676677376755,1676677378297
1676677377079,1676677378417
1676677376855,1676677378433
1676677376705,1676677378485
1676677377215,1676677378569
1676677377215,1676677378621
1676677377103,1676677378653
1676677377752,1676677378681
1676677377535,1676677378681
1676677377395,1676677378745
1676677377247,1676677378769
1676677377119,1676677378777
1676677377640,1676677378837
1676677377379,1676677378861
1676677377151,1676677378865
1676677377507,1676677378961
1676677377719,1676677379033
1676677376767,1676677379057
1676677377903,1676677379129
1676677377791,1676677379153
1676677377491,1676677379189
1676677377123,1676677379205
1676677378031,1676677379209
1676677377663,1676677379217
1676677377567,1676677379237
1676677377939,1676677379297
1676677377547,1676677379321
1676677377535,1676677379373
1676677378199,1676677379405
1676677377619,1676677379421
1676677378131,1676677379469
1676677378291,1676677379473
1676677378139,1676677379481
1676677378087,1676677379509
1676677378251,1676677379553
1676677378299,1676677379593
1676677378251,1676677379601
1676677378419,1676677379629
1676677378231,1676677379725
1676677378863,1676677379777
1676677378435,1676677379797
1676677378683,1676677379825
1676677378683,1676677379869
1676677378623,1676677379889
1676677378243,1676677379901
1676677378167,1676677379953
1676677379058,1676677380161
1676677378487,1676677380161
1676677378867,1676677380161
1676677379374,1676677380445
1676677378771,1676677380493
1676677378655,1676677380609
1676677379131,1676677380613
1676677379035,1676677380629
1676677378839,1676677380665
1676677379322,1676677380733
1676677379155,1676677380745
1676677379239,1676677380749
1676677379191,1676677380757
1676677379903,1676677380837
1676677379210,1676677380841
1676677379218,1676677380849
1676677378963,1676677380861
1676677379482,1676677380909
1676677379299,1676677380989
1676677379470,1676677381021
1676677379779,1676677381021
1676677379206,1676677381061
1676677378747,1676677381069
1676677379595,1676677381093
1676677379423,1676677381101
1676677378778,1676677381229
1676677379727,1676677381241
1676677379406,1676677381261
1676677379871,1676677381301
1676677379891,1676677381329
1676677379827,1676677381393
1676677379631,1676677381426
1676677379510,1676677381477
1676677380163,1676677381553
1676677379799,1676677381645
1676677380163,1676677381665
1676677379555,1676677381669
1676677379955,1676677381737
1676677380611,1676677381746
1676677379603,1676677381765
1676677380843,1676677381865
1676677380615,1676677381929
1676677380667,1676677381989
1676677380447,1676677382029
1676677380735,1676677382029
1676677380759,1676677382145
1676677380495,1676677382149
1676677380863,1676677382181
1676677380911,1676677382189
1676677380163,1676677382249
1676677381023,1676677382325
1676677380747,1676677382333
1676677380851,1676677382373
1676677380751,1676677382429
1676677380631,1676677382437
1676677381243,1676677382481
1676677381023,1676677382521
1676677380991,1676677382597
1676677381071,1676677382661
1676677381303,1676677382669
1676677381479,1676677382701
1676677380839,1676677382713
1676677381103,1676677382742
1676677381331,1676677382753
1676677381063,1676677382761
1676677381395,1676677382881
1676677381739,1676677382889
1676677381231,1676677382961
1676677381671,1676677382997
1676677381748,1676677383029
1676677381427,1676677383077
1676677381263,1676677383089
1676677381555,1676677383093
1676677382151,1676677383257
1676677382031,1676677383321
1676677382251,1676677383345
1676677381766,1676677383441
1676677382327,1676677383441
1676677381867,1676677383473
1676677382375,1676677383477
1676677381666,1676677383513
1676677382031,1676677383521
1676677382663,1676677383665
1676677381991,1676677383669
1676677381647,1676677383721
1676677382183,1676677383749
1676677382715,1676677383817
1676677382190,1676677383837
1676677382335,1676677383877
1676677382431,1676677383937
1676677382999,1676677384045
1676677383031,1676677384077
1676677382744,1676677384109
1676677382523,1676677384141
1676677382599,1676677384153
1676677383094,1676677384169
1676677382703,1676677384258
1676677382891,1676677384277
1676677382763,1676677384317
1676677383091,1676677384321
1676677382755,1676677384397
1676677382482,1676677384421
1676677383323,1676677384494
1676677382963,1676677384513
1676677382439,1676677384565
1676677383443,1676677384657
1676677383079,1676677384681
1676677383515,1676677384685
1676677383259,1676677384713
1676677383347,1676677384716
1676677382883,1676677384733
1676677383475,1676677384741
1676677383443,1676677384745
1676677382671,1676677384777
1676677383479,1676677384888
1676677382147,1676677384949
1676677383750,1676677385045
1676677383523,1676677385089
1676677383667,1676677385129
1676677383838,1676677385201
1676677383819,1676677385221
1676677384143,1676677385261
1676677383879,1676677385297
1676677384279,1676677385345
1676677383723,1676677385473
1676677384399,1676677385485
1676677384319,1676677385517
1676677384423,1676677385629
1676677384515,1676677385833
1676677384496,1676677385838
1676677384171,1676677385901
1676677383938,1676677385902
1676677384079,1676677385909
1676677384323,1676677385961
1676677384683,1676677385962
1676677384110,1676677385965
1676677384567,1676677386037
1676677384687,1676677386069
1676677384659,1676677386117
1676677384778,1676677386185
1676677384951,1676677386206
1676677384046,1676677386237
1676677384734,1676677386241
1676677384747,1676677386241
1676677385091,1676677386285
1676677384260,1676677386313
1676677385047,1676677386357
1676677384715,1676677386357
1676677385475,1676677386373
1676677385223,1676677386385
1676677385519,1676677386517
1676677385203,1676677386565
1676677385347,1676677386605
1676677384717,1676677386669
1676677385131,1676677386745
1676677384890,1676677386769
1676677385911,1676677386893
1676677385631,1676677386909
1676677384743,1676677386969
1676677385903,1676677386989
1676677385263,1676677387053
1676677385963,1676677387061
1676677386187,1676677387129
1676677385834,1676677387225
1676677386119,1676677387253
1676677385967,1676677387285
1676677385487,1676677387301
1676677386359,1676677387389
1676677386039,1676677387393
1676677386243,1676677387441
1676677385840,1676677387486
1676677386243,1676677387645
1676677386359,1676677387693
1676677386315,1676677387781
1676677386286,1676677387801
1676677386239,1676677387813
1676677385962,1676677387848
1676677386771,1676677387869
1676677386567,1676677387881
1676677386375,1676677387909
1676677385904,1676677387965
1676677386387,1676677387969
1676677386519,1676677387989
1676677386071,1676677388021
1676677386208,1676677388029
1676677386607,1676677388133
1676677386747,1676677388149
1676677386895,1676677388177
1676677387131,1676677388293
1676677387055,1676677388329
1676677387286,1676677388469
1676677386970,1676677388473
1676677387783,1676677388517
1676677387303,1676677388562
1676677386991,1676677388605
1676677387390,1676677388621
1676677386671,1676677388681
1676677387227,1676677388729
1676677386911,1676677388861
1676677387063,1676677388917
1676677387255,1676677388957
1676677387911,1676677388993
1676677387647,1676677389049
1676677387488,1676677389105
1676677388151,1676677389113
1676677387971,1676677389165
1676677388135,1676677389173
1676677387815,1676677389321
1676677387803,1676677389353
1676677387696,1676677389397
1676677388295,1676677389445
1676677388331,1676677389545
1676677387883,1676677389593
1676677387967,1676677389673
1676677388179,1676677389693
1676677388023,1676677389713
1676677387442,1676677389753
1676677388471,1676677389805
1676677388475,1676677389837
1676677388683,1676677389849
1676677388607,1676677389873
1676677387991,1676677389913
1676677387850,1676677389929
1676677388031,1676677389937
1676677387870,1676677390041
1676677388863,1676677390137
1676677388731,1676677390165
1676677388995,1676677390173
1676677388519,1676677390177
1676677389355,1676677390461
1676677389399,1676677390513
1676677388919,1676677390565
1676677389167,1676677390593
1676677389547,1676677390609
1676677389323,1676677390655
1676677389051,1676677390726
1676677389595,1676677390741
1676677388623,1676677390785
1676677389175,1676677390953
1676677389114,1676677390973
1676677388959,1676677391041
1676677389931,1676677391085
1676677389807,1676677391102
1676677389695,1676677391193
1676677389447,1676677391229
1676677390167,1676677391321
1676677389715,1676677391338
1676677389851,1676677391360
1676677390043,1676677391429
1676677389755,1676677391453
1676677390139,1676677391504
1676677390179,1676677391537
1676677389675,1676677391553
1676677389107,1676677391565
1676677389938,1676677391641
1676677389915,1676677391665
1676677390611,1676677391777
1676677390787,1676677391793
1676677390463,1676677391797
1676677390665,1676677391837
1676677390175,1676677391933
1676677391103,1676677392057
1676677390743,1676677392121
1676677389838,1676677392253
1676677390955,1676677392301
1676677390975,1676677392309
1676677391043,1676677392417
1676677390728,1676677392433
1676677390567,1676677392441
1676677390514,1676677392545
1676677390595,1676677392637
1676677391555,1676677392733
1676677391340,1676677392753
1676677391323,1676677392761
1676677391195,1676677392769
1676677391567,1676677392797
1676677391539,1676677392809
1676677391779,1676677392893
1676677391455,1676677392945
1676677391431,1676677393005
1676677391231,1676677393113
1676677391506,1676677393157
1676677391935,1676677393201
1676677391362,1676677393277
1676677391798,1676677393285
1676677392123,1676677393309
1676677392303,1676677393377
1676677392311,1676677393509
1676677392419,1676677393537
1676677392443,1676677393573
1676677391839,1676677393605
1676677391794,1676677393649
1676677391643,1676677393657
1676677392058,1676677393693
1676677392547,1676677393729
1676677392435,1676677393777
1676677392735,1676677393797
1676677393310,1676677394189
1676677393159,1676677394189
1676677392811,1676677394197
1676677393006,1676677394233
1676677392946,1676677394281
1676677393114,1676677394321
1676677392895,1676677394357
1676677392639,1676677394401
1676677392798,1676677394541
1676677393378,1676677394549
1676677392763,1676677394593
1676677392255,1676677394637
1676677393799,1676677394805
1676677393203,1676677394889
1676677393607,1676677394949
1676677392771,1676677394961
1676677393511,1676677395001
1676677393286,1676677395005
1676677392755,1676677395013
1676677393575,1676677395101
1676677393658,1676677395325
1676677393538,1676677395433
1676677394322,1676677395481
1676677394403,1676677395521
1676677393779,1676677395533
1676677394283,1676677395581
1676677393651,1676677395761
1676677393731,1676677395797
1676677394191,1676677395837
1676677394191,1676677395949
1676677394199,1676677395949
1676677394543,1676677395969
1676677394235,1676677396049
1676677394891,1676677396065
1676677394551,1676677396253
1676677395103,1676677396265
1676677395015,1676677396353
1676677393695,1676677396385
1676677395003,1676677396461
1676677394359,1676677396485
1676677394807,1676677396497
1676677395007,1676677396525
1676677394639,1676677396552
1676677394963,1676677396573
1676677395583,1676677396661
1676677394595,1676677396685
1676677395435,1676677396733
1676677395523,1676677396917
1676677395327,1676677396937
1676677395483,1676677396977
1676677395839,1676677397105
1676677395971,1676677397113
1676677395799,1676677397233
1676677395535,1676677397321
1676677396051,1676677397525
1676677396255,1676677397553
1676677396463,1676677397553
1676677395763,1676677397597
1676677396355,1676677397681
1676677396267,1676677397753
1676677395951,1676677397761
1676677396067,1676677397805
1676677396663,1676677398037
1676677396575,1676677398041
1676677396918,1676677398061
1676677396553,1676677398085
1676677396527,1676677398141
1676677396687,1676677398171
1676677396487,1676677398189
1676677396387,1676677398209
1676677397107,1676677398297
1676677396735,1676677398357
1676677396979,1676677398373
1676677396939,1676677398373
1676677397323,1676677398449
1676677397599,1676677398505
1676677397115,1676677398526
1676677397235,1676677398552
1676677396499,1676677398841
1676677397527,1676677399017
1676677398191,1676677399029
1676677397807,1676677399037
1676677397555,1676677399049
1676677397755,1676677399141
1676677398173,1676677399269
1676677398063,1676677399301
1676677397555,1676677399389
1676677398143,1676677399453
1676677398210,1676677399533
1676677398507,1676677399649
1676677397683,1676677399653
1676677398043,1676677399733
1676677398039,1676677399741
1676677398375,1676677399837
1676677398554,1676677399929
1676677398359,1676677399957
1676677398451,1676677400077
1676677399143,1676677400109
1676677398528,1676677400133
1676677399039,1676677400249
1676677399031,1676677400305
1676677398843,1676677400537
1676677399303,1676677400557
1676677397763,1676677400749
1676677399391,1676677400781
1676677398375,1676677400857
1676677399271,1676677400893
1676677399019,1676677400953
1676677399655,1676677400957
1676677399651,1676677400973
1676677399455,1676677400977
1676677399534,1676677400997
1676677398298,1676677401201
1676677400111,1676677401201
1676677399743,1676677401417
1676677399931,1676677401445
1676677399735,1676677401473
1676677400251,1676677401549
1676677399959,1676677401569
1676677399051,1676677401609
1676677400135,1676677401657
1676677400307,1676677401669
1676677400539,1676677401717
1676677400559,1676677401781
1676677400079,1676677401949
1676677400751,1676677402041
1676677400895,1676677402057
1676677400859,1676677402065
1676677400955,1676677402201
1676677400999,1676677402213
1676677400959,1676677402485
1676677400975,1676677402593
1676677401551,1676677402621
1676677401203,1676677402637
1676677400979,1676677402677
1676677400783,1676677402741
1676677401419,1676677402769
1676677401447,1676677402817
1676677401611,1676677402965
1676677401951,1676677403049
1676677401203,1676677403109
1676677401671,1676677403157
1676677401475,1676677403249
1676677402203,1676677403345
1676677401783,1676677403385
1676677402623,1676677403509
1676677402042,1676677403517
1676677402059,1676677403529
1676677401719,1676677403649
1676677402215,1676677403653
1676677402595,1676677403653
1676677402639,1676677403695
1676677402487,1676677403729
1676677401659,1676677403821
1676677402743,1676677404005
1676677402966,1676677404129
1676677403051,1676677404145
1676677402771,1676677404229
1676677402679,1676677404301
1676677403159,1676677404469
1676677403519,1676677404837
1676677403655,1676677404905
1676677403531,1676677404973
1676677403387,1676677405101
1676677403697,1676677405133
1676677403823,1676677405269
1676677403651,1676677405373
1676677403251,1676677405409
1676677404147,1676677405477
1676677403347,1676677405541
1676677403511,1676677405817
1676677403111,1676677405865
1676677404231,1676677405889
1676677403731,1676677406037
1676677404007,1676677406117
1676677404471,1676677406117
1676677405135,1676677406345
1676677404131,1676677406345
1676677404974,1676677406353
1676677404303,1676677406378
1676677405103,1676677406465
1676677405271,1676677406473
1676677404906,1676677406513
1676677405375,1676677406688
1676677405479,1676677406689
1676677404839,1676677406773
1676677405891,1676677406813
1676677405411,1676677406857
1676677405867,1676677407013
1676677406038,1676677407321
1676677405543,1676677407689
1676677406691,1676677407801
1676677406119,1676677407821
1676677406347,1676677407865
1676677406380,1676677407925
1676677406475,1676677407948
1676677406690,1676677408193
1676677406119,1676677408245
1676677406775,1676677408289
1676677406347,1676677408289
1676677407015,1676677408361
1676677406355,1676677408413
1676677406859,1676677408453
1676677406467,1676677408477
1676677405819,1676677408513
1676677406815,1676677408757
1676677407803,1676677408797
1676677407691,1676677408825
1676677407823,1676677408917
1676677407323,1676677409061
1676677407867,1676677409285
1676677407927,1676677409337
1676677408195,1676677409561
1676677407950,1676677409757
1676677408455,1676677409801
1676677408759,1676677410009
1676677408479,1676677410011
1676677408291,1676677410033
1676677408363,1676677410097
1676677408415,1676677410133
1676677408247,1676677410173
1676677409063,1676677410237
1676677408827,1676677410401
1676677408515,1676677410401
1676677408291,1676677410421
1676677409287,1676677410825
1676677409759,1676677410861
1676677409339,1676677410873
1676677408799,1676677410917
1676677410099,1676677411005
1676677409563,1676677411017
1676677410012,1676677411081
1676677410175,1676677411229
1676677410135,1676677411369
1676677410034,1676677411749
1676677410827,1676677411913
1676677409803,1676677412005
1676677410403,1676677412017
1676677410403,1676677412105
1676677410875,1676677412156
1676677410011,1676677412337
1676677411083,1676677412429
1676677411019,1676677412609
1676677410239,1676677412625
1676677410918,1676677412629
1676677410423,1676677412641
1676677410863,1676677412869
1676677411006,1676677412929
1676677411751,1676677412937
1676677411231,1676677412973
1676677412006,1676677413213
1676677412019,1676677413365
1676677411915,1676677413385
1676677412158,1676677413665
1676677412107,1676677413929
1676677412627,1676677413941
1676677412339,1676677414041
1676677412975,1676677414097
1676677412431,1676677414165
1676677412631,1676677414289
1676677412611,1676677414337
1676677412643,1676677414401
1676677412931,1676677414421
1676677412939,1676677414505
1676677413367,1676677414893
1676677413215,1676677414901
1676677413667,1676677414941
1676677413387,1676677414973
1676677413931,1676677415097
1676677412871,1676677415137
1676677414167,1676677415441
1676677414423,1676677415817
1676677414943,1676677415829
1676677414099,1676677415845
1676677414043,1676677415913
1676677414291,1676677416029
1676677414339,1676677416125
1676677414507,1676677416161
1676677414895,1676677416221
1676677414403,1676677416393
1676677414903,1676677416469
1676677415099,1676677416705
1676677415830,1676677417121
1676677415139,1676677417217
1676677415819,1676677417241
1676677416127,1676677417361
1676677414975,1676677417653
1676677415847,1676677417713
1676677416031,1676677417717
1676677416223,1676677417821
1676677415915,1676677417901
1676677416471,1676677418141
1676677416395,1676677418221
1676677416707,1676677418241
1676677416163,1676677418393
1676677417219,1676677418481
1676677417362,1676677418921
1676677417719,1676677419081
1676677418143,1676677419101
1676677417823,1676677419157
1676677417123,1676677419173
1676677417655,1676677419189
1676677417243,1676677419237
1676677418243,1676677419521
1676677417715,1676677419528
1676677417903,1676677419605
1676677418223,1676677419861
1676677418483,1676677419993
1676677418395,1676677420005
1676677419103,1676677420337
1676677419175,1676677420481
1676677419083,1676677420565
1676677419530,1676677420677
1676677419159,1676677420861
1676677419239,1676677421113
1676677419191,1676677421177
1676677420007,1676677421261
1676677419607,1676677421425
1676677419995,1676677421585
1676677419523,1676677421605
1676677420567,1676677421953
1676677419863,1676677421973
1676677420483,1676677422072
1676677420863,1676677422093
1676677420339,1676677422125
1676677420679,1676677423021
1676677421587,1676677423101
1676677421607,1676677423105
1676677421263,1676677423257
1676677421427,1676677423313
1676677422127,1676677423425
1676677421955,1676677423429
1676677421975,1676677423489
1676677421115,1676677423909
1676677422095,1676677423961
1676677422074,1676677423997
1676677423103,1676677424325
1676677423427,1676677424537
1676677423259,1676677424773
1676677423023,1676677424829
1676677423315,1676677424861
1676677423911,1676677425329
1676677423431,1676677425485
1676677423491,1676677425509
1676677423107,1676677425661
1676677423963,1676677425713
1676677424327,1676677425797
1676677423999,1676677425989
1676677424831,1676677426053
1676677424539,1676677426082
1676677424775,1676677426329
1676677424863,1676677426365
1676677425487,1676677426773
1676677425331,1676677427085
1676677426055,1676677427113
1676677425511,1676677427441
1676677426084,1676677427657
1676677425799,1676677427757
1676677425715,1676677427769
1676677425991,1676677427841
1676677425663,1676677428045
1676677427115,1676677428537
1676677427443,1676677428701
1676677426367,1676677428965
1676677426775,1676677428970
1676677427843,1676677429341
1676677427759,1676677429641
1676677427771,1676677429697
1676677427659,1676677430029
1676677427087,1676677430065
1676677428047,1676677430296
1676677428539,1676677430377
1676677428703,1676677430548
1676677428967,1676677430609
1676677428972,1676677430709
1676677429343,1676677430781
1676677429643,1676677430877
1676677429699,1676677431201
1676677430298,1676677431877
1676677430067,1676677432149
1676677430611,1676677432169
1676677430783,1676677432553
1676677430711,1676677432581
1676677430379,1676677432689
1676677430879,1676677432797
1676677430550,1676677432797
1676677430031,1676677432885
1676677431203,1676677433101
1676677431879,1676677433293
1676677432171,1676677433761
1676677432799,1676677434301
1676677432583,1676677434873
1676677432555,1676677434913
1676677432799,1676677434929
1676677433295,1676677435117
1676677432691,1676677435129
1676677433102,1676677435177
1676677432887,1676677435329
1676677433763,1676677435381
1676677432151,1676677435473
1676677434303,1676677435641
1676677434875,1676677435981
1676677434931,1676677436081
1676677435119,1676677436237
1676677434915,1676677436361
1676677435179,1676677436885
1676677435131,1676677437197
1676677435475,1676677437229
1676677435331,1676677437229
1676677435383,1676677437237
1676677435643,1676677437277
1676677435983,1676677437589
1676677436083,1676677437597
1676677436887,1676677437669
1676677436239,1676677438173
1676677436362,1676677438989
1676677437231,1676677439277
1676677437199,1676677439289
1676677437279,1676677439349
1676677437239,1676677439353
1676677437231,1676677439461
1676677437599,1676677439481
1676677437591,1676677439693
1676677437671,1676677439749
1676677438175,1676677439765
1676677438991,1676677440049
1676677439291,1676677440397
1676677439279,1676677440409
1676677439463,1676677440721
1676677439355,1676677440881
1676677440051,1676677441297
1676677439751,1676677441345
1676677439483,1676677441381
1676677439695,1676677441445
1676677440112,1676677441501
1676677439767,1676677441537
1676677439351,1676677441752
1676677440883,1676677441973
1676677440399,1676677442129
1676677440411,1676677442225
1676677441383,1676677442437
1676677441447,1676677442485
1676677441299,1676677442737
1676677441539,1676677442765
1676677440723,1676677442800
1676677441753,1676677443137
1676677441975,1676677443293
1676677441347,1676677443587
1676677442131,1676677443789
1676677442487,1676677443869
1676677442227,1676677444037
1676677441506,1676677444173
1676677442439,1676677444277
1676677442802,1676677444421
1676677443295,1676677444457
1676677443139,1676677444569
1676677442767,1676677444621
1676677442739,1676677444693
1676677443791,1676677445061
1676677443589,1676677445317
1676677444039,1676677445565
1676677444175,1676677445701
1676677443871,1676677445749
1676677444423,1676677445901
1676677444279,1676677445925
1676677444571,1676677446525
1676677444695,1676677446565
1676677445062,1676677446617
1676677444623,1676677446669
1676677444459,1676677446673
1676677445319,1676677446793
1676677445567,1676677447033
1676677445138,1676677447069
1676677445903,1676677447317
1676677445703,1676677447329
1676677445751,1676677447525
1676677445927,1676677447565
1676677446527,1676677447753
1676677446619,1676677448001
1676677446567,1676677448229
1676677446671,1676677448268
1676677447075,1676677448445
1676677447035,1676677448505
1676677447331,1676677448577
1676677446674,1676677448661
1676677446795,1676677448777
1676677447567,1676677448921
1676677447755,1676677449157
1676677448003,1676677449489
1676677447319,1676677449509
1676677448160,1676677449545
1676677448270,1676677449665
1676677447527,1676677449689
1676677448578,1676677449753
1676677448447,1676677449889
1676677448663,1676677449973
1676677448507,1676677450257
1676677448923,1676677450261
1676677448231,1676677450569
1676677448779,1676677450621
1676677449491,1676677450793
1676677449159,1676677450809
1676677449511,1676677450954
1676677449552,1676677451141
1676677449691,1676677451169
1676677449974,1676677451533
1676677450263,1676677451749
1676677449891,1676677451785
1676677450623,1676677451789
1676677450259,1676677451845
1676677449755,1676677451977
1676677450571,1676677452037
1676677449667,1676677452133
1676677450811,1676677452337
1676677451180,1676677452401
1676677451144,1676677452485
1676677450795,1676677452525
1676677451535,1676677452661
1676677450956,1676677452893
1676677451171,1676677453085
1676677451751,1676677453125
1676677451787,1676677453205
1676677451979,1676677453269
1676677452039,1676677453309
1676677451847,1676677453389
1676677451791,1676677453628
1676677452339,1676677453649
1676677452407,1676677453809
1676677452487,1676677453857
1676677452663,1676677454037
1676677452527,1676677454189
1676677453087,1676677454349
1676677453310,1676677454430
1676677453127,1676677454505
1676677453271,1676677454521
1676677453198,1676677454605
1676677452895,1676677454801
1676677453207,1676677454929
1676677452135,1676677454945
1676677453629,1676677454989
1676677453651,1676677455017
1676677453811,1676677455177
1676677453859,1676677455189
1676677453391,1676677455489
1676677454351,1676677455517
1676677454191,1676677455569
1676677454431,1676677455673
1676677454038,1676677455817
1676677454803,1676677455833
1676677454507,1676677455921
1676677454523,1676677455973
1676677454991,1676677456053
1676677454947,1676677456125
1676677454611,1676677456369
1676677455179,1676677456437
1676677455191,1676677456505
1676677455219,1676677456541
1676677455019,1676677456597
1676677455491,1676677456653
1676677454931,1676677456665
1676677455571,1676677457001
1676677455675,1676677457225
1676677455975,1676677457273
1676677455519,1676677457281
1676677455835,1676677457389
1676677456372,1676677457461
1676677456055,1676677457705
1676677456127,1676677457889
1676677456507,1676677457985
1676677455923,1676677458021
1676677455819,1676677458045
1676677456439,1676677458077
1676677456667,1676677458085
1676677456655,1676677458113
1676677456547,1676677458141
1676677456599,1676677458337
1676677457227,1676677458409
1676677457391,1676677458410
1676677457229,1676677458641
1676677457275,1676677458765
1676677457283,1676677458921
1676677457463,1676677459153
1676677457707,1676677459189
1676677457891,1676677459213
1676677457987,1676677459405
1676677458087,1676677459469
1676677458023,1676677459517
1676677458143,1676677459525
1676677457003,1676677459605
1676677458339,1676677459653
1676677458115,1676677459701
1676677458047,1676677459777
1676677458923,1676677459977
1676677458412,1676677459997
1676677458647,1676677460125
1676677458411,1676677460133
1676677458079,1676677460185
1676677459245,1676677460338
1676677459215,1676677460397
1676677458767,1676677460409
1676677459155,1676677460537
1676677459407,1676677460773
1676677459607,1676677460809
1676677459655,1676677460873
1676677459190,1676677460885
1676677459471,1676677460901
1676677459527,1676677460977
1676677459779,1676677461085
1676677460187,1676677461157
1676677459703,1676677461173
1676677459519,1676677461221
1676677459999,1676677461305
1676677459979,1676677461421
1676677460128,1676677461441
1676677460411,1676677461489
1676677460135,1676677461705
1676677460343,1676677461905
1676677460399,1676677461973
1676677460875,1676677461985
1676677460887,1676677462041
1676677460775,1676677462093
1676677461159,1676677462121
1676677460903,1676677462181
1676677460811,1676677462297
1676677460980,1676677462349
1676677461087,1676677462355
1676677461175,1676677462525
1676677461491,1676677462589
1676677460539,1676677462685
1676677461223,1676677462701
1676677461264,1676677462805
1676677461707,1676677462865
1676677461307,1676677462933
1676677461443,1676677462993
1676677462043,1676677463129
1676677461908,1676677463149
1676677461987,1676677463153
1676677462095,1676677463253
1676677462277,1676677463433
1676677462183,1676677463761
1676677461975,1676677463809
1676677462356,1676677463849
1676677462123,1676677464077
1676677462527,1676677464285
1676677462687,1676677464397
1676677462351,1676677464409
1676677461423,1676677464473
1676677462867,1676677464485
1676677463439,1676677464693
1676677462995,1676677464705
1676677463151,1676677464773
1676677462591,1676677464821
1676677462703,1676677464845
1676677462299,1676677464885
1676677462935,1676677464897
1676677463131,1676677464913
1676677462811,1676677464945
1676677463154,1676677465069
1676677463255,1676677465129
1676677463764,1676677465169
1676677464079,1676677465301
1676677464487,1676677465689
1676677464400,1676677465689
1676677464412,1676677465697
1676677464696,1676677465725
1676677464475,1676677465777
1676677463851,1676677465837
1676677464287,1676677465837
1676677464295,1676677465985
1676677464887,1676677466041
1676677463811,1676677466049
1676677464775,1676677466181
1676677464947,1676677466369
1676677464823,1676677466385
1676677464899,1676677466393
1676677464847,1676677466465
1676677465308,1676677466481
1676677464707,1676677466493
1676677465171,1676677466565
1676677465303,1676677466625
1676677464915,1676677466705
1676677465699,1676677466769
1676677465071,1676677466917
1676677465839,1676677467009
1676677465131,1676677467025
1676677465691,1676677467117
1676677465839,1676677467209
1676677465691,1676677467221
1676677466043,1676677467237
1676677465991,1676677467281
1676677466051,1676677467305
1676677465779,1676677467313
1676677465727,1676677467389
1676677466387,1676677467441
1676677466183,1676677467629
1676677466495,1676677467673
1676677466627,1676677467849
1676677466567,1676677467877
1676677466771,1676677467881
1676677466486,1676677468008
1676677466707,1676677468038
1676677466919,1676677468117
1676677467027,1676677468221
1676677466467,1676677468249
1676677466371,1676677468252
1676677466395,1676677468505
1676677467283,1676677468533
1676677467307,1676677468697
1676677467239,1676677468715
1676677467443,1676677468825
1676677467223,1676677468909
1676677467211,1676677468917
1676677467631,1676677468973
1676677467325,1676677468989
1676677467315,1676677469045
1676677467883,1676677469149
1676677467879,1676677469300
1676677467119,1676677469302
1676677468010,1676677469377
1676677467391,1676677469389
1676677467675,1676677469461
1676677468119,1676677469517
1676677467011,1676677469633
1676677468040,1676677469705
1676677468340,1676677469721
1676677468255,1676677469745
1676677467851,1676677469833
1676677468251,1676677469837
1676677468535,1676677469906
1676677468995,1676677469965
1676677468223,1676677470029
1676677468699,1676677470109
1676677468911,1676677470245
1676677468507,1676677470385
1676677468827,1676677470509
1676677469635,1676677470573
1676677469302,1676677470637
1676677469303,1676677470681
1676677468717,1676677470685
1676677469519,1676677470713
1676677469152,1676677470781
1676677469047,1676677470805
1676677469463,1676677470857
1676677468975,1676677471093
1676677469379,1676677471097
1676677469747,1676677471141
1676677468919,1676677471253
1676677469391,1676677471253
1676677470111,1676677471313
1676677470387,1676677471329
1676677469908,1676677471373
1676677469727,1676677471473
1676677470807,1676677471601
1676677469836,1676677471646
1676677469707,1676677471649
1676677469839,1676677471657
1676677470356,1676677471913
1676677470575,1676677471945
1676677469967,1676677471957
1676677470640,1676677472017
1676677470511,1676677472145
1676677470032,1676677472177
1676677470247,1676677472195
1676677470683,1676677472321
1676677471096,1676677472337
1676677470783,1676677472349
1676677471099,1676677472377
1676677471331,1676677472465
1676677470687,1676677472477
1676677471143,1676677472489
1676677471475,1676677472525
1676677471256,1676677472537
1676677470859,1676677472601
1676677470715,1676677472633
1676677471651,1676677472725
1676677471603,1676677472773
1676677471315,1676677472785
1676677471375,1676677472825
1676677471372,1676677472917
1676677471659,1676677472933
1676677471648,1676677472969
1676677472179,1676677473113
1676677471947,1676677473193
1676677471255,1676677473293
1676677472020,1676677473297
1676677471920,1676677473337
1676677472323,1676677473453
1676677472147,1676677473485
1676677472479,1676677473585
1676677472491,1676677473601
1676677472339,1676677473641
1676677472388,1676677473768
1676677472539,1676677473801
1676677472379,1676677473945
1676677472603,1676677473957
1676677472527,1676677473981
1676677471959,1676677474009
1676677472467,1676677474049
1676677472635,1676677474053
1676677472922,1676677474141
1676677472351,1676677474177
1676677472971,1676677474241
1676677472935,1676677474289
1676677472827,1676677474301
1676677473115,1676677474329
1676677473339,1676677474349
1676677472726,1676677474369
1676677473455,1676677474393
1676677472197,1676677474417
1676677472787,1676677474761
1676677473587,1676677474793
1676677473487,1676677474865
1676677473803,1676677474873
1676677473295,1676677474905
1676677473643,1676677474937
1676677473299,1676677474969
1676677473195,1676677474981
1676677473947,1676677475053
1676677474179,1676677475209
1676677472774,1676677475233
1676677474055,1676677475293
1676677474011,1676677475301
1676677473603,1676677475393
1676677473983,1676677475401
1676677474051,1676677475429
1676677474144,1676677475433
1676677474291,1676677475465
1676677474331,1676677475465
1676677473775,1676677475533
1676677473959,1676677475580
1676677474371,1676677475629
1676677474351,1676677475637
1676677474419,1676677475753
1676677474794,1676677475841
1676677474395,1676677475921
1676677474875,1676677475973
1676677474406,1676677476029
1676677474303,1676677476177
1676677474907,1676677476177
1676677474243,1676677476265
1676677475235,1676677476425
1676677475395,1676677476477
1676677474867,1676677476517
1676677475211,1676677476545
1676677474763,1676677476553
1676677475055,1676677476613
1676677475295,1676677476689
1676677475639,1676677476729
1676677475430,1676677476757
1676677474939,1676677476853
1676677475631,1676677476901
1676677475467,1676677476933
1676677475535,1676677477017
1676677475303,1676677477049
1676677475975,1676677477065
1676677475467,1676677477157
1676677474983,1676677477217
1676677474971,1676677477229
1676677475403,1676677477245
1676677475923,1676677477353
1676677475843,1676677477413
1676677475434,1676677477433
1676677475582,1676677477500
1676677475755,1676677477504
1676677476179,1676677477642
1676677476267,1676677477645
1676677476479,1676677477777
1676677475420,1676677477801
1676677476427,1676677477817
1676677476519,1676677477817
1676677476555,1676677477829
1676677476615,1676677477881
1676677476035,1676677477897
1676677476691,1676677477921
1676677476903,1676677477928
1676677476433,1676677478085
1676677476548,1676677478145
1676677476179,1676677478216
1676677476731,1676677478237
1676677476855,1676677478381
1676677477051,1676677478441
1676677477354,1676677478537
1676677476759,1676677478572
1676677476935,1676677478614
1676677477247,1676677478621
1676677477067,1676677478633
1676677477231,1676677478633
1676677477435,1676677478765
1676677477219,1676677478941
1676677477414,1676677479009
1676677477501,1676677479061
1676677478091,1676677479097
1676677477019,1676677479129
1676677477899,1676677479189
1676677477644,1676677479237
1676677477779,1676677479241
1676677478239,1676677479269
1676677477923,1676677479353
1676677477647,1676677479377
1676677477159,1676677479381
1676677477883,1676677479385
1676677477806,1676677479417
1676677477930,1676677479465
1676677477505,1676677479476
1676677477819,1676677479489
1676677477819,1676677479525
1676677478383,1676677479557
1676677478147,1676677479569
1676677478446,1676677479589
1676677478218,1676677479593
1676677477831,1676677479645
1676677478767,1676677479681
1676677478443,1676677479845
1676677478574,1676677479913
1676677479099,1676677479941
1676677478635,1676677480085
1676677478615,1676677480145
1676677479191,1676677480213
1676677479419,1676677480213
1676677479131,1676677480277
1676677478623,1676677480329
1676677479239,1676677480368
1676677478634,1676677480369
1676677478538,1676677480381
1676677479387,1676677480461
1676677479466,1676677480505
1676677479063,1676677480533
1676677478943,1676677480621
1676677479379,1676677480717
1676677479271,1676677480725
1676677479383,1676677480781
1676677479478,1676677480813
1676677479595,1676677480813
1676677479683,1676677480881
1676677479243,1676677480893
1676677479559,1676677480929
1676677479595,1676677480945
1676677479463,1676677481071
1676677479527,1676677481077
1676677479647,1676677481141
1676677479491,1676677481157
1676677479011,1676677481173
1676677480087,1676677481237
1676677480147,1676677481265
1676677479355,1676677481329
1676677479571,1676677481365
1676677479847,1676677481473
1676677480279,1676677481505
1676677479915,1676677481589
1676677480215,1676677481637
1676677480215,1676677481701
1676677480507,1676677481753
1676677480371,1676677481785
1676677480783,1676677481917
1676677480623,1676677481974
1676677479943,1676677481989
1676677480815,1676677481997
1676677480331,1676677482113
1676677481077,1676677482125
1676677480370,1676677482181
1676677480464,1676677482257
1676677480383,1676677482261
1676677480727,1676677482337
1676677481079,1676677482357
1676677480895,1676677482477
1676677481239,1676677482493
1676677480931,1676677482537
1676677480815,1676677482545
1676677481475,1676677482565
1676677480883,1676677482601
1676677480719,1676677482649
1676677480476,1676677482729
1676677480948,1676677482813
1676677481159,1676677482817
1676677481143,1676677482829
1676677480535,1676677482869
1676677481175,1676677482881
1676677481639,1676677482908
1676677481507,1676677482981
1676677481787,1676677483093
1676677481331,1676677483105
1676677481702,1676677483157
1676677481991,1676677483169
1676677482262,1676677483217
1676677481267,1676677483329
1676677482128,1676677483349
1676677481590,1676677483382
1676677481367,1676677483533
1676677481975,1676677483573
1676677482115,1676677483637
1676677482339,1676677483637
1676677481919,1676677483665
1676677482359,1676677483741
1676677482183,1676677483741
1676677482491,1676677483741
1676677482479,1676677483753
1676677482819,1676677483833
1676677481999,1676677483965
1676677481755,1676677484005
1676677482883,1676677484005
1676677482603,1676677484037
1676677482567,1676677484109
1676677482547,1676677484185
1676677482911,1676677484229
1676677482539,1676677484285
1676677482871,1676677484293
1676677482651,1676677484297
1676677482259,1676677484361
1676677482831,1676677484413
1676677482495,1676677484433
1676677483219,1676677484498
1676677483384,1676677484529
1676677482815,1676677484649
1676677483095,1676677484737
1676677483171,1676677484777
1676677482734,1676677484833
1676677483639,1676677484849
1676677483743,1676677484857
1676677483575,1676677484901
1676677482983,1676677484945
1676677483331,1676677485013
1676677483107,1676677485041
1676677483506,1676677485069
1676677483535,1676677485203
1676677483159,1676677485241
1676677483835,1676677485266
1676677483351,1676677485293
1676677484039,1676677485301
1676677483667,1676677485337
1676677483747,1676677485361
1676677483968,1676677485365
1676677484363,1676677485369
1676677483755,1676677485377
1676677483743,1676677485381
1676677484231,1676677485485
1676677484007,1676677485517
1676677484299,1676677485537
1676677484415,1676677485625
1676677483639,1676677485689
1676677484187,1676677485721
1676677484500,1676677485813
1676677484111,1676677485841
1676677484779,1676677485857
1676677484651,1676677485917
1676677484287,1676677485921
1676677484520,1676677486001
1676677484835,1676677486029
1676677484007,1676677486049
1676677484739,1676677486061
1676677484851,1676677486129
1676677484859,1676677486145
1676677484295,1676677486181
1676677484947,1676677486209
1676677485267,1676677486229
1676677485383,1676677486249
1676677484435,1676677486309
1676677485074,1676677486401
1676677485043,1676677486413
1676677485303,1676677486477
1676677485339,1676677486533
1676677485487,1676677486617
1676677485243,1676677486661
1676677484531,1676677486673
1676677485367,1676677486677
1676677485363,1676677486729
1676677485295,1676677486777
1676677485379,1676677486777
1676677484903,1676677486861
1676677485371,1676677486865
1676677485205,1676677486873
1676677485015,1676677486909
1676677485627,1676677487049
1676677485691,1676677487161
1676677485536,1676677487161
1676677486063,1676677487241
1676677486311,1676677487273
1676677486031,1676677487277
1676677485815,1676677487289
1676677485519,1676677487349
1676677485539,1676677487361
1676677486415,1676677487449
1676677485859,1676677487461
1676677485920,1676677487489
1676677486007,1676677487493
1676677486251,1676677487545
1676677486211,1676677487554
1676677485723,1676677487698
1676677485843,1676677487701
1676677486051,1676677487746
1676677486183,1676677487748
1676677485923,1676677487865
1676677486403,1676677487869
1676677486663,1676677487893
1676677486619,1676677487953
1676677486779,1676677488009
1676677486535,1676677488049
1676677486147,1676677488077
1676677486131,1676677488169
1676677486679,1676677488181
1676677486231,1676677488277
1676677486479,1676677488309
1676677486863,1676677488397
1676677487351,1676677488469
1676677486875,1676677488493
1676677487290,1676677488533
1676677486911,1676677488592
1676677486731,1676677488625
1676677486779,1676677488633
1676677486675,1676677488657
1676677487279,1676677488661
1676677487463,1676677488709
1676677487243,1676677488769
1676677487895,1676677488773
1676677487275,1676677488821
1676677487495,1676677488849
1676677487491,1676677488861
1676677487051,1676677488873
1676677486867,1676677488965
1676677487547,1676677488989
1676677487700,1676677488989
1676677487451,1676677488989
1676677487363,1676677489049
1676677487552,1676677489073
1676677487167,1676677489081
1676677488012,1676677489117
1676677487556,1676677489149
1676677487867,1676677489201
1676677487748,1676677489225
1676677488171,1676677489229
1676677488183,1676677489333
1676677487749,1676677489333
1676677488079,1676677489369
1676677487955,1676677489398
1676677487163,1676677489404
1676677488051,1676677489461
1676677488635,1676677489545
1676677488535,1676677489561
1676677487703,1676677489570
1676677487871,1676677489681
1676677488566,1676677489797
1676677488710,1676677489801
1676677488775,1676677489845
1676677488659,1676677489857
1676677488593,1676677489885
1676677488399,1676677489925
1676677488627,1676677489961
1676677488495,1676677490129
1676677488991,1676677490133
1676677488471,1676677490137
1676677488863,1676677490153
1676677488991,1676677490157
1676677488279,1676677490181
1676677488663,1676677490214
1676677488991,1676677490220
1676677489083,1676677490241
1676677488823,1676677490241
1676677488311,1676677490256
1676677489079,1676677490305
1676677488771,1676677490313
1676677489335,1676677490333
1676677489400,1676677490538
1676677489371,1676677490605
1676677489563,1676677490609
1676677489204,1676677490633
1676677489463,1676677490665
1676677489151,1676677490701
1676677489406,1676677490733
1676677489051,1676677490737
1676677488851,1676677490741
1676677489683,1676677490829
1676677489847,1676677490869
1676677489227,1676677490897
1676677488967,1676677490905
1676677489119,1676677490937
1676677489580,1676677491009
1676677490159,1676677491101
1676677489547,1676677491101
1676677489335,1676677491113
1676677489802,1676677491134
1676677489887,1676677491181
1676677488875,1676677491189
1676677490216,1676677491273
1676677489963,1676677491309
1676677490259,1676677491337
1676677489572,1676677491345
1676677489803,1676677491361
1676677489858,1676677491493
1676677490183,1676677491501
1676677489231,1676677491501
1676677490222,1676677491525
1676677490308,1676677491525
1676677490135,1676677491565
1676677490243,1676677491605
1676677490316,1676677491669
1676677490155,1676677491681
1676677490607,1676677491769
1676677490611,1676677491793
1676677490540,1676677491845
1676677490739,1676677491865
1676677490635,1676677491889
1676677490132,1676677491917
1676677490743,1676677491961
1676677490335,1676677491977
1676677490139,1676677492013
1676677490243,1676677492069
1676677490899,1676677492105
1676677491103,1676677492109
1676677490735,1676677492109
1676677489927,1676677492117
1676677490907,1676677492125
1676677491183,1676677492273
1676677490667,1676677492329
1676677490831,1676677492397
1676677491115,1676677492454
1676677491683,1676677492501
1676677490703,1676677492565
1676677491136,1676677492589
1676677491311,1676677492605
1676677491363,1676677492625
1676677491014,1676677492705
1676677491598,1676677492785
1676677490871,1676677492821
1676677490939,1676677492844
1676677491527,1676677492861
1676677491103,1676677492921
1676677491495,1676677492925
1676677491567,1676677492969
1676677491890,1676677492989
1676677491607,1676677493001
1676677491503,1676677493021
1676677491503,1676677493041
1676677491275,1676677493049
1676677491867,1676677493077
1676677491527,1676677493133
1676677491339,1676677493145
1676677491191,1676677493161
1676677491347,1676677493201
1676677491963,1676677493285
1676677491919,1676677493309
1676677491771,1676677493325
1676677491671,1676677493337
1676677491979,1676677493349
1676677491847,1676677493433
1676677492015,1676677493481
1676677492127,1676677493489
1676677492107,1676677493497
1676677492119,1676677493541
1676677492111,1676677493561
1676677492071,1676677493605
1676677492457,1676677493633
1676677492503,1676677493649
1676677491794,1676677493665
1676677492567,1676677493668
1676677492399,1676677493741
1676677492926,1676677493742
1676677492610,1676677493791
1676677492707,1676677493817
1676677492275,1676677493853
1676677492923,1676677493961
1676677492111,1676677494073
1676677492971,1676677494133
1676677492607,1676677494179
1676677492846,1676677494217
1676677493051,1676677494241
1676677492790,1676677494253
1676677493003,1676677494253
1676677493023,1676677494433
1676677493079,1676677494457
1676677493435,1676677494513
1676677493135,1676677494537
1676677492991,1676677494593
1676677492823,1676677494617
1676677493339,1676677494625
1676677493163,1676677494669
1676677493043,1676677494669
1676677492591,1676677494681
1676677493563,1676677494693
1676677493203,1676677494741
1676677493651,1676677494789
1676677493287,1676677494817
1676677493543,1676677494821
1676677492331,1676677494925
1676677493147,1676677494957
1676677493499,1676677494981
1676677493483,1676677495001
1676677493855,1676677495045
1676677493351,1676677495049
1676677493669,1676677495057
1676677493666,1676677495065
1676677492863,1676677495065
1676677493625,1676677495097
1676677493819,1676677495121
1676677493607,1676677495149
1676677492626,1676677495177
1676677493327,1676677495281
1676677493311,1676677495284
1676677493797,1676677495293
1676677493963,1676677495309
1676677493743,1676677495353
1676677494181,1676677495397
1676677494243,1676677495405
1676677494075,1676677495481
1676677493744,1676677495585
1676677494219,1676677495613
1676677494255,1676677495632
1676677494255,1676677495653
1676677493635,1676677495653
1676677494435,1676677495689
1676677494619,1676677495745
1676677493491,1676677495801
1676677494671,1676677495810
1676677494135,1676677495813
1676677494819,1676677495837
1676677494683,1676677495841
1676677494671,1676677495925
1676677494539,1676677495933
1676677494695,1676677496009
1676677494459,1676677496021
1676677494959,1676677496105
1676677494823,1676677496133
1676677494627,1676677496141
1676677495151,1676677496205
1676677494743,1676677496237
1676677495283,1676677496309
1676677495123,1676677496329
1676677495179,1676677496337
1676677494515,1676677496337
1676677495051,1676677496341
1676677495355,1676677496401
1676677495483,1676677496404
1676677494595,1676677496441
1676677494791,1676677496469
1676677495047,1676677496517
1676677494983,1676677496541
1676677495103,1676677496601
1676677495059,1676677496641
1676677494927,1676677496785
1676677495287,1676677496877
1676677495803,1676677496901
1676677495067,1676677496945
1676677495655,1676677496985
1676677495587,1676677496997
1676677495935,1676677497037
1676677495067,1676677497057
1676677495296,1676677497061
1676677495311,1676677497077
1676677495407,1676677497097
1676677495812,1676677497125
1676677495691,1676677497129
1676677495643,1676677497157
1676677495655,1676677497197
1676677495634,1676677497201
1676677495399,1676677497205
1676677495839,1676677497205
1676677495615,1676677497213
1676677496023,1676677497245
1676677496107,1676677497389
1676677495003,1676677497421
1676677495747,1676677497453
1676677496238,1676677497461
1676677496311,1676677497509
1676677496135,1676677497561
1676677495843,1676677497593
1676677496331,1676677497609
1676677496403,1676677497641
1676677496011,1676677497645
1676677496339,1676677497653
1676677496519,1676677497753
1676677496207,1676677497757
1676677496339,1676677497777
1676677496406,1676677497805
1676677495927,1676677497805
1676677496643,1676677497853
1676677496987,1676677497933
1676677495815,1676677497957
1676677496143,1676677498009
1676677496543,1676677498029
1676677496343,1676677498037
1676677496787,1676677498153
1676677496998,1676677498173
1676677497059,1676677498201
1676677496879,1676677498209
1676677497203,1676677498229
1676677496653,1676677498285
1676677496603,1676677498309
1676677496903,1676677498349
1676677497163,1676677498353
1676677497039,1676677498373
1676677496947,1676677498385
1676677497079,1676677498401
1676677497207,1676677498449
1676677497131,1676677498481
1676677497247,1676677498489
1676677497215,1676677498518
1676677496443,1676677498549
1676677497099,1676677498585
1676677496471,1676677498621
1676677497063,1676677498693
1676677497563,1676677498765
1676677497759,1676677498801
1676677497595,1676677498809
1676677497855,1676677498837
1676677497455,1676677498861
1676677497391,1676677498861
1676677497422,1676677498961
1676677497643,1676677498977
1676677497127,1676677498991
1676677497199,1676677498993
1676677497667,1676677498997
1676677497463,1676677499017
1676677497511,1676677499037
1676677497611,1676677499073
1676677497935,1676677499103
1676677497779,1676677499125
1676677497807,1676677499165
1676677497755,1676677499197
1676677497959,1676677499261
1676677497648,1676677499269
1676677497654,1676677499329
1676677497207,1676677499361
1676677498155,1676677499405
1676677498210,1676677499405
1676677498031,1676677499417
1676677498231,1676677499433
1676677498695,1676677499465
1676677498203,1676677499549
1676677497807,1676677499597
1676677498491,1676677499605
1676677498355,1676677499621
1676677498290,1676677499745
1676677498039,1676677499777
1676677498387,1676677499793
1676677498175,1676677499797
1676677498403,1676677499845
1676677498624,1676677499853
1676677498863,1676677499897
1676677498483,1676677499897
1676677498375,1676677499933
1676677498311,1676677499937
1676677498995,1676677499945
1676677498811,1676677500037
1676677498839,1676677500041
1676677498587,1676677500057
1676677498863,1676677500089
1676677499039,1676677500105
1676677498767,1676677500133
1676677498451,1676677500169
1676677498351,1676677500181
1676677498011,1676677500213
1676677498963,1676677500213
1676677498803,1676677500317
1676677498994,1676677500325
1676677498979,1676677500386
1676677498551,1676677500393
1676677499126,1676677500417
1676677499419,1676677500437
1676677499167,1676677500457
1676677498520,1676677500494
1676677499363,1676677500529
1676677499199,1676677500533
1676677499019,1676677500574
1676677499607,1676677500585
1676677499263,1676677500609
1676677499105,1676677500609
1676677499331,1676677500665
1676677499003,1676677500677
1676677499407,1676677500705
1676677499075,1676677500716
1676677499779,1676677500789
1676677499551,1676677500797
1676677499271,1676677500821
1676677499407,1676677500829
1676677499623,1676677500853
1676677499467,1676677500897
1676677499599,1676677500953
1676677499899,1676677501001
1676677499947,1676677501017
1676677499935,1676677501021
1676677499435,1676677501093
1676677499747,1676677501161
1676677499899,1676677501169
1676677499847,1676677501241
1676677500091,1676677501273
1676677500039,1676677501273
1676677499939,1676677501341
1676677500135,1676677501393
1676677500183,1676677501432
1676677499855,1676677501553
1676677500395,1676677501573
1676677499689,1676677501633
1676677499795,1676677501649
1676677500496,1676677501653
1676677500327,1676677501717
1676677499798,1676677501733
1676677500319,1676677501741
1676677500171,1676677501745
1676677500107,1676677501777
1676677500214,1676677501813
1676677500215,1676677501837
1676677500707,1676677501861
1676677500388,1676677501881
1676677500439,1676677501949
1676677500668,1676677501957
1676677500717,1676677501957
1676677500043,1676677502065
1676677501019,1676677502077
1676677501003,1676677502085
1676677500899,1676677502085
1676677500576,1676677502121
1676677500459,1676677502161
1676677500679,1676677502269
1676677500611,1676677502269
1676677500955,1676677502317
1676677500059,1676677502317
1676677500611,1676677502337
1676677500855,1676677502449
1676677501095,1676677502473
1676677500831,1676677502485
1676677501275,1676677502493
1676677500799,1676677502493
1676677500419,1676677502501
1676677500587,1676677502505
1676677501275,1676677502509
1676677500531,1676677502529
1676677501343,1676677502569
1676677501023,1676677502621
1676677500823,1676677502709
1676677500535,1676677502709
1676677501163,1676677502757
1676677500791,1676677502797
1676677501863,1676677502813
1676677501434,1676677502821
1676677501575,1676677502829
1676677501171,1676677502837
1676677501650,1676677502913
1676677501735,1676677502925
1676677500703,1676677502941
1676677501746,1676677503021
1676677501883,1676677503033
1676677501778,1676677503045
1676677501959,1676677503086
1676677501243,1676677503093
1676677501839,1676677503133
1676677501742,1676677503133
1676677501554,1676677503157
1676677501655,1676677503162
1676677501814,1676677503193
1676677502086,1676677503257
1676677501395,1676677503301
1676677501719,1676677503328
1676677502319,1676677503349
1676677502510,1676677503369
1676677501959,1676677503393
1676677501638,1676677503429
1676677502123,1676677503557
1676677502319,1676677503589
1676677502339,1676677503597
1676677502079,1676677503609
1676677502495,1676677503649
1676677502066,1676677503690
1676677502271,1676677503721
1676677502711,1676677503749
1676677502086,1676677503769
1676677502475,1676677503780
1676677502487,1676677503785
1676677502571,1676677503837
1676677502495,1676677503889
1676677502799,1676677503897
1676677502503,1676677503913
1676677501951,1676677503921
1676677502451,1676677503921
1676677502839,1676677503957
1676677502927,1676677504097
1676677502759,1676677504129
1676677502815,1676677504141
1676677502711,1676677504165
1676677502271,1676677504181
1676677503047,1676677504236
1676677503164,1676677504253
1676677502719,1676677504261
1676677503035,1676677504345
1676677502623,1676677504373
1676677503088,1676677504389
1676677502162,1676677504441
1676677503159,1676677504461
1676677502914,1676677504465
1676677503303,1676677504473
1676677503135,1676677504481
1676677502506,1676677504481
1676677503195,1676677504529
1676677502531,1676677504553
1676677503095,1676677504597
1676677503023,1676677504629
1676677503395,1676677504688
1676677503599,1676677504689
1676677503431,1676677504701
1676677503259,1676677504717
1676677502831,1676677504725
1676677503135,1676677504817
1676677502946,1676677504845
1676677503330,1676677504853
1676677503959,1676677504933
1676677503787,1676677504953
1676677503591,1676677504969
1676677503371,1676677504973
1676677502823,1676677504977
1676677503651,1676677504981
1676677503611,1676677505045
1676677503751,1676677505061
1676677503351,1676677505137
1676677503839,1676677505141
1676677503723,1676677505149
1676677503899,1676677505169
1676677503923,1676677505181
1676677503782,1676677505205
1676677504099,1676677505229
1676677503771,1676677505233
1676677503692,1676677505253
1676677503732,1676677505301
1676677503923,1676677505377
1676677504183,1676677505381
1676677504131,1676677505397
1676677504443,1676677505437
1676677504143,1676677505499
1676677503915,1676677505569
1676677503891,1676677505617
1676677504267,1676677505637
1676677504483,1676677505679
1676677504463,1676677505717
1676677504255,1676677505721
1676677504555,1676677505721
1676677504483,1676677505745
1676677504467,1676677505793
1676677504599,1676677505805
1676677504167,1676677505901
1676677504531,1676677505917
1676677504690,1676677505933
1676677504691,1676677505977
1676677504818,1676677505985
1676677504347,1676677506041
1676677504375,1676677506093
1676677504391,1676677506101
1676677504979,1676677506133
1676677505139,1676677506141
1676677504983,1676677506145
1676677504703,1676677506181
1676677504847,1676677506205
1676677504719,1676677506249
1676677503559,1676677506257
1676677505399,1676677506293
1676677504955,1676677506325
1676677505063,1676677506332
1676677504971,1676677506345
1676677504238,1676677506353
1676677505047,1676677506369
1676677505231,1676677506509
1676677504975,1676677506529
1676677505183,1676677506605
1676677504935,1676677506629
1676677505439,1676677506641
1676677504631,1676677506642
1676677505151,1676677506705
1676677504726,1676677506709
1676677505501,1676677506717
1676677505235,1676677506745
1676677504855,1676677506781
1676677505619,1676677506785
1676677505719,1676677506785
1676677505171,1676677506801
1676677505307,1676677506809
1676677505379,1676677506869
1676677504475,1676677506872
1676677505255,1676677506941
1676677505143,1676677506949
1676677505571,1676677506977
1676677506183,1676677507033
1676677506095,1676677507037
1676677506143,1676677507073
1676677505795,1676677507129
1676677505723,1676677507133
1676677505747,1676677507193
1676677505723,1676677507233
1676677505639,1676677507248
1676677506135,1676677507249
1676677506251,1676677507257
1676677505806,1676677507329
1676677505383,1676677507341
1676677505978,1676677507346
1676677505747,1676677507349
1676677505681,1676677507453
1676677505919,1676677507473
1676677505903,1676677507497
1676677506334,1676677507505
1676677505207,1676677507525
1676677506371,1676677507577
1676677506811,1676677507593
1676677506043,1676677507601
1676677505987,1676677507657
1676677506643,1676677507681
1676677506719,1676677507701
1676677506511,1676677507712
1676677506355,1676677507769
1676677506259,1676677507773
1676677505935,1676677507813
1676677506207,1676677507937
1676677506531,1676677507961
1676677506327,1676677508073
1676677506874,1676677508073
1676677506347,1676677508081
1676677506103,1676677508082
1676677506951,1676677508089
1676677506711,1676677508105
1676677506295,1676677508161
1676677506787,1676677508185
1676677506607,1676677508277
1676677506707,1676677508321
1676677506803,1676677508345
1676677506871,1676677508357
1676677506147,1676677508377
1676677507131,1676677508393
1676677507039,1676677508405
1676677506761,1676677508425
1676677507347,1676677508453
1676677506631,1676677508465
1676677507235,1676677508481
1676677507075,1676677508485
1676677506979,1676677508533
1676677507251,1676677508597
1676677507036,1676677508613
1676677507343,1676677508665
1676677507195,1676677508689
1676677506747,1676677508709
1676677507499,1676677508737
1676677506783,1676677508761
1676677507259,1676677508772
1676677506787,1676677508773
1676677507603,1676677508829
1676677506943,1676677508841
1676677507683,1676677508861
1676677507714,1676677508909
1676677507815,1676677508937
1676677507475,1676677508981
1676677507527,1676677508985
1676677507579,1676677508989
1676677507456,1676677509050
1676677507250,1676677509053
1676677508163,1676677509073
1676677506643,1676677509077
1676677507771,1676677509077
1676677508379,1676677509133
1676677507330,1676677509137
1676677507659,1676677509149
1676677507355,1676677509185
1676677507135,1676677509233
1676677507775,1676677509289
1676677507507,1676677509305
1676677507963,1676677509330
1676677508359,1676677509345
1676677508075,1676677509405
1676677508483,1676677509425
1676677508395,1676677509473
1676677507939,1676677509477
1676677508091,1676677509485
1676677508187,1676677509485
1676677508323,1676677509497
1676677508467,1676677509546
1676677508347,1676677509669
1676677508535,1676677509701
1676677507595,1676677509717
1676677507703,1676677509725
1676677508083,1676677509733
1676677508075,1676677509737
1676677508107,1676677509745
1676677508615,1676677509753
1676677508083,1676677509831
1676677508711,1676677509853
1676677508455,1676677509881
1676677508487,1676677509901
1676677508667,1676677509905
1676677508407,1676677509909
1676677508279,1676677509909
1676677508599,1676677509925
1676677508775,1676677509937
1676677508843,1676677510013
1676677508691,1676677510093
1676677508763,1676677510117
1676677508739,1676677510117
1676677509052,1676677510161
1676677508983,1676677510197
1676677509075,1676677510225
1676677508778,1676677510245
1676677508939,1676677510249
1676677508991,1676677510261
1676677508430,1676677510301
1676677509079,1676677510313
1676677509187,1676677510385
1676677509407,1676677510429
1676677508911,1676677510449
1676677509135,1676677510501
1676677509307,1676677510513
1676677508831,1676677510549
1676677509079,1676677510581
1676677509055,1676677510625
1676677509347,1676677510629
1676677509235,1676677510665
1676677509139,1676677510669
1676677509151,1676677510697
1676677509747,1676677510717
1676677508775,1676677510749
1676677509499,1676677510753
1676677509719,1676677510765
1676677509292,1676677510777
1676677509487,1676677510781
1676677508987,1676677510845
1676677508863,1676677510945
1676677509735,1676677510953
1676677509703,1676677510957
1676677509479,1676677510983
1676677509671,1676677510985
1676677509548,1676677510990
1676677510095,1676677511021
1676677509927,1676677511081
1676677509907,1676677511081
1676677509332,1676677511081
1676677509475,1676677511109
1676677509911,1676677511113
1676677510199,1676677511157
1676677509883,1676677511173
1676677509739,1676677511225
1676677509427,1676677511241
1676677509487,1676677511253
1676677510119,1676677511273
1676677509727,1676677511293
1676677509911,1676677511304
1676677510227,1676677511369
1676677509755,1676677511373
1676677510303,1676677511401
1676677509939,1676677511401
1676677509903,1676677511500
1676677509855,1676677511501
1676677510515,1676677511561
1676677510315,1676677511585
1676677510263,1676677511605
1676677510451,1676677511621
1676677509833,1676677511657
1676677510431,1676677511661
1676677510387,1676677511677
1676677510015,1676677511701
1676677510163,1676677511785
1676677510631,1676677511850
1676677510550,1676677511857
1676677510582,1676677511885
1676677510251,1676677511953
1676677510699,1676677512045
1676677510755,1676677512057
1676677510667,1676677512065
1676677510798,1676677512153
1676677510947,1676677512177
1676677511083,1676677512189
1676677510719,1676677512197
1676677510782,1676677512198
1676677510251,1676677512225
1676677510767,1676677512253
1676677510779,1676677512266
1676677510502,1676677512285
1676677510987,1676677512313
1676677510985,1676677512349
1676677510955,1676677512349
1676677510627,1676677512429
1676677510992,1676677512517
1676677511243,1676677512525
1676677510847,1676677512553
1676677511306,1676677512653
1676677511227,1676677512677
1676677511623,1676677512681
1676677510751,1676677512771
1676677511275,1676677512777
1676677511587,1676677512801
1676677511375,1676677512837
1676677511502,1676677512865
1676677511083,1676677512865
1676677511023,1676677512873
1676677511503,1676677512917
1676677510959,1676677512937
1676677511371,1676677512941
1676677510670,1676677512969
1676677511659,1676677512997
1676677511403,1676677513005
1676677511255,1676677513017
1676677511115,1676677513153
1676677511083,1676677513153
1676677511175,1676677513153
1676677511787,1676677513161
1676677511403,1676677513177
1676677511703,1676677513193
1676677511679,1676677513249
1676677511607,1676677513253
1676677511295,1676677513277
1676677510119,1676677513281
1676677511562,1676677513312
1676677511159,1676677513325
1676677511111,1676677513329
1676677512191,1676677513341
1676677512047,1676677513389
1676677512059,1676677513413
1676677511858,1676677513445
1676677511663,1676677513477
1676677511852,1676677513493
1676677512431,1676677513501
1676677512287,1676677513501
1676677512255,1676677513633
1676677512555,1676677513673
1676677512067,1676677513673
1676677512268,1676677513681
1676677512179,1676677513685
1676677511887,1676677513709
1676677511955,1676677513729
1676677512351,1676677513736
1676677512683,1676677513849
1676677513007,1676677513849
1676677512199,1676677513877
1676677512867,1676677513889
1676677512315,1676677513893
1676677512227,1676677513901
1676677512803,1676677513917
1676677512159,1676677513929
1676677512867,1676677514029
1676677512655,1676677514041
1676677512201,1676677514061
1676677512779,1676677514149
1676677512679,1676677514161
1676677512971,1676677514173
1676677513278,1676677514213
1676677512919,1676677514221
1676677512939,1676677514229
1676677513155,1676677514261
1676677512817,1676677514265
1676677512875,1676677514273
1676677512527,1676677514321
1676677512773,1676677514377
1676677512999,1676677514425
1676677512351,1676677514493
1676677513343,1676677514497
1676677513195,1676677514521
1676677513327,1676677514561
1676677513283,1676677514577
1676677513163,1676677514577
1676677513179,1676677514645
1676677512839,1676677514685
1676677512519,1676677514685
1676677513331,1676677514721
1676677513683,1676677514788
1676677513478,1676677514801
1676677513415,1676677514833
1676677513635,1676677514833
1676677513255,1676677514845
1676677513155,1676677514849
1676677513391,1676677514861
1676677513251,1676677514865
1676677513503,1676677514869
1676677513738,1676677514873
1676677513155,1676677514877
1676677513919,1676677514897
1676677513903,1676677514909
1676677513504,1676677514921
1676677513495,1676677514941
1676677513851,1676677514949
1676677513447,1676677514989
1676677513019,1676677514993
1676677512943,1676677515025
1676677513931,1676677515053
1676677513687,1676677515061
1676677513314,1676677515117
1676677513731,1676677515153
1676677514223,1676677515177
1676677513851,1676677515198
1676677514163,1676677515217
1676677513675,1676677515257
1676677513891,1676677515329
1676677514230,1676677515385
1676677514151,1676677515397
1676677513895,1676677515433
1676677514031,1676677515437
1676677513675,1676677515453
1676677513879,1676677515473
1676677514043,1676677515546
1676677514175,1676677515549
1676677513711,1676677515629
1676677514835,1676677515661
1676677514378,1676677515677
1676677514579,1676677515681
1676677514322,1676677515705
1676677514270,1676677515729
1676677514427,1676677515797
1676677514499,1676677515801
1676677514803,1676677515805
1676677514522,1676677515821
1676677514262,1676677515825
1676677514686,1676677515901
1676677514274,1676677515905
1676677514495,1676677515945
1676677514646,1676677515945
1676677514687,1676677515953
1676677514995,1676677515977
1676677514867,1676677516053
1676677514214,1676677516093
1676677514870,1676677516201
1676677514064,1676677516213
1676677514875,1676677516221
1676677514922,1676677516245
1676677514722,1676677516253
1676677514943,1676677516265
1676677514846,1676677516313
1676677514911,1676677516345
1676677515219,1676677516361
1676677515027,1676677516429
1676677515055,1676677516437
1676677514899,1676677516481
1676677514862,1676677516537
1676677514563,1676677516569
1676677515259,1676677516585
1676677515399,1676677516633
1676677514579,1676677516685
1676677515155,1676677516685
1676677514790,1676677516690
1676677514878,1676677516733
1676677515679,1676677516757
1676677514990,1676677516793
1676677514834,1676677516873
1676677515387,1676677516881
1676677515731,1676677516881
1676677515803,1676677516925
1676677514850,1676677516925
1676677515551,1676677516929
1676677515331,1676677516945
1676677515455,1676677517069
1676677515439,1676677517073
1676677516203,1676677517089
1676677515663,1676677517093
1676677515683,1676677517124
1676677514950,1676677517125
1676677515201,1676677517129
1676677515946,1676677517185
1676677514832,1676677517213
1676677516055,1676677517228
1676677515827,1676677517233
1676677515179,1676677517241
1676677515063,1676677517246
1676677515799,1676677517265
1676677515435,1676677517277
1676677515707,1676677517293
1676677515902,1676677517309
1676677515119,1676677517314
1676677515631,1676677517361
1676677515823,1676677517389
1676677515475,1676677517405
1676677515954,1676677517425
1676677516315,1676677517489
1676677516094,1676677517509
1676677516223,1676677517509
1676677515946,1676677517537
1676677515979,1676677517549
1676677516215,1676677517565
1676677515548,1676677517649
1676677516267,1676677517661
1676677516439,1676677517678
1676677516539,1676677517709
1676677516247,1676677517713
1676677516692,1676677517801
1676677515907,1676677517817
1676677516759,1676677517877
1676677516687,1676677517917
1676677516363,1676677517937
1676677516587,1676677517953
1676677516571,1676677517977
1676677515807,1676677518017
1676677516927,1676677518081
1676677516853,1676677518135
1676677516635,1676677518141
1676677516255,1676677518149
1676677516483,1676677518173
1676677516875,1676677518189
1676677516883,1676677518193
1676677517126,1676677518225
1676677516687,1676677518229
1676677516927,1676677518241
1676677517491,1676677518265
1676677516882,1676677518342
1676677517131,1676677518394
1676677516431,1676677518413
1676677516347,1676677518413
1676677516735,1676677518441
1676677517279,1676677518449
1676677517187,1676677518457
1676677517316,1676677518482
1676677516946,1676677518485
1676677517095,1676677518525
1676677517248,1676677518533
1676677517715,1676677518553
1676677517091,1676677518573
1676677517267,1676677518605
1676677517230,1676677518613
1676677517127,1676677518645
1676677517071,1676677518645
1676677517567,1676677518645
1676677517243,1676677518665
1676677517295,1676677518737
1676677517511,1676677518739
1676677517539,1676677518753
1676677517218,1676677518789
1676677516794,1676677518829
1676677517663,1676677518857
1676677517235,1676677518873
1676677517075,1676677518881
1676677516930,1676677518905
1676677517651,1676677518941
1676677517407,1676677518953
1676677517311,1676677518961
1676677518195,1676677518997
1676677517510,1676677519025
1676677517711,1676677519045
1676677517819,1676677519069
1676677517427,1676677519073
1676677517391,1676677519077
1676677518143,1676677519101
1676677517681,1676677519133
1676677518227,1676677519137
1676677517955,1676677519209
1676677517938,1676677519229
1676677518082,1676677519241
1676677517551,1676677519361
1676677517803,1676677519401
1676677517979,1676677519429
1676677518396,1676677519437
1676677518141,1676677519441
1676677518459,1676677519452
1676677518487,1676677519493
1676677518231,1676677519517
1676677518019,1676677519577
1676677518151,1676677519589
1676677518243,1676677519605
1676677518555,1676677519613
1676677518443,1676677519685
1676677518527,1676677519693
1676677517363,1676677519749
1676677518191,1676677519753
1676677517879,1676677519773
1676677518267,1676677519773
1676677518791,1676677519857
1676677518615,1676677519916
1676677518667,1676677519925
1676677518175,1676677519933
1676677518575,1676677519985
1676677518344,1676677520017
1676677518859,1676677520057
1676677518830,1676677520073
1676677518943,1676677520101
1676677518451,1676677520125
1676677518647,1676677520169
1676677518535,1676677520177
1676677519135,1676677520185
1676677518607,1676677520205
1676677518955,1676677520317
1676677518875,1676677520341
1676677518963,1676677520341
1676677519071,1676677520355
1676677518999,1676677520373
1676677519047,1676677520401
1676677518883,1676677520401
1676677519231,1676677520529
1676677518739,1676677520533
1676677517919,1676677520565
1676677518647,1676677520585
1676677519211,1676677520587
1676677519431,1676677520597
1676677519454,1676677520610
1676677518647,1676677520629
1676677518906,1676677520633
1676677518755,1676677520641
1676677518415,1676677520673
1676677519607,1676677520681
1676677519027,1676677520689
1676677518415,1676677520717
1676677519363,1676677520733
1676677519139,1676677520793
1676677519443,1676677520797
1676677519519,1676677520837
1676677519075,1676677520893
1676677519439,1676677520908
1676677519103,1676677520913
1676677519868,1676677520921
1676677519243,1676677520925
1676677518484,1676677520932
1676677518741,1676677520997
1676677519579,1676677521065
1676677519079,1676677521078
1676677519495,1676677521097
1676677519750,1676677521141
1676677520019,1676677521157
1676677519403,1676677521158
1676677519775,1676677521205
1676677519615,1676677521205
1676677520127,1676677521273
1676677519917,1676677521301
1676677519926,1676677521329
1676677520059,1676677521357
1676677520357,1676677521385
1676677520171,1676677521409
1676677520343,1676677521425
1676677520179,1676677521425
1676677520187,1676677521425
1676677519694,1676677521433
1676677519591,1676677521433
1676677520319,1676677521457
1676677520535,1676677521625
1676677520375,1676677521645
1676677519775,1676677521669
1676677520103,1676677521693
1676677520589,1676677521737
1676677520403,1676677521745
1676677519859,1676677521753
1676677520531,1676677521873
1676677519754,1676677521873
1676677520343,1676677521893
1676677520207,1676677521929
1676677520599,1676677521937
1676677520403,1676677521949
1676677520895,1676677521957
1676677519987,1676677521973
1676677519935,1676677521993
1676677520635,1676677521997
1676677519687,1676677522041
1676677520631,1676677522061
1676677520075,1676677522093
1676677520643,1676677522097
1676677521207,1676677522107
1676677520927,1676677522117
1676677520612,1676677522145
1676677520915,1676677522157
1676677520675,1676677522161
1676677520735,1676677522169
1676677520799,1676677522253
1676677520587,1676677522269
1676677520927,1676677522269
1676677521427,1676677522277
1676677521080,1676677522357
1676677520999,1676677522397
1676677520795,1676677522417
1676677521303,1676677522421
1676677521427,1676677522425
1676677520567,1676677522429
1676677521387,1676677522453
1676677520719,1676677522481
1676677520934,1676677522500
1676677520683,1676677522545
1676677521359,1676677522565
1676677521160,1676677522565
1676677521755,1676677522577
1676677520839,1676677522629
1676677521099,1676677522677
1676677521067,1676677522701
1676677521275,1676677522709
1676677521874,1676677522729
1676677521331,1676677522733
1676677521160,1676677522765
1676677521435,1676677522781
1676677521143,1676677522781
1676677520691,1676677522813
1676677521207,1676677522885
1676677521459,1676677522897
1676677520910,1676677522929
1676677521747,1676677522957
1676677521975,1676677523021
1676677521875,1676677523037
1676677521435,1676677523089
1676677521411,1676677523089
1676677521647,1676677523097
1676677522099,1676677523153
1676677521950,1676677523161
1676677522095,1676677523241
1676677521959,1676677523281
1676677521695,1676677523305
1676677522163,1676677523361
1676677521931,1676677523393
1676677521671,1676677523453
1676677521739,1676677523469
1676677522272,1676677523509
1676677521995,1676677523537
1676677522110,1676677523585
1676677522430,1676677523593
1676677522455,1676677523593
1676677522767,1676677523597
1676677522063,1676677523609
1676677522482,1676677523637
1676677522427,1676677523649
1676677522359,1676677523713
1676677522783,1676677523725
1676677522171,1676677523764
1676677521998,1676677523809
1676677522159,1676677523813
1676677522119,1676677523833
1676677522419,1676677523861
1676677521427,1676677523901
1676677522679,1676677523937
1676677522271,1676677523965
1676677521895,1676677523969
1676677522279,1676677523977
1676677522147,1676677523985
1676677521627,1676677524001
1676677522043,1676677524001
1676677522711,1676677524037
1676677522567,1676677524053
1676677522501,1676677524061
1676677522735,1676677524073
1676677522898,1676677524097
1676677522703,1676677524097
1676677522399,1676677524133
1676677522567,1676677524133
1676677522887,1676677524141
1676677522783,1676677524145
1676677522256,1676677524149
1676677522631,1676677524161
1676677522888,1676677524189
1676677522578,1676677524237
1676677522546,1676677524241
1676677522815,1676677524277
1676677523091,1676677524341
1676677523099,1676677524345
1676677521939,1676677524345
1676677523155,1676677524349
1676677523243,1676677524377
1676677523091,1676677524377
1676677523023,1676677524417
1676677522730,1676677524429
1676677522959,1676677524441
1676677523395,1676677524489
1676677523283,1676677524497
1676677522423,1676677524497
1676677523595,1676677524557
1676677523651,1676677524713
1676677523539,1676677524757
1676677523038,1676677524786
1676677523471,1676677524809
1676677523811,1676677524829
1676677523611,1676677524885
1676677522930,1676677524913
1676677523815,1676677524925
1676677523511,1676677524941
1676677523587,1676677524968
1676677523363,1676677525009
1676677523727,1676677525009
1676677523903,1676677525033
1676677523455,1676677525106
1676677523863,1676677525145
1676677523599,1676677525150
1676677524099,1676677525165
1676677524351,1676677525173
1676677524003,1676677525173
1676677524075,1676677525173
1676677523163,1676677525297
1676677524055,1676677525305
1676677523595,1676677525317
1676677524163,1676677525345
1676677523971,1676677525385
1676677524239,1676677525413
1676677523307,1676677525433
1676677523639,1676677525445
1676677524195,1676677525453
1676677524099,1676677525462
1676677524379,1676677525477
1676677524243,1676677525489
1676677524343,1676677525537
1676677523766,1676677525581
1676677524147,1676677525593
1676677524347,1676677525597
1676677523715,1676677525621
1676677524347,1676677525621
1676677524063,1676677525625
1676677524143,1676677525661
1676677523987,1676677525677
1676677523967,1676677525733
1676677524135,1676677525761
1676677523979,1676677525836
1676677524135,1676677525861
1676677524151,1676677525877
1676677524788,1676677525912
1676677524003,1676677525917
1676677524491,1676677525917
1676677524831,1676677525933
1676677524443,1676677525985
1676677524927,1676677526036
1676677524499,1676677526057
1676677524969,1676677526061
1676677524715,1676677526137
1676677524431,1676677526141
1676677524039,1676677526189
1676677523835,1676677526209
1676677524419,1676677526217
1676677525147,1676677526225
1676677524915,1676677526249
1676677524811,1676677526254
1676677525167,1676677526265
1676677524887,1676677526281
1676677524499,1676677526305
1676677525011,1676677526313
1676677525447,1676677526345
1676677525175,1676677526353
1676677524559,1676677526461
1676677523939,1676677526485
1676677525307,1676677526509
1676677525011,1676677526514
1676677524759,1676677526545
1676677524943,1676677526569
1676677525175,1676677526609
1676677524379,1676677526626
1676677524279,1676677526629
1676677525539,1676677526645
1676677525478,1676677526657
1676677525464,1676677526685
1676677525152,1676677526713
1676677525175,1676677526745
1676677525455,1676677526747
1676677525347,1676677526773
1676677525034,1676677526789
1676677525663,1676677526817
1676677525387,1676677526849
1676677525879,1676677526872
1676677525435,1676677526873
1676677525599,1676677526877
1676677525623,1676677526901
1676677525627,1676677526909
1676677525583,1676677526941
1676677525679,1676677526969
1676677525108,1676677526997
1676677525319,1676677527016
1676677525299,1676677527025
1676677525919,1676677527045
1676677525415,1676677527045
1676677525595,1676677527097
1676677525914,1676677527105
1676677525863,1676677527113
1676677525986,1676677527117
1676677525763,1676677527125
1676677525623,1676677527181
1676677525491,1676677527181
1676677525919,1676677527189
1676677525736,1676677527197
1676677526059,1676677527217
1676677525935,1676677527245
1676677526038,1676677527313
1676677526251,1676677527374
1676677525838,1676677527381
1676677526283,1676677527533
1676677526227,1676677527565
1676677526191,1676677527585
1676677526463,1676677527633
1676677526211,1676677527670
1676677526256,1676677527693
1676677526517,1676677527697
1676677526143,1676677527697
1676677526355,1676677527717
1676677526219,1676677527757
1676677526749,1676677527785
1676677526063,1676677527789
1676677526347,1676677527837
1676677526910,1676677527857
1676677526687,1676677527881
1676677526631,1676677527900
1676677526511,1676677527925
1676677526547,1676677527930
1676677526611,1676677527957
1676677526715,1676677527965
1676677526851,1676677527965
1676677526571,1676677527969
1676677526819,1676677527985
1676677526647,1676677528032
1676677526658,1676677528037
1676677526139,1676677528041
1676677526267,1676677528109
1676677526307,1676677528117
1676677527115,1676677528153
1676677526627,1676677528157
1676677526874,1676677528173
1676677526774,1676677528224
1676677527047,1676677528239
1676677527018,1676677528261
1676677527119,1676677528301
1676677526791,1676677528338
1676677527099,1676677528345
1676677526875,1676677528369
1676677526999,1676677528376
1676677526903,1676677528381
1676677526747,1676677528421
1676677526315,1676677528425
1676677526971,1676677528461
1676677527047,1676677528470
1676677526943,1676677528479
1676677526879,1676677528505
1676677527126,1676677528509
1676677527383,1676677528554
1676677527183,1676677528565
1676677526487,1676677528609
1676677527191,1676677528745
1676677527671,1676677528749
1676677527183,1676677528765
1676677527588,1676677528773
1676677527199,1676677528773
1676677527788,1676677528789
1676677527107,1676677528809
1676677527635,1676677528817
1676677527376,1676677528825
1676677527695,1676677528861
1676677527027,1676677528897
1676677528039,1676677528897
1676677527247,1676677528913
1676677527535,1676677528945
1676677527315,1676677528977
1676677527971,1676677529061
1676677527883,1676677529073
1676677527839,1676677529077
1676677527699,1676677529093
1676677527759,1676677529130
1676677527959,1676677529133
1676677527567,1676677529149
1676677528155,1676677529201
1676677527987,1676677529229
1676677527219,1676677529249
1676677527927,1676677529253
1676677527859,1676677529265
1676677527791,1676677529333
1676677527916,1676677529333
1676677527901,1676677529340
1676677527967,1676677529353
1676677527967,1676677529389
1676677528034,1676677529401
1676677527932,1676677529409
1676677528303,1676677529422
1676677528263,1676677529457
1676677528226,1676677529469
1676677528043,1676677529493
1676677527718,1676677529493
1676677528119,1676677529517
1676677528241,1676677529529
1676677528175,1676677529549
1676677527699,1676677529569
1676677528371,1676677529573
1676677528383,1676677529581
1676677528111,1676677529581
1676677528347,1676677529697
1676677528423,1676677529713
1676677528472,1676677529753
1676677528810,1676677529789
1676677528378,1676677529801
1676677528159,1676677529817
1676677528747,1676677529837
1676677528567,1676677529885
1676677528426,1676677529889
1676677528556,1676677529894
1676677528507,1676677529905
1676677528775,1676677529916
1676677528481,1676677529933
1676677528827,1676677529977
1676677528791,1676677530017
1676677528339,1676677530029
1676677529063,1676677530093
1676677528463,1676677530113
1676677528766,1676677530209
1676677528863,1676677530210
1676677528899,1676677530213
1676677528915,1676677530213
1676677528611,1676677530277
1676677529079,1676677530281
1676677529203,1676677530297
1676677529075,1676677530349
1676677528775,1676677530369
1676677529135,1676677530401
1676677529459,1676677530433
1676677529403,1676677530441
1676677528511,1676677530441
1676677529251,1676677530457
1676677528899,1676677530457
1676677529231,1676677530573
1676677528819,1676677530577
1676677529267,1676677530637
1676677529151,1676677530661
1676677529095,1676677530661
1676677529338,1676677530673
1676677529411,1676677530757
1676677528979,1676677530761
1676677529424,1676677530777
1676677528750,1676677530809
1676677529132,1676677530813
1676677529335,1676677530821
1676677529355,1676677530845
1676677529495,1676677530856
1676677529342,1676677530869
1676677529495,1676677530869
1676677529575,1676677530893
1676677529583,1676677530905
1676677529391,1676677530945
1676677529755,1676677530965
1676677529519,1676677530973
1676677529551,1676677531001
1676677529698,1676677531005
1676677529715,1676677531045
1676677528946,1676677531057
1676677530019,1676677531105
1676677529471,1676677531161
1676677529571,1676677531165
1676677529818,1676677531181
1676677529887,1676677531205
1676677529255,1676677531229
1676677529907,1676677531233
1676677529583,1676677531301
1676677529791,1676677531321
1676677529935,1676677531325
1676677529531,1676677531373
1676677530212,1676677531429
1676677530279,1676677531445
1676677529839,1676677531449
1676677529896,1676677531452
1676677530115,1676677531533
1676677530095,1676677531554
1676677530763,1676677531557
1676677530211,1676677531590
1676677530371,1676677531602
1676677529918,1676677531725
1676677530283,1676677531738
1676677530351,1676677531745
1676677529891,1676677531749
1676677530215,1676677531753
1676677529803,1676677531769
1676677530459,1676677531805
1676677530215,1676677531817
1676677530435,1676677531853
1676677530299,1676677531861
1676677530443,1676677531885
1676677530675,1676677531901
1676677530759,1676677531905
1676677530639,1676677531905
1676677530575,1676677531973
1676677530459,1676677531989
1676677530663,1676677532017
1676677530975,1676677532017
1676677530579,1676677532061
1676677530663,1676677532069
1676677530858,1676677532070
1676677530031,1676677532089
1676677530779,1676677532113
1676677530907,1676677532125
1676677531003,1676677532141
1676677530815,1676677532205
1676677530847,1676677532237
1676677530811,1676677532237
1676677530403,1676677532257
1676677531058,1676677532261
1676677530443,1676677532265
1676677531235,1676677532301
1676677530895,1676677532333
1676677530823,1676677532337
1676677530947,1676677532417
1676677531535,1676677532441
1676677529979,1676677532445
1676677530871,1676677532489
1676677531106,1676677532513
1676677531323,1676677532561
1676677530871,1676677532561
1676677531447,1676677532561
1676677530967,1676677532573
1676677531182,1676677532593
1676677531451,1676677532605
1676677531604,1676677532625
1676677531047,1676677532633
1676677531559,1676677532634
1676677531431,1676677532705
1676677531454,1676677532749
1676677531006,1676677532781
1676677531207,1676677532817
1676677531750,1676677532845
1676677531303,1676677532850
1676677531592,1676677532853
1676677531166,1676677532921
1676677531163,1676677532945
1676677531375,1676677532957
1676677531887,1676677533029
1676677531231,1676677533029
1676677532063,1676677533029
1676677532091,1676677533081
1676677531327,1676677533109
1676677531747,1676677533117
1676677531740,1676677533153
1676677531907,1676677533153
1676677531727,1676677533201
1676677531855,1676677533245
1676677531903,1676677533273
1676677531555,1676677533281
1676677531863,1676677533313
1676677532019,1676677533357
1676677531755,1676677533401
1676677531819,1676677533485
1676677532303,1676677533485
1676677532143,1676677533485
1676677532115,1676677533497
1676677532239,1676677533509
1676677531975,1676677533537
1676677532419,1676677533581
1676677531991,1676677533609
1676677531907,1676677533617
1676677532019,1676677533653
1676677532707,1676677533657
1676677531771,1676677533677
1676677532258,1676677533725
1676677532607,1676677533729
1676677532127,1676677533741
1676677532239,1676677533749
1676677532820,1676677533781
1676677532491,1676677533821
1676677532206,1676677533849
1676677532636,1676677533850
1676677532071,1676677533853
1676677532563,1676677533877
1676677532563,1676677533897
1676677531807,1676677533917
1676677532515,1676677533949
1676677532443,1676677533949
1676677532267,1676677533993
1676677532595,1676677533997
1676677532635,1676677534009
1676677532923,1676677534017
1676677532447,1676677534045
1676677533275,1676677534057
1676677532852,1676677534069
1676677532751,1676677534089
1676677532072,1676677534097
1676677532335,1676677534129
1676677532627,1676677534158
1676677532783,1676677534161
1676677532563,1676677534186
1676677532263,1676677534221
1676677532847,1676677534262
1676677532959,1676677534289
1676677533030,1676677534373
1676677533155,1676677534397
1676677532947,1676677534417
1676677533486,1676677534457
1676677532855,1676677534457
1676677533031,1676677534493
1676677533203,1676677534505
1676677533283,1676677534533
1676677532339,1676677534545
1676677533247,1676677534593
1676677533111,1676677534601
1676677532575,1676677534609
1676677533315,1676677534621
1676677533083,1676677534625
1676677533487,1676677534633
1676677533583,1676677534729
1676677533119,1676677534861
1676677533679,1676677534865
1676677533823,1676677534909
1676677533783,1676677534977
1676677533359,1676677535006
1676677533851,1676677535025
1676677533951,1676677535037
1676677533619,1676677535073
1676677533655,1676677535077
1676677533659,1676677535201
1676677533402,1676677535229
1676677533852,1676677535257
1676677534019,1676677535287
1676677533031,1676677535293
1676677533751,1676677535313
1676677534047,1676677535317
1676677533743,1676677535345
1676677533731,1676677535349
1676677533487,1676677535389
1676677534091,1676677535405
1676677534011,1676677535413
1676677533539,1676677535461
1676677533879,1676677535525
1676677533998,1676677535544
1676677533154,1676677535567
1676677533951,1676677535570
1676677534418,1676677535597
1676677534099,1676677535641
1676677533498,1676677535661
1676677533611,1676677535677
1676677534059,1676677535685
1676677533854,1676677535689
1676677533727,1676677535697
1676677534291,1676677535725
1676677534131,1676677535729
1676677533995,1676677535737
1676677534399,1676677535737
1676677534459,1676677535756
1676677534374,1676677535781
1676677534161,1676677535789
1676677534627,1676677535797
1676677533899,1676677535805
1676677534223,1676677535825
1676677534163,1676677535849
1676677534603,1676677535865
1676677533919,1676677535885
1676677534071,1676677535889
1676677534458,1676677535941
1676677534507,1676677535945
1676677533511,1676677536005
1676677534866,1676677536021
1676677534535,1676677536053
1676677534595,1676677536069
1676677534264,1676677536141
1676677534189,1676677536149
1676677535039,1676677536169
1676677534611,1676677536171
1676677534635,1676677536189
1676677534495,1676677536205
1676677535008,1676677536262
1676677534863,1676677536273
1676677535407,1676677536309
1676677534911,1676677536313
1676677534979,1676677536329
1676677535203,1676677536337
1676677534547,1676677536341
1676677534623,1676677536365
1676677535351,1676677536409
1676677534731,1676677536409
1676677535315,1676677536417
1676677535391,1676677536437
1676677535289,1676677536453
1676677535463,1676677536477
1676677535739,1676677536573
1676677535079,1676677536577
1676677535347,1676677536653
1676677535231,1676677536720
1676677535739,1676677536817
1676677535731,1676677536837
1676677535687,1676677536849
1676677535319,1676677536893
1676677535679,1676677536895
1676677535527,1676677536949
1676677535295,1676677536949
1676677535643,1676677536961
1676677535075,1676677536969
1676677535572,1676677537009
1676677535259,1676677537036
1676677535415,1676677537065
1676677535943,1676677537081
1676677535827,1676677537085
1676677535807,1676677537093
1676677535569,1676677537113
1676677535799,1676677537133
1676677535867,1676677537173
1676677535947,1676677537181
1676677535545,1676677537209
1676677535727,1676677537209
1676677535026,1676677537265
1676677535758,1676677537269
1676677536339,1676677537365
1676677536191,1676677537381
1676677535663,1676677537401
1676677536331,1676677537441
1676677535791,1676677537469
1676677536419,1676677537497
1676677536207,1676677537517
1676677536023,1676677537521
1676677536007,1676677537537
1676677536343,1676677537569
1676677536171,1676677537581
1676677536054,1676677537593
1676677536151,1676677537597
1676677536173,1676677537597
1676677535783,1676677537605
1676677535892,1676677537641
1676677536264,1676677537661
1676677535599,1676677537677
1676677536275,1676677537713
1676677535851,1676677537717
1676677536311,1676677537737
1676677536722,1676677537752
1676677535887,1676677537753
1676677535691,1676677537829
1676677536315,1676677537837
1676677536479,1676677537861
1676677536143,1676677537869
1676677536367,1676677537897
1676677536439,1676677537913
1676677536071,1676677537917
1676677536655,1676677537953
1676677536895,1676677538001
1676677536575,1676677538005
1676677536411,1676677538081
1676677536819,1676677538125
1676677537011,1676677538137
1676677536579,1676677538153
1676677536411,1676677538161
1676677536455,1676677538201
1676677537095,1676677538229
1676677535699,1676677538253
1676677536897,1676677538253
1676677536839,1676677538273
1676677536971,1676677538341
1676677537038,1676677538353
1676677537403,1676677538369
1676677536951,1676677538424
1676677536951,1676677538445
1676677536963,1676677538445
1676677537183,1676677538497
1676677537087,1676677538529
1676677537367,1676677538565
1676677537443,1676677538589
1676677537679,1676677538593
1676677537211,1676677538601
1676677536851,1676677538633
1676677537175,1676677538653
1676677537135,1676677538677
1676677537068,1676677538677
1676677537211,1676677538689
1676677537539,1676677538727
1676677537383,1676677538729
1676677537519,1676677538773
1676677537643,1676677538777
1676677537115,1676677538829
1676677537267,1676677538841
1676677537083,1676677538841
1676677537523,1676677538845
1676677537755,1676677538861
1676677537607,1676677538901
1676677537471,1676677538945
1676677537663,1676677539009
1676677537719,1676677539028
1676677537831,1676677539041
1676677538275,1676677539049
1676677537871,1676677539065
1676677537598,1676677539081
1676677537955,1676677539108
1676677537499,1676677539184
1676677537594,1676677539241
1676677538139,1676677539269
1676677538003,1676677539321
1676677538155,1676677539361
1676677538163,1676677539369
1676677537571,1676677539425
1676677537270,1676677539425
1676677538499,1676677539461
1676677537599,1676677539485
1676677538007,1676677539501
1676677537839,1676677539533
1676677537583,1676677539557
1676677537715,1676677539645
1676677538204,1676677539681
1676677537862,1676677539697
1676677538231,1676677539717
1676677538255,1676677539717
1676677538531,1676677539745
1676677537899,1676677539746
1676677538447,1676677539781
1676677538371,1676677539829
1676677538355,1676677539833
1676677537915,1676677539861
1676677537753,1676677539869
1676677538083,1676677539893
1676677538255,1676677539897
1676677538655,1676677539913
1676677538567,1676677539916
1676677538775,1676677539925
1676677538691,1676677539929
1676677538635,1676677539937
1676677538426,1676677539941
1676677538343,1676677539973
1676677537739,1676677540017
1676677538590,1676677540037
1676677538127,1676677540050
1676677538679,1676677540053
1676677537919,1676677540093
1676677538602,1676677540117
1676677539083,1676677540121
1676677538847,1676677540165
1676677538843,1676677540189
1676677538447,1676677540212
1676677538729,1676677540225
1676677538594,1676677540233
1676677539067,1676677540253
1676677538731,1676677540265
1676677539011,1676677540293
1676677538863,1676677540305
1676677538831,1676677540349
1676677538843,1676677540397
1676677539243,1676677540413
1676677539363,1676677540421
1676677539186,1676677540429
1676677539323,1676677540436
1676677539042,1676677540517
1676677538779,1676677540565
1676677539050,1676677540577
1676677539029,1676677540610
1676677539719,1676677540637
1676677538947,1676677540649
1676677538679,1676677540681
1676677539463,1676677540697
1676677539271,1676677540749
1676677539503,1676677540797
1676677538903,1676677540821
1676677539899,1676677540921
1676677539110,1676677540941
1676677539918,1676677540945
1676677539647,1676677540992
1676677539975,1676677540993
1676677539895,1676677541017
1676677539487,1676677541029
1676677539535,1676677541037
1676677539371,1676677541065
1676677539427,1676677541125
1676677539683,1676677541153
1676677539559,1676677541173
1676677539835,1676677541177
1676677540055,1676677541185
1676677539915,1676677541221
1676677540119,1676677541229
1676677540235,1676677541249
1676677539699,1676677541253
1676677539863,1676677541341
1676677540019,1676677541345
1676677540167,1676677541433
1676677539748,1676677541457
1676677539426,1676677541465
1676677540295,1676677541505
1676677539719,1676677541549
1676677539831,1676677541549
1676677539931,1676677541585
1676677539939,1676677541589
1676677540052,1676677541593
1676677540683,1676677541597
1676677539871,1676677541617
1676677540214,1676677541621
1676677540638,1676677541633
1676677540254,1676677541633
1676677539928,1676677541801
1676677540095,1676677541809
1676677540191,1676677541841
1676677540399,1676677541873
1676677540123,1676677541888
1676677540038,1676677541901
1676677540612,1676677541909
1676677540351,1676677541909
1676677539943,1676677541917
1676677540699,1676677541960
1676677539783,1676677541969
1676677540423,1676677541977
1676677540519,1676677542009
1676677540579,1676677542013
1676677540823,1676677542045
1676677540227,1676677542053
1676677540567,1676677542111
1676677540438,1676677542120
1676677540431,1676677542121
1676677540751,1676677542134
1676677540307,1676677542197
1676677541019,1676677542205
1676677541179,1676677542209
1676677541127,1676677542289
1676677541466,1676677542317
1676677541155,1676677542333
1676677540414,1676677542345
1676677540947,1676677542369
1676677539747,1676677542393
1676677541435,1676677542453
1676677540799,1676677542485
1676677540923,1676677542493
1676677541231,1676677542504
1676677541067,1676677542529
1676677541587,1676677542529
1676677541342,1676677542557
1676677540995,1676677542561
1676677541551,1676677542569
1676677541348,1676677542597
1676677541251,1676677542602
1676677540651,1676677542610
1676677541619,1676677542616
1676677541031,1676677542721
1676677541507,1676677542725
1676677541459,1676677542741
1676677541594,1676677542745
1676677541187,1676677542797
1676677541551,1676677542805
1676677541223,1676677542813
1676677541635,1676677542814
1676677541255,1676677542869
1676677541911,1676677542877
1676677542054,1676677542913
1676677540943,1676677542925
1676677541803,1676677542937
1676677541175,1676677542957
1676677542291,1676677542989
1676677541039,1676677543001
1676677542113,1676677543021
1676677540993,1676677543033
1676677541919,1676677543104
1676677541843,1676677543177
1676677542123,1676677543177
1676677542122,1676677543221
1676677541962,1676677543249
1676677541811,1676677543257
1676677541635,1676677543277
1676677541971,1676677543325
1676677541599,1676677543325
1676677542210,1676677543329
1676677542011,1676677543345
1676677542047,1676677543369
1676677541623,1676677543373
1676677541591,1676677543428
1676677542487,1676677543509
1676677541890,1676677543561
1676677542559,1676677543609
1676677542014,1676677543633
1676677541978,1676677543645
1676677542570,1676677543657
1676677542531,1676677543693
1676677542199,1676677543705
1676677541910,1676677543725
1676677541875,1676677543733
1676677542395,1676677543761
1676677542531,1676677543768
1676677541903,1676677543777
1676677542563,1676677543797
1676677542799,1676677543829
1676677542618,1676677543853
1676677542939,1676677543873
1676677542495,1676677543905
1676677542347,1676677543945
1676677542136,1676677544037
1676677542371,1676677544061
1676677542335,1676677544113
1676677542207,1676677544117
1676677543179,1676677544173
1676677542743,1676677544173
1676677542599,1676677544185
1676677542927,1676677544201
1676677542319,1676677544205
1676677542455,1676677544225
1676677542879,1676677544228
1676677542611,1676677544241
1676677543002,1676677544261
1676677542604,1676677544277
1676677542723,1676677544289
1676677542506,1676677544297
1676677542807,1676677544381
1676677543023,1676677544413
1676677543279,1676677544413
1676677542814,1676677544413
1676677543223,1676677544437
1676677543327,1676677544449
1676677543106,1676677544473
1676677542727,1676677544518
1676677543611,1676677544545
1676677543374,1676677544561
1676677542915,1676677544581
1676677542871,1676677544597
1676677543763,1676677544617
1676677542991,1676677544677
1676677542959,1676677544709
1676677542747,1676677544769
1676677543034,1676677544780
1676677543327,1676677544881
1676677543770,1676677544897
1676677543727,1676677545001
1676677543831,1676677545001
1676677543259,1676677545021
1676677543695,1676677545021
1676677543635,1676677545045
1676677544115,1676677545069
1676677543430,1676677545073
1676677543371,1676677545077
1676677543647,1676677545097
1676677543799,1676677545125
1676677543511,1676677545129
1676677543330,1676677545133
1676677543563,1676677545149
1676677544039,1676677545189
1676677543251,1676677545205
1676677542815,1676677545208
1676677543907,1676677545221
1676677543179,1676677545233
1676677544298,1676677545305
1676677543735,1676677545309
1676677544174,1676677545317
1676677543875,1676677545337
1676677544119,1676677545349
1676677544290,1676677545369
1676677543347,1676677545401
1676677544383,1676677545429
1676677544230,1676677545465
1676677544451,1676677545505
1676677543778,1676677545521
1676677543855,1676677545529
1676677543947,1676677545637
1676677544520,1676677545657
1676677544187,1676677545665
1676677544242,1676677545685
1676677543659,1676677545709
1676677544063,1676677545729
1676677543707,1676677545741
1676677544203,1676677545769
1676677544262,1676677545797
1676677544175,1676677545798
1676677544547,1676677545801
1676677544226,1676677545805
1676677544278,1676677545813
1676677544563,1676677545821
1676677544771,1676677545857
1676677544415,1676677545861
1676677544207,1676677545893
1676677544415,1676677545921
1676677544883,1676677545937
1676677544899,1676677545945
1676677544439,1676677545965
1676677544475,1676677545965
1676677545003,1676677545969
1676677544711,1676677546021
1676677544583,1676677546057
1676677545078,1676677546193
1676677545003,1676677546201
1676677544781,1676677546217
1676677545210,1676677546233
1676677545046,1676677546238
1676677545130,1676677546277
1676677544599,1676677546293
1676677545235,1676677546337
1676677544415,1676677546381
1676677544618,1676677546397
1676677545127,1676677546429
1676677544678,1676677546457
1676677545191,1676677546461
1676677545223,1676677546481
1676677545134,1676677546529
1676677545075,1676677546537
1676677545023,1676677546573
1676677545351,1676677546593
1676677545099,1676677546633
1676677545371,1676677546665
1676677545151,1676677546721
1676677545523,1676677546761
1676677545530,1676677546785
1676677545339,1676677546825
1676677545823,1676677546825
1676677545207,1676677546905
1676677545467,1676677546929
1676677545639,1676677546949
1676677545319,1676677546957
1676677545023,1676677546993
1676677545895,1676677547037
1676677545711,1676677547045
1676677545307,1676677547049
1676677545967,1676677547053
1676677545403,1676677547081
1676677545311,1676677547089
1676677545743,1676677547141
1676677545506,1676677547190
1676677545431,1676677547197
1676677546023,1676677547197
1676677545687,1676677547205
1676677545863,1676677547205
1676677545803,1676677547225
1676677545659,1676677547272
1676677545667,1676677547305
1676677546195,1676677547309
1676677546059,1676677547357
1676677545859,1676677547364
1676677546235,1676677547369
1676677546295,1676677547385
1676677546383,1676677547417
1676677545939,1676677547425
1676677545923,1676677547457
1676677545799,1676677547461
1676677546483,1676677547529
1676677546575,1676677547533
1676677545807,1676677547545
1676677545800,1676677547545
1676677545970,1676677547553
1676677545731,1676677547633
1676677546531,1676677547637
1676677545815,1676677547645
1676677546399,1676677547673
1676677545967,1676677547677
1676677546240,1676677547753
1676677545771,1676677547773
1676677546279,1676677547797
1676677545947,1676677547797
1676677546459,1676677547801
1676677546203,1676677547857
1676677546723,1676677547869
1676677547050,1676677547877
1676677546539,1676677547997
1676677546339,1676677547997
1676677546959,1676677548013
1676677546431,1676677548117
1676677546786,1676677548121
1676677547206,1676677548133
1676677546219,1676677548157
1676677546463,1676677548209
1676677546827,1676677548217
1676677547046,1676677548259
1676677546827,1676677548345
1676677547039,1676677548365
1676677546995,1676677548381
1676677546666,1676677548409
1676677546951,1676677548445
1676677547142,1676677548509
1676677547273,1676677548533
1676677547198,1676677548549
1676677547207,1676677548593
1676677547462,1676677548601
1676677546907,1676677548633
1676677547083,1676677548641
1676677546595,1676677548645
1676677547055,1676677548657
1676677546763,1676677548662
1676677546931,1676677548670
1676677547192,1676677548677
1676677547199,1676677548749
1676677547227,1676677548785
1676677547679,1676677548789
1676677547531,1676677548801
1676677547307,1676677548802
1676677546635,1676677548805
1676677547459,1676677548829
1676677547535,1676677548877
1676677547359,1676677548925
1676677547555,1676677548929
1676677547366,1676677548929
1676677547547,1676677548957
1676677547427,1676677548965
1676677547639,1676677549007
1676677547647,1676677549021
1676677547419,1676677549025
1676677547999,1676677549033
1676677547755,1676677549049
1676677547799,1676677549109
1676677547799,1676677549109
1676677547635,1676677549121
1676677547775,1676677549157
1676677547091,1676677549165
1676677548123,1676677549209
1676677548211,1676677549225
1676677547675,1676677549229
1676677547547,1676677549253
1676677547871,1676677549357
1676677548347,1676677549361
1676677547878,1676677549389
1676677547311,1676677549401
1676677548219,1676677549438
1676677547371,1676677549461
1676677548135,1676677549485
1676677547387,1676677549561
1676677548368,1676677549569
1676677547803,1676677549573
1676677547999,1676677549573
1676677548261,1676677549617
1676677548015,1676677549706
1676677548159,1676677549784
1676677548511,1676677549829
1676677548647,1676677549905
1676677548752,1676677549953
1676677548595,1676677549965
1676677548119,1676677550021
1676677548411,1676677550045
1676677548959,1676677550105
1676677548383,1676677550109
1676677548803,1676677550149
1676677548791,1676677550157
1676677549211,1676677550161
1676677548603,1676677550193
1676677548831,1676677550193
1676677548551,1676677550245
1676677548643,1676677550261
1676677549023,1676677550300
1676677548672,1676677550337
1676677548931,1676677550341
1676677548447,1676677550425
1676677549231,1676677550429
1676677548807,1676677550457
1676677548659,1676677550473
1676677548787,1676677550485
1676677548535,1676677550489
1676677549051,1676677550521
1676677549027,1676677550521
1676677549111,1676677550545
1676677549167,1676677550581
1676677549123,1676677550589
1676677548931,1676677550601
1676677549159,1676677550621
1676677548680,1676677550626
1676677548927,1676677550669
1676677549009,1676677550693
1676677549035,1676677550705
1676677548880,1676677550725
1676677549111,1676677550789
1676677549227,1676677550809
1676677548967,1676677550813
1676677548664,1676677550829
1676677549363,1676677550845
1676677549255,1676677550845
1676677548804,1676677550869
1676677549563,1676677550885
1676677549831,1676677550901
1676677549440,1676677550933
1676677549463,1676677550981
1676677549359,1676677551009
1676677549403,1676677551013
1676677549487,1676677551045
1676677550106,1676677551053
1676677549391,1676677551073
1676677549708,1676677551093
1676677550111,1676677551097
1676677550162,1676677551133
1676677549575,1676677551141
1676677548635,1676677551165
1676677549907,1676677551185
1676677549619,1676677551193
1676677549575,1676677551205
1676677550023,1676677551241
1676677549571,1676677551269
1676677550159,1676677551273
1676677549967,1676677551325
1676677549786,1676677551373
1676677550151,1676677551375
1676677550247,1676677551377
1676677550591,1676677551517
1676677549955,1676677551525
1676677550339,1676677551561
1676677550491,1676677551565
1676677550459,1676677551601
1676677550487,1676677551629
1676677550343,1676677551633
1676677550547,1676677551641
1676677550263,1676677551677
1676677550582,1676677551677
1676677550302,1676677551705
1676677550727,1676677551749
1676677550047,1676677551752
1676677550427,1676677551768
1676677550195,1676677551801
1676677550523,1676677551842
1676677550603,1676677551873
1676677550195,1676677551905
1676677550935,1676677551925
1676677550791,1676677552001
1676677550431,1676677552005
1676677550847,1676677552072
1676677550623,1676677552109
1676677550523,1676677552149
1676677550628,1676677552197
1676677551011,1676677552209
1676677550847,1676677552273
1676677550871,1676677552301
1676677550815,1676677552323
1676677551095,1676677552329
1676677551167,1676677552377
1676677551099,1676677552409
1676677551047,1676677552409
1676677551187,1676677552412
1676677550811,1676677552460
1676677550887,1676677552465
1676677551054,1676677552502
1676677551207,1676677552585
1676677551527,1676677552589
1676677551015,1676677552609
1676677551074,1676677552613
1676677551379,1676677552645
1676677550671,1676677552661
1676677551375,1676677552685
1676677551142,1676677552701
1676677551643,1676677552717
1676677551195,1676677552729
1676677550903,1676677552813
1676677551135,1676677552877
1676677550475,1676677552885
1676677551519,1676677552908
1676677551751,1676677552921
1676677551275,1676677552933
1676677551271,1676677552953
1676677550983,1676677552957
1676677551707,1676677552985
1676677551377,1676677553009
1676677550694,1676677553009
1676677552073,1676677553009
1676677551243,1676677553029
1676677551875,1676677553033
1676677551603,1676677553053
1676677552111,1676677553125
1676677551844,1676677553145
1676677551563,1676677553153
1676677551770,1676677553169
1676677551679,1676677553177
1676677551634,1676677553229
1676677551803,1676677553249
1676677551679,1676677553266
1676677551327,1676677553305
1676677550707,1676677553309
1676677551567,1676677553329
1676677551907,1676677553335
1676677551927,1676677553389
1676677552003,1676677553397
1676677552467,1676677553413
1676677551753,1676677553441
1676677552378,1676677553477
1676677552504,1676677553489
1676677552150,1676677553525
1676677552275,1676677553601
1676677552325,1676677553625
1676677551631,1676677553625
1676677552647,1676677553701
1676677552462,1676677553705
1676677552211,1676677553745
1676677552007,1676677553757
1676677552591,1676677553777
1676677552331,1676677553786
1676677552663,1676677553821
1676677552411,1676677553885
1676677552923,1676677553923
1676677552414,1676677553949
1676677552199,1676677553957
1676677552611,1676677554013
1676677552303,1676677554017
1676677552878,1676677554069
1676677553010,1676677554105
1676677552986,1676677554113
1676677552587,1676677554129
1676677552614,1676677554161
1676677553268,1676677554189
1676677552886,1676677554197
1676677552815,1676677554241
1676677552411,1676677554265
1676677553147,1676677554297
1676677553230,1676677554301
1676677553179,1676677554301
1676677552687,1676677554305
1676677552703,1676677554325
1676677553127,1676677554341
1676677553307,1676677554353
1676677552955,1676677554362
1676677552731,1676677554401
1676677553399,1676677554441
1676677553034,1676677554449
1676677552959,1676677554461
1676677553170,1676677554557
1676677552719,1676677554573
1676677553031,1676677554677
1676677553707,1676677554701
1676677553011,1676677554717
1676677552935,1676677554737
1676677553011,1676677554757
1676677553627,1676677554762
1676677553415,1676677554773
1676677553703,1676677554777
1676677553250,1676677554789
1676677553155,1676677554793
1676677553311,1676677554835
1676677552910,1676677554869
1676677553331,1676677554909
1676677553491,1676677554929
1676677553627,1676677554953
1676677553788,1676677554973
1676677553779,1676677554973
1676677553759,1676677555001
1676677553527,1676677555025
1676677554343,1676677555129
1676677553951,1676677555173
1676677553887,1676677555189
1676677553747,1676677555213
1676677553823,1676677555241
1676677554243,1676677555309
1676677553337,1676677555325
1676677553479,1676677555333
1676677554303,1676677555369
1676677553391,1676677555382
1676677553959,1676677555397
1676677554364,1676677555449
1676677553443,1676677555462
1676677554403,1676677555517
1676677554199,1676677555585
1676677554162,1676677555589
1676677553925,1676677555621
1676677554019,1676677555650
1676677554575,1676677555653
1676677554303,1676677555665
1676677554307,1676677555705
1676677554071,1676677555815
1676677553603,1676677555825
1676677554015,1676677555861
1676677554779,1676677555937
1676677554739,1676677555945
1676677554115,1676677555949
1676677554719,1676677555993
1676677554191,1676677556001
1676677554131,1676677556033
1676677554106,1676677556041
1676677554463,1676677556049
1676677554871,1676677556061
1676677554327,1676677556085
1676677554764,1676677556105
1676677554443,1676677556113
1676677554837,1676677556156
1676677554299,1676677556161
1676677554451,1676677556165
1676677554791,1676677556245
1676677555174,1676677556285
1676677554559,1676677556289
1676677554759,1676677556297
1676677554931,1676677556341
1676677554267,1676677556353
1676677555027,1676677556385
1676677555215,1676677556409
1676677554911,1676677556413
1676677554679,1676677556417
1676677554355,1676677556429
1676677554975,1676677556433
1676677555399,1676677556469
1676677555451,1676677556477
1676677555243,1676677556477
1676677555131,1676677556497
1676677554703,1676677556577
1676677554795,1676677556673
1676677555656,1676677556685
1676677555335,1676677556689
1676677554955,1676677556717
1676677555191,1676677556743
1676677554975,1676677556753
1676677555623,1676677556753
1676677555003,1676677556769
1676677555827,1676677556833
1676677555519,1676677556902
1676677555327,1676677556925
1676677554775,1676677556985
1676677556035,1676677557005
1676677555995,1676677557057
1676677555817,1676677557113
1676677556003,1676677557117
1676677555371,1676677557137
1676677555311,1676677557157
1676677555591,1676677557193
1676677556063,1676677557213
1676677555951,1676677557213
1676677556419,1676677557244
1676677555863,1676677557253
1676677555463,1676677557253
1676677555667,1676677557389
1676677555939,1676677557397
1676677556087,1676677557437
1676677555947,1676677557457
1676677556247,1676677557505
1676677556163,1676677557525
1676677555707,1676677557545
1676677556051,1676677557546
1676677555587,1676677557553
1676677556431,1676677557556
1676677556355,1676677557605
1676677556415,1676677557605
1676677556287,1676677557609
1676677556115,1676677557649
1676677556299,1676677557693
1676677556718,1676677557761
1676677556479,1676677557765
1676677556771,1676677557772
1676677556043,1676677557793
1676677556479,1676677557797
1676677556387,1676677557848
1676677556158,1676677557861
1676677556343,1676677557905
1676677556167,1676677557925
1676677555652,1676677557938
1676677556987,1676677557950
1676677556411,1676677558005
1676677556904,1676677558101
1676677556107,1676677558129
1676677556435,1676677558141
1676677556745,1676677558158
1676677556675,1676677558173
1676677556690,1676677558193
1676677556499,1676677558197
1676677556687,1676677558281
1676677557255,1676677558337
1676677557246,1676677558409
1676677556579,1676677558417
1676677557255,1676677558456
1676677557391,1676677558457
1676677557438,1676677558465
1676677556755,1676677558521
1676677556291,1676677558537
1676677556835,1676677558545
1676677557610,1676677558573
1676677557139,1676677558577
1676677556927,1676677558585
1676677556471,1676677558609
1676677556755,1676677558645
1676677557607,1676677558693
1676677557118,1676677558701
1676677557459,1676677558749
1676677557507,1676677558757
1676677557763,1676677558801
1676677557548,1676677558877
1676677557007,1676677558933
1676677557399,1676677558937
1676677557952,1676677558953
1676677557527,1676677559001
1676677557555,1676677559001
1676677557557,1676677559033
1676677557194,1676677559041
1676677558131,1676677559097
1676677557940,1676677559109
1676677557907,1676677559117
1676677557059,1676677559149
1676677557159,1676677559157
1676677557607,1676677559181
1676677557214,1676677559201
1676677558458,1676677559233
1676677557795,1676677559257
1676677557651,1676677559273
1676677557694,1676677559301
1676677558339,1676677559313
1676677557850,1676677559328
1676677558199,1676677559337
1676677558419,1676677559429
1676677557215,1676677559469
1676677558143,1676677559489
1676677557927,1676677559501
1676677558467,1676677559541
1676677557799,1676677559585
1676677558283,1676677559597
1676677558194,1676677559602
1676677558547,1676677559609
1676677558579,1676677559649
1676677557774,1676677559661
1676677558160,1676677559685
1676677558411,1676677559689
1676677558103,1676677559697
1676677558459,1676677559717
1676677558703,1676677559729
1676677557863,1676677559773
1676677557767,1676677559797
1676677558587,1676677559809
1676677557547,1676677559817
1676677558575,1676677559909
1676677558007,1676677559917
1676677558523,1676677559977
1676677558647,1676677560021
1676677558539,1676677560049
1676677558935,1676677560097
1676677558939,1676677560125
1676677558751,1676677560157
1676677558175,1676677560157
1676677559003,1676677560205
1676677559329,1676677560213
1676677558803,1676677560213
1676677558955,1676677560289
1676677559159,1676677560305
1676677558759,1676677560325
1676677559111,1676677560381
1676677558611,1676677560385
1676677558879,1676677560405
1676677559202,1676677560409
1676677559431,1676677560437
1676677559151,1676677560445
1676677559183,1676677560473
1676677559099,1676677560485
1676677558695,1676677560549
1676677559491,1676677560565
1676677559234,1676677560573
1676677559302,1676677560601
1676677559003,1676677560665
1676677559035,1676677560753
1676677559259,1676677560757
1676677560023,1676677560773
1676677559719,1676677560773
1676677559543,1676677560797
1676677559471,1676677560824
1676677559503,1676677560953
1676677559587,1676677560957
1676677559610,1676677560973
1676677560099,1676677561001
1676677559120,1676677561013
1676677559811,1676677561113
1676677559315,1676677561121
1676677559699,1676677561129
1676677559599,1676677561144
1676677559691,1676677561145
1676677559979,1676677561149
1676677559731,1676677561189
1676677559687,1676677561193
1676677559604,1676677561225
1676677559799,1676677561257
1676677559275,1676677561257
1676677559651,1676677561377
1676677560327,1676677561401
1676677559775,1676677561409
1676677560307,1676677561413
1676677560215,1676677561420
1676677560447,1676677561421
1676677560126,1676677561429
1676677560159,1676677561481
1676677559043,1676677561525
1676677560206,1676677561529
1676677559911,1676677561541
1676677560051,1676677561561
1676677560291,1676677561569
1676677560387,1676677561642
1676677559919,1676677561717
1676677560551,1676677561726
1676677559339,1676677561737
1676677560159,1676677561749
1676677560215,1676677561753
1676677560383,1676677561789
1676677559819,1676677561817
1676677560411,1676677561836
1676677560826,1676677561869
1676677560407,1676677561917
1676677560475,1676677561925
1676677561003,1676677561949
1676677560667,1676677561969
1676677560438,1676677562049
1676677560975,1676677562149
1676677561146,1676677562149
1676677561131,1676677562161
1676677560955,1676677562165
1676677560487,1676677562221
1676677561259,1676677562281
1676677560567,1676677562309
1676677560775,1676677562321
1676677560759,1676677562389
1676677560575,1676677562390
1676677560755,1676677562409
1676677561147,1676677562409
1676677560603,1676677562414
1676677560959,1676677562469
1676677561531,1676677562537
1676677561151,1676677562537
1676677561227,1676677562633
1676677561123,1676677562657
1676677560798,1676677562668
1676677561415,1676677562673
1676677561195,1676677562673
1676677561403,1676677562721
1676677561015,1676677562741
1676677561571,1676677562741
1676677561543,1676677562745
1676677561379,1676677562773
1676677560775,1676677562789
1676677561423,1676677562805
1676677561422,1676677562805
1676677561431,1676677562809
1676677561258,1676677562857
1676677561483,1676677562889
1676677561411,1676677562925
1676677562051,1676677562965
1676677561739,1676677562981
1676677561728,1676677563009
1676677561819,1676677563037
1676677561644,1676677563050
1676677561115,1676677563113
1676677561751,1676677563121
1676677561838,1676677563125
1676677561791,1676677563205
1676677561191,1676677563221
1676677562151,1676677563221
1676677561719,1676677563297
1676677561951,1676677563305
1676677562151,1676677563341
1676677562310,1676677563361
1676677561754,1676677563389
1676677561563,1676677563417
1676677561927,1676677563485
1676677561919,1676677563509
1676677562392,1676677563535
1676677561971,1676677563553
1676677561871,1676677563601
1676677562416,1676677563633
1676677562411,1676677563685
1676677562283,1676677563781
1676677562675,1676677563797
1676677562471,1676677563808
1676677562983,1676677563820
1676677562743,1676677563841
1676677562166,1676677563865
1676677562811,1676677563873
1676677562539,1676677563881
1676677562163,1676677563881
1676677562791,1676677563897
1676677562743,1676677563969
1676677562323,1676677563977
1676677562807,1676677563988
1676677562390,1676677564013
1676677562635,1676677564053
1676677562410,1676677564105
1676677562806,1676677564125
1676677562927,1676677564145
1676677562859,1676677564153
1676677562659,1676677564165
1676677562669,1676677564173
1676677563115,1676677564277
1676677562891,1676677564293
1676677563011,1676677564317
1676677562723,1676677564341
1676677562967,1676677564341
1676677562747,1676677564341
1676677563039,1676677564449
1676677563419,1676677564473
1676677562539,1676677564479
1676677563207,1676677564509
1676677563343,1676677564513
1676677563223,1676677564529
1676677563223,1676677564577
1676677563635,1676677564617
1676677563390,1676677564633
1676677563299,1676677564699
1676677563799,1676677564724
1676677563123,1676677564747
1676677563603,1676677564777
1676677563363,1676677564820
1676677562223,1676677564929
1676677563051,1676677564961
1676677563867,1676677564989
1676677562674,1676677565021
1676677564014,1676677565073
1676677563843,1676677565109
1676677563126,1676677565117
1676677563555,1676677565197
1676677563537,1676677565261
1676677563882,1676677565265
1676677563883,1676677565305
1676677563810,1676677565357
1676677564127,1676677565397
1676677563899,1676677565409
1676677563487,1676677565409
1676677564167,1676677565410
1676677564319,1676677565429
1676677563307,1676677565505
1676677563979,1676677565521
1676677564155,1676677565521
1676677563874,1676677565570
1676677563970,1676677565601
1676677564515,1676677565638
1676677563687,1676677565649
1676677564279,1676677565677
1676677563511,1676677565697
1676677564343,1676677565701
1676677564295,1676677565709
1676677564531,1676677565729
1676677563783,1676677565749
1676677564107,1676677565769
1676677563822,1676677565789
1676677564343,1676677565825
1676677564475,1676677565869
1676677564343,1676677565921
1676677564055,1676677565945
1676677564451,1676677565969
1676677564579,1676677565969
1676677564779,1676677566017
1676677563989,1676677566041
1676677564175,1676677566113
1676677564147,1676677566125
1676677564726,1676677566137
1676677564635,1676677566157
1676677564749,1676677566157
1676677564702,1676677566157
1676677565119,1676677566237
1676677564963,1676677566265
1676677564931,1676677566266
1676677564619,1676677566386
1676677565111,1676677566397
1676677564481,1676677566413
1676677565023,1676677566425
1676677565523,1676677566433
1676677565359,1676677566449
1676677565263,1676677566553
1676677565770,1676677566605
1676677565703,1676677566609
1676677565075,1676677566615
1676677565640,1676677566641
1676677565307,1676677566669
1676677564822,1676677566754
1676677564990,1676677566829
1676677565523,1676677566853
1676677565199,1676677566858
1676677565651,1676677566949
1676677565399,1676677566961
1676677565871,1676677566965
1676677565603,1676677566977
1676677565699,1676677566997
1676677565711,1676677567033
1676677565791,1676677567037
1676677565413,1676677567061
1676677565751,1676677567161
1676677565731,1676677567173
1676677566018,1676677567181
1676677566159,1676677567237
1676677565411,1676677567241
1676677565827,1676677567289
1676677566115,1676677567301
1676677565947,1676677567313
1676677566139,1676677567325
1676677565267,1676677567325
1676677565923,1676677567361
1676677566159,1676677567421
1676677565679,1676677567477
1676677565507,1676677567477
1676677566399,1676677567565
1676677565572,1676677567585
1676677566607,1676677567585
1676677566671,1676677567601
1676677565972,1676677567613
1676677566127,1676677567665
1676677566427,1676677567685
1676677566158,1676677567701
1676677565411,1676677567709
1676677566043,1676677567725
1676677566555,1676677567733
1676677565971,1676677567757
1676677566643,1676677567781
1676677566267,1676677567817
1676677566611,1676677567817
1676677566388,1676677567849
1676677566860,1676677567857
1676677566415,1676677567857
1676677566617,1676677567905
1676677566756,1676677567925
1676677566967,1676677567957
1676677566451,1676677568017
1676677566268,1676677568041
1676677566435,1676677568145
1676677566963,1676677568197
1676677567163,1676677568245
1676677567315,1676677568275
1676677566979,1676677568277
1676677567183,1676677568313
1676677567479,1676677568321
1676677566855,1676677568325
1676677567039,1676677568377
1676677567703,1676677568481
1676677567243,1676677568485
1676677567587,1676677568517
1676677567303,1676677568541
1676677567035,1676677568549
1676677567423,1676677568601
1676677566238,1676677568613
1676677567479,1676677568677
1676677567239,1676677568677
1676677567063,1676677568693
1676677567327,1676677568733
1676677566999,1676677568737
1676677567291,1676677568753
1676677566831,1676677568761
1676677567175,1676677568797
1676677567567,1676677568813
1676677567586,1676677568821
1676677567602,1676677568826
1676677567907,1676677568893
1676677567735,1676677568901
1676677567362,1676677568905
1676677567615,1676677568933
1676677568043,1676677569033
1676677567927,1676677569069
1676677567711,1676677569069
1676677567727,1676677569089
1676677567327,1676677569097
1676677567959,1676677569165
1676677568147,1676677569217
1676677567859,1676677569232
1676677567667,1676677569261
1676677568487,1676677569573
1676677567851,1676677569661
1676677567819,1676677569661
1676677568246,1676677569673
1676677568276,1676677569737
1676677567759,1676677569761
1676677568679,1676677569761
1676677568279,1676677569801
1676677567687,1676677569821
1676677568551,1676677569829
1676677568823,1676677569839
1676677567819,1676677569917
1676677568543,1676677569921
1676677568379,1676677569925
1676677568903,1676677569957
1676677568019,1676677570009
1676677569071,1676677570013
1676677568815,1676677570017
1676677568695,1676677570049
1676677568323,1676677570061
1676677568518,1676677570105
1676677568199,1676677570177
1676677568614,1676677570245
1676677568315,1676677570265
1676677568483,1676677570269
1676677569091,1676677570273
1676677568679,1676677570285
1676677568907,1676677570289
1676677568739,1676677570313
1676677569099,1676677570329
1676677567783,1676677570365
1676677568327,1676677570373
1676677568799,1676677570377
1676677569036,1676677570434
1676677568935,1676677570437
1676677568827,1676677570441
1676677568895,1676677570477
1676677569071,1676677570508
1676677568755,1676677570521
1676677569234,1676677570537
1676677569663,1676677570565
1676677569763,1676677570641
1676677568735,1676677570645
1676677569219,1676677570662
1676677569263,1676677570677
1676677568603,1676677570729
1676677568763,1676677570753
1676677569675,1676677570773
1676677569167,1676677570789
1676677569919,1676677570829
1676677569575,1676677570905
1676677569831,1676677570921
1676677569763,1676677570941
1676677569823,1676677570941
1676677569923,1676677571018
1676677570331,1676677571033
1676677569663,1676677571037
1676677569959,1676677571105
1676677570107,1676677571125
1676677570179,1676677571137
1676677569739,1676677571153
1676677570012,1676677571237
1676677569927,1676677571277
1676677570063,1676677571301
1676677570019,1676677571349
1676677570379,1676677571365
1676677570015,1676677571441
1676677570367,1676677571521
1676677570275,1676677571545
1676677570246,1676677571565
1676677570267,1676677571565
1676677569841,1676677571597
1676677570051,1676677571693
1676677570315,1676677571705
1676677570375,1676677571777
1676677570436,1676677571809
1676677570679,1676677571929
1676677570479,1676677571993
1676677570439,1676677572001
1676677570510,1676677572037
1676677570443,1676677572070
1676677571127,1676677572081
1676677570538,1676677572101
1676677570291,1676677572129
1676677570647,1676677572134
1676677571239,1676677572178
1676677570643,1676677572253
1676677570523,1676677572272
1676677570775,1676677572281
1676677570731,1676677572300
1676677570907,1676677572301
1676677570287,1676677572349
1676677571107,1676677572349
1676677570923,1676677572349
1676677570943,1676677572377
1676677570664,1676677572413
1676677570270,1676677572449
1676677571035,1676677572449
1676677570567,1676677572457
1676677571279,1676677572505
1676677570791,1676677572509
1676677570943,1676677572513
1676677570831,1676677572529
1676677571523,1676677572537
1676677571039,1676677572576
1676677571567,1676677572585
1676677571139,1676677572625
1676677571303,1676677572661
1676677571707,1676677572725
1676677571779,1676677572837
1676677571567,1676677572853
1676677571695,1676677572865
1676677571155,1676677572889
1676677571367,1676677572905
1676677571443,1676677572945
1676677571351,1676677572945
1676677571931,1676677573093
1676677571547,1676677573110
1676677570755,1676677573145
1676677571020,1676677573153
1676677572039,1676677573209
1676677571811,1676677573257
1676677572303,1676677573301
1676677572283,1676677573325
1676677572131,1676677573345
1676677572103,1676677573394
1676677572301,1676677573422
1676677572531,1676677573433
1676677572180,1676677573441
1676677572072,1676677573469
1676677572136,1676677573549
1676677571995,1676677573553
1676677571598,1676677573565
1676677572451,1676677573693
1676677572507,1676677573753
1676677572379,1676677573785
1676677572274,1676677573793
1676677572451,1676677573797
1676677572255,1676677573817
1676677572578,1676677573853
1676677572351,1676677573853
1676677572515,1676677573873
1676677572627,1676677573977
1676677572727,1676677573989
1676677572351,1676677573993
1676677572083,1676677574037
1676677572351,1676677574049
1676677572459,1676677574113
1676677572907,1676677574141
1676677572891,1676677574197
1676677572663,1676677574249
1676677573147,1676677574325
1676677572587,1676677574385
1676677573112,1676677574413
1676677572867,1676677574429
1676677572947,1676677574429
1676677572511,1676677574448
1676677573211,1676677574493
1676677573155,1676677574513
1676677573095,1676677574529
1676677573347,1676677574577
1676677572538,1676677574582
1676677573567,1676677574665
1676677572415,1676677574709
1676677572855,1676677574753
1676677573424,1676677574809
1676677573259,1676677574809
1676677573303,1676677574813
1676677573327,1676677574821
1676677573755,1676677574853
1676677573979,1676677574905
1676677573819,1676677574969
1676677573471,1676677574985
1676677573799,1676677575005
1676677572947,1676677575041
1676677573695,1676677575081
1676677573555,1676677575182
1676677573795,1676677575201
1676677573855,1676677575237
1676677573551,1676677575269
1676677573787,1676677575277
1676677573991,1676677575309
1676677574199,1676677575333
1676677573396,1676677575369
1676677574038,1676677575425
1676677573443,1676677575462
1676677573855,1676677575509
1676677574114,1676677575577
1676677573995,1676677575597
1676677574050,1676677575601
1676677574531,1676677575625
1676677573434,1676677575633
1676677573875,1676677575633
1676677574579,1676677575645
1676677574450,1676677575840
1676677574495,1676677575841
1676677574584,1676677575881
1676677574431,1676677575881
1676677574387,1676677575893
1676677574987,1676677575929
1676677574711,1676677575941
1676677574143,1676677575953
1676677574755,1676677575969
1676677574811,1676677575997
1676677574815,1676677576005
1676677574431,1676677576017
1676677574251,1676677576115
1676677574667,1676677576181
1676677575335,1676677576220
1676677575370,1676677576261
1676677574515,1676677576281
1676677574326,1676677576329
1676677574907,1676677576377
1676677574415,1676677576381
1676677575426,1676677576389
1676677575270,1676677576413
1676677575278,1676677576413
1676677575635,1676677576444
1676677574823,1676677576497
1676677575006,1676677576557
1676677574971,1676677576589
1676677575311,1676677576661
1676677575463,1676677576709
1676677575578,1676677576717
1676677575082,1676677576745
1676677575895,1676677576797
1676677575647,1676677576845
1676677575634,1676677576893
1676677575510,1676677576905
1676677575883,1676677576933
1676677575043,1676677576965
1676677575599,1676677577032
1676677575238,1676677577045
1676677576019,1676677577085
1676677575847,1676677577217
1676677575848,1676677577225
1676677575202,1676677577245
1676677576183,1676677577245
1676677575602,1676677577317
1676677575971,1676677577337
1676677575931,1676677577377
1676677575184,1676677577377
1676677576117,1676677577385
1676677576330,1676677577421
1676677575943,1676677577448
1676677576499,1676677577554
1676677576263,1676677577561
1676677576663,1676677577577
1676677576446,1676677577653
1676677576007,1676677577681
1676677576379,1676677577741
1676677576719,1676677577745
1676677575999,1676677577813
1676677576559,1676677577817
1676677576283,1676677577853
1676677576799,1676677577885
1676677576907,1676677577910
1676677576747,1676677577925
1676677576222,1676677577949
1676677576415,1676677577965
1676677576415,1676677578053
1676677576847,1676677578053
1676677576895,1676677578097
1676677576711,1676677578125
1676677575627,1676677578201
1676677577047,1676677578221
1676677576391,1676677578229
1676677576383,1676677578301
1676677576935,1676677578405
1676677577087,1676677578433
1676677577219,1676677578461
1676677577034,1676677578497
1676677575883,1676677578501
1676677577246,1676677578517
1676677577379,1676677578517
1676677577886,1676677578541
1676677577338,1676677578577
1676677576967,1676677578585
1676677577226,1676677578641
1676677577423,1676677578681
1676677576591,1676677578693
1676677577247,1676677578733
1676677577318,1676677578761
1676677577450,1676677578881
1676677577563,1676677578933
1676677577387,1676677578989
1676677577579,1676677579001
1676677577557,1676677579081
1676677577815,1676677579101
1676677577683,1676677579109
1676677577379,1676677579201
1676677577747,1676677579213
1676677577926,1676677579245
1676677578055,1676677579265
1676677577912,1676677579273
1676677577743,1676677579349
1676677577951,1676677579365
1676677577966,1676677579369
1676677578223,1676677579413
1676677577818,1676677579425
1676677578127,1676677579501
1676677578231,1676677579553
1676677578463,1676677579569
1676677577655,1676677579581
1676677578203,1676677579709
1676677578055,1676677579721
1676677578503,1676677579721
1676677578683,1676677579725
1676677578519,1676677579801
1676677578543,1676677579817
1676677577855,1676677579821
1676677578587,1676677579937
1676677578099,1676677579965
1676677578763,1676677579981
1676677578695,1676677580033
1676677578579,1676677580041
1676677578935,1676677580165
1676677578407,1676677580237
1676677578519,1676677580289
1676677578643,1676677580305
1676677579083,1676677580341
1676677578499,1676677580349
1676677578883,1676677580381
1676677578303,1676677580409
1676677579203,1676677580413
1676677579583,1676677580449
1676677579350,1676677580457
1676677579371,1676677580577
1676677579723,1676677580577
1676677579215,1676677580653
1676677579247,1676677580669
1676677579823,1676677580809
1676677579103,1676677580829
1676677578735,1676677580861
1676677579503,1676677580905
1676677579723,1676677580937
1676677579727,1676677580961
1676677579111,1676677580973
1676677580035,1676677580976
1676677579003,1676677580997
1676677579275,1676677581033
1676677579367,1676677581077
1676677579267,1676677581125
1676677579803,1676677581229
1676677579555,1676677581300
1676677579427,1676677581329
1676677579939,1676677581361
1676677579711,1676677581393
1676677580350,1676677581457
1676677579571,1676677581481
1676677580307,1676677581497
1676677579818,1676677581533
1676677580383,1676677581561
1676677579415,1676677581585
1676677579966,1676677581593
1676677580043,1676677581629
1676677580291,1676677581653
1676677580343,1676677581685
1676677580579,1676677581709
1676677580451,1676677581741
1676677580415,1676677581801
1676677580411,1676677581853
1676677579983,1676677581877
1676677580811,1676677582013
1676677580167,1676677582013
1676677581079,1676677582021
1676677580831,1676677582081
1676677580671,1676677582117
1676677580655,1676677582201
1676677581035,1676677582201
1676677580999,1676677582213
1676677580579,1676677582229
1676677580459,1676677582233
1676677580963,1676677582345
1676677581301,1676677582401
1676677581499,1676677582403
1676677581394,1676677582433
1676677581482,1676677582449
1676677581631,1676677582501
1676677580907,1676677582524
1676677581231,1676677582625
1676677581331,1676677582629
1676677580939,1676677582637
1676677581459,1676677582745
1676677580975,1676677582753
1676677581127,1676677582797
1676677581655,1676677582801
1676677581535,1676677582849
1676677580978,1676677582853
1676677581563,1676677582897
1676677581363,1676677582953
1676677580863,1676677582969
1676677581595,1676677583065
1676677581743,1676677583101
1676677582015,1676677583133
1676677581855,1676677583173
1676677581687,1676677583337
1676677582083,1676677583388
1676677581587,1676677583509
1676677582215,1676677583609
1676677581803,1676677583633
1676677582023,1676677583717
1676677582403,1676677583725
1676677582450,1676677583757
1676677582346,1676677583889
1676677581879,1676677583905
1676677582639,1676677583933
1676677582627,1676677583937
1676677582955,1676677583945
1676677582630,1676677583993
1676677582203,1676677584033
1676677582435,1676677584041
1676677582203,1676677584069
1676677582231,1676677584125
1676677582971,1676677584177
1676677582015,1676677584229
1676677582404,1676677584241
1676677582755,1676677584256
1676677582526,1676677584261
1676677582803,1676677584306
1676677582851,1676677584325
1676677582746,1676677584357
1676677583135,1676677584361
1676677582235,1676677584373
1676677582899,1676677584457
1676677582798,1676677584473
1676677583067,1676677584497
1676677583103,1676677584513
1676677581711,1676677584573
1676677582502,1676677584633
1676677583510,1676677584685
1676677583175,1676677584717
1676677583339,1676677584729
1676677582855,1676677584781
1676677583719,1676677584857
1676677583635,1676677584881
1676677583611,1676677584897
1676677583727,1676677585005
1676677583935,1676677585125
1676677584043,1676677585189
1676677583389,1676677585201
1676677584179,1676677585317
1676677584307,1676677585334
1676677583759,1676677585349
1676677584459,1676677585401
1676677584035,1676677585409
1676677584359,1676677585500
1676677584635,1676677585501
1676677584363,1676677585521
1676677584327,1676677585537
1676677583907,1676677585545
1676677584127,1676677585561
1676677584375,1676677585625
1676677583891,1676677585669
1676677583939,1676677585677
1676677584231,1676677585701
1676677583995,1676677585729
1676677583947,1676677585741
1676677584475,1676677585825
1676677584687,1676677585901
1676677584258,1676677585913
1676677584883,1676677585981
1676677584719,1676677586001
1676677584263,1676677586021
1676677584731,1676677586105
1676677585007,1676677586121
1676677584243,1676677586129
1676677584500,1676677586145
1676677584859,1676677586154
1676677584899,1676677586193
1676677584515,1676677586241
1676677585411,1676677586289
1676677584575,1676677586401
1676677584783,1676677586425
1676677585503,1676677586509
1676677585191,1676677586617
1676677585563,1676677586621
1676677585502,1676677586653
1676677585319,1676677586665
1676677585127,1676677586689
1676677585523,1676677586729
1676677585903,1676677586905
1676677585627,1676677586961
1676677585403,1676677586988
1676677585671,1676677586993
1676677585351,1676677587061
1676677585983,1676677587141
1676677585743,1676677587237
1676677585539,1676677587281
1676677586156,1676677587393
1676677585547,1676677587457
1676677586003,1676677587481
1676677586146,1676677587533
1676677586427,1676677587601
1676677585679,1676677587629
1676677586107,1676677587653
1676677586402,1676677587689
1676677586131,1676677587693
1676677585827,1676677587785
1676677585915,1676677587813
1676677586023,1676677587817
1676677585731,1676677587929
1676677586907,1676677587949
1676677586123,1676677587977
1676677586963,1676677588045
1676677586243,1676677588109
1676677586655,1676677588137
1676677586691,1676677588169
1676677586291,1676677588181
1676677586731,1676677588217
1676677586667,1676677588237
1676677586511,1676677588253
1676677586195,1676677588277
1676677587063,1676677588361
1676677586623,1676677588409
1676677586995,1676677588417
1676677586619,1676677588437
1676677587283,1676677588713
1676677587602,1676677588725
1676677587395,1676677588845
1676677587143,1676677588849
1676677587483,1676677588901
1676677587631,1676677588937
1676677587931,1676677588973
1676677586990,1676677588985
1676677587694,1676677588997
1676677587819,1676677589081
1676677587655,1676677589213
1676677585336,1676677589217
1676677588139,1676677589253
1676677587815,1676677589301
1676677587239,1676677589309
1676677588183,1676677589317
1676677587979,1676677589341
1676677588047,1676677589373
1676677588363,1676677589397
1676677587787,1676677589417
1676677588239,1676677589481
1676677588111,1676677589513
1676677587951,1676677589517
1676677587459,1676677589521
1676677588219,1676677589541
1676677588419,1676677589609
1676677587691,1676677589665
1676677588171,1676677589697
1676677588255,1676677589709
1676677588715,1676677589838
1676677588439,1676677589861
1676677588727,1676677589873
1676677588411,1676677589929
1676677588847,1676677590045
1676677588975,1676677590093
1676677588851,1676677590105
1676677588903,1676677590161
1676677588999,1676677590169
1676677588939,1676677590232
1676677588279,1676677590297
1676677589302,1676677590301
1676677589319,1676677590381
1676677589399,1676677590481
1676677589215,1676677590581
1676677589310,1676677590585
1676677589255,1676677590653
1676677589515,1676677590657
1676677589219,1676677590769
1676677589343,1676677590805
1676677589419,1676677590901
1676677589699,1676677590913
1676677589375,1676677590921
1676677589931,1676677590929
1676677588987,1676677591065
1676677589518,1676677591069
1676677589875,1676677591089
1676677589483,1676677591097
1676677589543,1676677591225
1676677589611,1676677591245
1676677589710,1676677591273
1676677590047,1676677591381
1676677589522,1676677591397
1676677589667,1676677591425
1676677590171,1676677591457
1676677590107,1676677591457
1676677590163,1676677591593
1676677589863,1676677591673
1676677590095,1676677591725
1676677590771,1676677591825
1676677590915,1676677591893
1676677590482,1676677591908
1676677590583,1676677591933
1676677590303,1676677591997
1676677590299,1676677592005
1676677590383,1676677592109
1676677590903,1676677592205
1676677591067,1676677592229
1676677589840,1676677592235
1676677591099,1676677592249
1676677591427,1676677592449
1676677590807,1676677592493
1676677591275,1676677592529
1676677590931,1676677592584
1676677591675,1676677592633
1676677591595,1676677592705
1676677591227,1676677592757
1676677590587,1676677592837
1676677591399,1676677592885
1676677591247,1676677592961
1676677591459,1676677593025
1676677590655,1676677593113
1676677590923,1676677593125
1676677591727,1676677593173
1676677590659,1676677593241
1676677591827,1676677593269
1676677592237,1676677593417
1676677592250,1676677593485
1676677592111,1676677593517
1676677592231,1676677593529
1676677592207,1676677593537
1676677591999,1676677593545
1676677592007,1676677593645
1676677591910,1676677593662
1676677591383,1676677593673
1676677591459,1676677593717
1676677591071,1676677593745
1676677591091,1676677593889
1676677592586,1676677593901
1676677592839,1676677593909
1676677592531,1676677594057
1676677592964,1676677594161
1676677593175,1676677594257
1676677593115,1676677594261
1676677592707,1676677594281
1676677592887,1676677594285
1676677591935,1676677594325
1676677592635,1676677594341
1676677592495,1676677594409
1676677592759,1676677594481
1676677593419,1676677594593
1676677593271,1676677594661
1676677593675,1676677594693
1676677593547,1676677594845
1676677593127,1676677594929
1676677593027,1676677594965
1676677593903,1676677594985
1676677593243,1676677595045
1676677593747,1676677595061
1676677593663,1676677595109
1676677593519,1676677595121
1676677594411,1676677595230
1676677593891,1676677595253
1676677593487,1676677595289
1676677593531,1676677595293
1676677593539,1676677595321
1676677593647,1676677595401
1676677594283,1676677595421
1676677594059,1676677595497
1676677594259,1676677595693
1676677593911,1676677595733
1676677594263,1676677595789
1676677594163,1676677595821
1676677594695,1676677595850
1676677594342,1676677595853
1676677594327,1676677595901
1676677594663,1676677595941
1676677594483,1676677596023
1676677594847,1676677596093
1676677594595,1676677596093
1676677594931,1676677596133
1676677595123,1676677596137
1676677594987,1676677596213
1676677594287,1676677596217
1676677595111,1676677596449
1676677595063,1676677596457
1676677595232,1676677596465
1676677595295,1676677596549
1676677595255,1676677596585
1676677594967,1676677596633
1676677595291,1676677596641
1676677595735,1676677596649
1676677595403,1676677596685
1676677595323,1676677596789
1676677595047,1676677596797
1676677596095,1676677596845
1676677596219,1676677596905
1676677595943,1676677596922
1676677595499,1676677596929
1676677595903,1676677597037
1676677595423,1676677597045
1676677595855,1676677597077
1676677595791,1676677597161
1676677595852,1676677597257
1676677595695,1676677597353
1676677596459,1676677597465
1676677596134,1676677597477
1676677596651,1676677597505
1676677596024,1676677597533
1676677596635,1676677597573
1676677596451,1676677597629
1676677596095,1676677597681
1676677596799,1676677597821
1676677596907,1676677597949
1676677596467,1676677598021
1676677596924,1676677598157
1676677596587,1676677598185
1676677597039,1676677598265
1676677596139,1676677598321
1676677596931,1676677598337
1676677597047,1676677598389
1676677596687,1676677598401
1676677596791,1676677598453
1676677597259,1676677598597
1676677597079,1676677598729
1676677597507,1676677598729
1676677597535,1676677598737
1676677596215,1676677598809
1676677597683,1676677598877
1676677597467,1676677598925
1676677597479,1676677598947
1676677598023,1676677598989
1676677597355,1676677599041
1676677597823,1676677599069
1676677597575,1676677599133
1676677597631,1676677599161
1676677598187,1676677599177
1676677596551,1676677599213
1676677596846,1676677599241
1676677597163,1676677599245
1676677597951,1676677599329
1676677598159,1676677599377
1676677598323,1676677599409
1676677598403,1676677599577
1676677598731,1676677599717
1676677598455,1676677599721
1676677598739,1676677599793
1676677598991,1676677599853
1676677598731,1676677599985
1676677598599,1676677600025
1676677598391,1676677600125
1676677598949,1676677600241
1676677598879,1676677600277
1676677599163,1676677600373
1676677599071,1676677600405
1676677598267,1676677600545
1676677598811,1676677600549
1676677599243,1676677600701
1676677599179,1676677600737
1676677599215,1676677600881
1676677599719,1676677600909
1676677599135,1676677600937
1676677599579,1676677601037
1676677599411,1676677601041
1676677599247,1676677601041
1676677599043,1676677601097
1676677598927,1676677601121
1676677599331,1676677601217
1676677599723,1676677601221
1676677600027,1676677601225
1676677599855,1676677601277
1676677600547,1676677601433
1676677600126,1676677601461
1676677600279,1676677601601
1676677600551,1676677601613
1676677600375,1676677601685
1676677599795,1676677601773
1676677600407,1676677601825
1676677599987,1676677601861
1676677600243,1676677601897
1676677600883,1676677602053
1676677601043,1676677602117
1676677600940,1676677602157
1676677600911,1676677602409
1676677601043,1676677602457
1676677601228,1676677602509
1676677601223,1676677602541
1676677600739,1676677602557
1676677601463,1676677602625
1676677601603,1676677602681
1676677601038,1676677602685
1676677601123,1676677602789
1676677600703,1676677602853
1676677601863,1676677603029
1676677601279,1676677603241
1676677602055,1676677603257
1676677601435,1676677603285
1676677601775,1676677603341
1676677602627,1676677603437
1676677601827,1676677603465
1676677602543,1676677603501
1676677601899,1676677603573
1676677602119,1676677603613
1676677602411,1676677603637
1676677601615,1676677603665
1676677602511,1676677603886
1676677601687,1676677603965
1676677601219,1676677603989
1676677603031,1676677604064
1676677602159,1676677604085
1676677602459,1676677604133
1676677602683,1676677604145
1676677602791,1676677604193
1676677603243,1676677604201
1676677602855,1676677604345
1676677602558,1676677604417
1676677603287,1676677604617
1676677603575,1676677604657
1676677603467,1676677604677
1676677603343,1676677604722
1676677603667,1676677604945
1676677603639,1676677604957
1676677603615,1676677604965
1676677604066,1676677605301
1676677603439,1676677605417
1676677603991,1676677605493
1676677604147,1676677605501
1676677604195,1676677605557
1676677603503,1676677605581
1676677604659,1676677605617
1676677604346,1676677605709
1676677604203,1676677605793
1676677604087,1676677605797
1676677603887,1676677605897
1676677603967,1676677605905
1676677604947,1676677605997
1676677604723,1676677606073
1676677603259,1676677606105
1676677604679,1676677606133
1676677604619,1676677606265
1676677604967,1676677606321
1676677604419,1676677606381
1676677604959,1676677606393
1676677605419,1676677606645
1676677605583,1676677606773
1676677605303,1676677606805
1676677605795,1676677606905
1676677605619,1676677607153
1676677606107,1676677607301
1676677605495,1676677607325
1676677605799,1676677607413
1676677606075,1676677607441
1676677605999,1676677607449
1676677605907,1676677607469
1676677605503,1676677607473
1676677606135,1676677607501
1676677605559,1676677607565
1676677605711,1676677607593
1676677606383,1676677607717
1676677606395,1676677607753
1676677606807,1676677607801
1676677606267,1676677607865
1676677606775,1676677607885
1676677606647,1676677608117
1676677607327,1676677608289
1676677607567,1676677608609
1676677607303,1676677608665
1676677607475,1676677608781
1676677606323,1676677608841
1676677607415,1676677608869
1676677607719,1676677608993
1676677607471,1676677609057
1676677606907,1676677609181
1676677607503,1676677609217
1676677607755,1676677609261
1676677607803,1676677609325
1676677607595,1676677609425
1676677607443,1676677609441
1676677607887,1676677609461
1676677607451,1676677609493
1676677608291,1676677609537
1676677608783,1676677609601
1676677608842,1676677609821
1676677608667,1676677609881
1676677608119,1676677609893
1676677607867,1676677609945
1676677609059,1676677610233
1676677609219,1676677610234
1676677608611,1676677610301
1676677608871,1676677610497
1676677609539,1676677610769
1676677609427,1676677610869
1676677609495,1676677610897
1676677609443,1676677610921
1676677609327,1676677611109
1676677609463,1676677611369
1676677610235,1676677611461
1676677608995,1676677611465
1676677610236,1676677611481
1676677609823,1676677611533
1676677609263,1676677611633
1676677610499,1676677611645
1676677609603,1676677611661
1676677609883,1676677611705
1676677609947,1676677611766
1676677609895,1676677611889
1676677610303,1676677611925
1676677610871,1676677612085
1676677611111,1676677612329
1676677610771,1676677612361
1676677610899,1676677612378
1676677611371,1676677612649
1676677611635,1676677612801
1676677611647,1676677612825
1676677611707,1676677613117
1676677611927,1676677613157
1676677611535,1676677613433
1676677611663,1676677613566
1676677611483,1676677613569
1676677612087,1676677613721
1676677611768,1676677613725
1676677612331,1676677613741
1676677610923,1676677613833
1676677611891,1676677613877
1676677612379,1676677614009
1676677611463,1676677614061
1676677612827,1676677614101
1676677613119,1676677614317
1676677613159,1676677614329
1676677612651,1676677614388
1676677612803,1676677614501
1676677613435,1676677614545
1676677613726,1676677614713
1676677613568,1676677614785
1676677613743,1676677615381
1676677613835,1676677615421
1676677613723,1676677615429
1676677614062,1676677615441
1676677613571,1676677615517
1676677613879,1676677615605
1676677614331,1676677615653
1676677614103,1676677615693
1676677614319,1676677615749
1676677614715,1676677615813
1676677614787,1676677615845
1676677614547,1676677616045
1676677614390,1676677616209
1676677614503,1676677616213
1676677615423,1676677616473
1676677615443,1676677616693
1676677615519,1676677616725
1676677615751,1676677616801
1676677615695,1676677616917
1676677615847,1676677617329
1676677615607,1676677617509
1676677615383,1676677617553
1676677615655,1676677617645
1676677616211,1676677617645
1676677615431,1676677617729
1676677616695,1676677617913
1676677616047,1676677618149
1676677616215,1676677618161
1676677616475,1676677618189
1676677616803,1676677618225
1676677616727,1676677618297
1676677617331,1676677618421
1676677616919,1676677618585
1676677617731,1676677618733
1676677617511,1676677618765
1676677617649,1676677619029
1676677618163,1676677619213
1676677618191,1676677619273
1676677617555,1676677619297
1676677617915,1676677619365
1676677617650,1676677619657
1676677618767,1676677619785
1676677618299,1676677619809
1676677618151,1676677619840
1676677618227,1676677620205
1676677618423,1676677620261
1676677619031,1676677620521
1676677619275,1676677620549
1676677618587,1676677620605
1676677619215,1676677620717
1676677619659,1676677621057
1676677619811,1676677621105
1676677618735,1676677621149
1676677619787,1676677621173
1676677619842,1676677621469
1676677620263,1676677621705
1676677619367,1676677621729
1676677620551,1676677621957
1676677620607,1676677622029
1676677620207,1676677622065
1676677620523,1676677622157
1676677621471,1676677622621
1676677621731,1676677622741
1676677621175,1676677622759
1676677620719,1676677622761
1676677621107,1676677622849
1676677621059,1676677622957
1676677621151,1676677623113
1676677622067,1676677623153
1676677622031,1676677623477
1676677622159,1676677623677
1676677621959,1676677623753
1676677621707,1676677623913
1676677622743,1676677623977
1676677622760,1676677624057
1676677622762,1676677624297
1676677622623,1676677624437
1676677622851,1676677624525
1676677623115,1676677624861
1676677623679,1676677624997
1676677622958,1676677625133
1676677623755,1676677625213
1676677623479,1676677625257
1676677623915,1676677625321
1676677624059,1676677625405
1676677624298,1676677625453
1676677623979,1676677625581
1676677624439,1676677626113
1676677624863,1676677626125
1676677624999,1676677626193
1676677625135,1676677626369
1676677625215,1676677627229
1676677625455,1676677627401
1676677625583,1676677627573
1676677624527,1676677627701
1676677626371,1676677627789
1676677625323,1676677627845
1676677625259,1676677627889
1676677625407,1676677627925
1676677626115,1676677628037
1676677627231,1676677628261
1676677626195,1676677628337
1676677627575,1676677628489
1676677626127,1676677628529
1676677627403,1676677628717
1676677627703,1676677628837
1676677627847,1676677628917
1676677627891,1676677629029
1676677627791,1676677629257
1676677628039,1676677629469
1676677627927,1676677629549
1676677628339,1676677629621
1676677628719,1676677630017
1676677628263,1676677630063
1676677628919,1676677630241
1676677628491,1676677630337
1676677629031,1676677630345
1676677629259,1676677630481
1676677629551,1676677630677
1676677629623,1676677630725
1676677628839,1676677630841
1676677629471,1676677630905
1676677630242,1676677631485
1676677630338,1676677631537
1676677630065,1676677631873
1676677630019,1676677632097
1676677630483,1676677632205
1676677630679,1676677632409
1676677630347,1676677632489
1676677630907,1676677632585
1676677630727,1676677632657
1676677630843,1676677632937
1676677631875,1676677633077
1676677632099,1676677633125
1676677631487,1676677633145
1676677631539,1676677633213
1676677632587,1676677633785
1676677632939,1676677633953
1676677632207,1676677634197
1676677632491,1676677634429
1676677633079,1676677634573
1676677633127,1676677634701
1676677632410,1676677634977
1676677632659,1676677635057
1676677634199,1676677635257
1676677634575,1676677635365
1676677633146,1676677635433
1676677633215,1676677635462
1676677634431,1676677635529
1676677633787,1676677635669
1676677634703,1676677636033
1676677635059,1676677636053
1676677633955,1676677636213
1676677634979,1676677636353
1676677635367,1676677636813
1676677635435,1676677636839
1676677635531,1676677636897
1676677635259,1676677636929
1676677636034,1676677637213
1676677636054,1676677637353
1676677635670,1676677637477
1676677636355,1676677637717
1676677635463,1676677637861
1676677636840,1676677638105
1676677636215,1676677638185
1676677636931,1676677638409
1676677637214,1676677638793
1676677636899,1676677638833
1676677636815,1676677638845
1676677637479,1676677639101
1676677637355,1676677639125
1676677638107,1676677639205
1676677637719,1676677639517
1676677637863,1676677640477
1676677639103,1676677640638
1676677638795,1676677640685
1676677638187,1676677640817
1676677638835,1676677640925
1676677638411,1676677640957
1676677639519,1676677640977
1676677639207,1676677641077
1676677639127,1676677641121
1676677638847,1676677641185
1676677640479,1676677641497
1676677640640,1676677641561
1676677640819,1676677641605
1676677640687,1676677641937
1676677640927,1676677642337
1676677641187,1676677642429
1676677640979,1676677642529
1676677641123,1676677642657
1676677641079,1676677642781
1676677640959,1676677642861
1676677641606,1676677642981
1676677641499,1676677643013
1676677641938,1676677643245
1676677641563,1676677643309
1676677641734,1676677643461
1676677642431,1676677643808
1676677642783,1676677644141
1676677642983,1676677644157
1676677642339,1676677644205
1676677642531,1676677644397
1676677642863,1676677644417
1676677642659,1676677644481
1676677643015,1676677644505
1676677643247,1676677645053
1676677643810,1676677645141
1676677644207,1676677645289
1676677643311,1676677645297
1676677643467,1676677645325
1676677644483,1676677645609
1676677644159,1676677645701
1676677644419,1676677645949
1676677644507,1676677646049
1676677644143,1676677646277
1676677645055,1676677646341
1676677645299,1676677646501
1676677644399,1676677646537
1676677645291,1676677646765
1676677645143,1676677647093
1676677645327,1676677647261
1676677645951,1676677647385
1676677645611,1676677647477
1676677646539,1676677647545
1676677645703,1676677647725
1676677646279,1676677647933
1676677647387,1676677648441
1676677646767,1676677648645
1676677647547,1676677649061
1676677646760,1676677649057
1676677646343,1676677649117
1676677647095,1676677649205
1676677647727,1676677649225
1676677646051,1676677649313
1676677647935,1676677649353
1676677647263,1676677649389
1676677646503,1676677649421
1676677647479,1676677649653
1676677648443,1676677649825
1676677648647,1676677650249
1676677649063,1676677650277
1676677649119,1676677650873
1676677649227,1676677650897
1676677649207,1676677650945
1676677649355,1676677651005
1676677649391,1676677651113
1676677649423,1676677651265
1676677649777,1676677651369
1676677649063,1676677651509
1676677649826,1676677651645
1676677649655,1676677651689
1676677650251,1676677651813
1676677649315,1676677651817
1676677650875,1676677651989
1676677651007,1676677652057
1676677650279,1676677652133
1676677650899,1676677652357
1676677651375,1676677652605
1676677651267,1676677652661
1676677651511,1676677652721
1676677651647,1676677652773
1676677650947,1676677652929
1676677652059,1676677653074
1676677651815,1676677653133
1676677651115,1676677653313
1676677651991,1676677653537
1676677652135,1676677653577
1676677652359,1676677653621
1676677651691,1676677653705
1676677652663,1676677654001
1676677652794,1676677654217
1676677651819,1676677654269
1676677652775,1676677654337
1676677653076,1676677654425
1676677652931,1676677654465
1676677653579,1676677654553
1676677653135,1676677654610
1676677652723,1676677654761
1676677653315,1676677654765
1676677652607,1676677654785
1676677654003,1676677655105
1676677653538,1676677655212
1676677654271,1676677655253
1676677654224,1676677655329
1676677653623,1676677655481
1676677654339,1676677655781
1676677653707,1676677655817
1676677654427,1676677656167
1676677654766,1676677656305
1676677654612,1676677656321
1676677654763,1676677656393
1676677655107,1676677656537
1676677654787,1676677656729
1676677655255,1676677656737
1676677655331,1676677656981
1676677655483,1676677657173
1676677654467,1676677657173
1676677655214,1676677657189
1676677654809,1676677657245
1676677654554,1676677657253
1676677656731,1676677657521
1676677655819,1676677657537
1676677656170,1676677657605
1676677656395,1676677657725
1676677655783,1676677657853
1676677656323,1676677657913
1676677656539,1676677658105
1676677656307,1676677658113
1676677656828,1676677658341
1676677656739,1676677658357
1676677656983,1676677658413
1676677657255,1676677658645
1676677657251,1676677658649
1676677657175,1676677658653
1676677657175,1676677658713
1676677657523,1676677658809
1676677657607,1676677658857
1676677657191,1676677658949
1676677657727,1676677659161
1676677657855,1676677659389
1676677657539,1676677659428
1676677657915,1676677659609
1676677658358,1676677659781
1676677658651,1676677659885
1676677658115,1676677660117
1676677658655,1676677660189
1676677658415,1676677660217
1676677658811,1676677660233
1676677658647,1676677660253
1676677658347,1676677660281
1676677658859,1676677660345
1676677658715,1676677660383
1676677658107,1676677660465
1676677659163,1676677660477
1676677658845,1676677660497
1676677658951,1676677660513
1676677659391,1676677660711
1676677659430,1676677660717
1676677660119,1676677661429
1676677659783,1676677661558
1676677660283,1676677661605
1676677660191,1676677661833
1676677659611,1676677661873
1676677660255,1676677661877
1676677660479,1676677661961
1676677660347,1676677661969
1676677660219,1676677662046
1676677660235,1676677662165
1676677659887,1676677662225
1676677660719,1676677662253
1676677660713,1676677662281
1676677661431,1676677662369
1676677660857,1676677662373
1676677660467,1676677662381
1676677660503,1676677662457
1676677660514,1676677662521
1676677661560,1676677662569
1676677660385,1676677662633
1676677661835,1676677662933
1676677661607,1676677663241
1676677662227,1676677663345
1676677662047,1676677663365
1676677661875,1676677663549
1676677661963,1676677663565
1676677661971,1676677663573
1676677662459,1676677663701
1676677662383,1676677663765
1676677661878,1676677663833
1676677662166,1676677664009
1676677662523,1676677664209
1676677662935,1676677664245
1676677662635,1676677664301
1676677662379,1676677664341
1676677662371,1676677664409
1676677663766,1676677664477
1676677662255,1676677664541
1676677662283,1676677664577
1676677662571,1676677664590
1676677663367,1676677664613
1676677663243,1676677664889
1676677663347,1676677664921
1676677663703,1676677664941
1676677663567,1676677665009
1676677663551,1676677665053
1676677663887,1676677665110
1676677662875,1676677665129
1676677663835,1676677665201
1676677664011,1676677665253
1676677663575,1676677665301
1676677664247,1676677665357
1676677664343,1676677665361
1676677664411,1676677665541
1676677664211,1676677665733
1676677664303,1676677665769
1676677664543,1676677665861
1676677664923,1676677665945
1676677664579,1676677665993
1676677665010,1676677666142
1676677664615,1676677666281
1676677664891,1676677666302
1676677665203,1676677666405
1676677664592,1676677666409
1676677665115,1676677666497
1676677664479,1676677666557
1676677665359,1676677666697
1676677664943,1676677666721
1676677665255,1676677666870
1676677665134,1676677666897
1676677665303,1676677666981
1676677665055,1676677667033
1676677665543,1676677667077
1676677665947,1676677667201
1676677665363,1676677667205
1676677665771,1676677667241
1676677665863,1676677667309
1676677665902,1676677667325
1676677665735,1676677667353
1676677666411,1676677667433
1676677666499,1676677667613
1676677666304,1676677667721
1676677666283,1676677667809
1676677666144,1676677667817
1676677666872,1676677667861
1676677667035,1676677667897
1676677665995,1676677668013
1676677666407,1676677668053
1676677666699,1676677668069
1676677666723,1676677668357
1676677666899,1676677668429
1676677666983,1676677668613
1676677667079,1676677668673
1676677667311,1676677668693
1676677667203,1676677668745
1676677666559,1676677668761
1676677667354,1676677668937
1676677667819,1676677668973
1676677667435,1676677668973
1676677667723,1676677669009
1676677666915,1676677669061
1676677667207,1676677669133
1676677667243,1676677669189
1676677667811,1676677669321
1676677667899,1676677669334
1676677667330,1676677669341
1676677668055,1676677669449
1676677668359,1676677669577
1676677667615,1676677669617
1676677667863,1676677669677
1676677668615,1676677669781
1676677668747,1676677669781
1676677668763,1676677669853
1676677668015,1676677669909
1676677668675,1676677670027
1676677668695,1676677670085
1676677668431,1676677670103
1676677668071,1676677670161
1676677668975,1676677670361
1676677668975,1676677670413
1676677668939,1676677670417
1676677668931,1676677670421
1676677669336,1676677670501
1676677669135,1676677670585
1676677669619,1676677670605
1676677669579,1676677670621
1676677669011,1676677670653
1676677669066,1676677670677
1676677669343,1676677670709
1676677669451,1676677670789
1676677669783,1676677670881
1676677669783,1676677671017
1676677669679,1676677671109
1676677670415,1676677671185
1676677669191,1676677671201
1676677670086,1676677671265
1676677669323,1676677671265
1676677670587,1676677671449
1676677670105,1676677671473
1676677669911,1676677671577
1676677670655,1676677671637
1676677670363,1676677671673
1676677670029,1676677671689
1676677670623,1676677671866
1676677669942,1676677672057
1676677670426,1676677672141
1676677670163,1676677672191
1676677670503,1676677672209
1676677670679,1676677672209
1676677670791,1676677672221
1676677670883,1676677672345
1676677669855,1676677672361
1676677670419,1676677672441
1676677670607,1676677672441
1676677670711,1676677672505
1676677671203,1676677672589
1676677671451,1676677672665
1676677671111,1676677672685
1676677671187,1676677672749
1676677671579,1676677672845
1676677671267,1676677672857
1676677671267,1676677672925
1676677671019,1676677672933
1676677671475,1676677673021
1676677671869,1676677673113
1676677672193,1676677673269
1676677671639,1676677673277
1676677672211,1676677673337
1676677672143,1676677673453
1676677672443,1676677673537
1676677671675,1676677673577
1676677672667,1676677673601
1676677672223,1676677673689
1676677672062,1676677673705
1676677672211,1676677673746
1676677671691,1676677673753
1676677671960,1676677673813
1676677672443,1676677673873
1676677672591,1676677673917
1676677672363,1676677673997
1676677672347,1676677674145
1676677672507,1676677674173
1676677672927,1676677674173
1676677672847,1676677674189
1676677673115,1676677674193
1676677672935,1676677674261
1676677672751,1676677674265
1676677672859,1676677674277
1676677673023,1676677674277
1676677672974,1676677674353
1676677672687,1676677674358
1676677673748,1676677674733
1676677673271,1676677674757
1676677673339,1676677674849
1676677673279,1676677674917
1676677673818,1676677674929
1676677673707,1676677674961
1676677673539,1676677675013
1676677673691,1676677675025
1676677673603,1676677675177
1676677674147,1676677675241
1676677674191,1676677675337
1676677673455,1676677675341
1676677674195,1676677675409
1676677673755,1676677675461
1676677673919,1676677675521
1676677674279,1676677675545
1676677674358,1676677675617
1676677674263,1676677675645
1676677674279,1676677675665
1676677674175,1676677675681
1676677673998,1676677675697
1676677673579,1676677675713
1676677674267,1676677675825
1676677673984,1676677675829
1676677673875,1676677675841
1676677674175,1676677675905
1676677674851,1676677675945
1676677674360,1676677676051
1676677674932,1676677676129
1676677675343,1676677676232
1676677675015,1676677676353
1676677675339,1676677676357
1676677675027,1676677676381
1676677675179,1676677676409
1676677674919,1676677676489
1676677674963,1676677676521
1676677674759,1676677676581
1676677675243,1676677676709
1676677674735,1676677676749
1676677675843,1676677676901
1676677675667,1676677676953
1676677675907,1676677676977
1676677675947,1676677677008
1676677675683,1676677677021
1676677675699,1676677677173
1676677675522,1676677677213
1676677675647,1676677677233
1676677675715,1676677677237
1676677675411,1676677677245
1676677675547,1676677677377
1676677675827,1676677677397
1676677676053,1676677677397
1676677676411,1676677677411
1676677676003,1676677677489
1676677675835,1676677677493
1676677675463,1676677677613
1676677676359,1676677677623
1676677675619,1676677677625
1676677676234,1676677677649
1676677676492,1676677677713
1676677676523,1676677677872
1676677676131,1676677677889
1676677676955,1676677677969
1676677676903,1676677678241
1676677677010,1676677678269
1676677676751,1676677678289
1676677676979,1676677678437
1676677676355,1676677678445
1676677676383,1676677678482
1676677677215,1676677678513
1676677677235,1676677678533
1676677676712,1676677678577
1676677677247,1676677678621
1676677677239,1676677678649
1676677677495,1676677678665
1676677676583,1676677678697
1676677677399,1676677678701
1676677677014,1676677678741
1676677677891,1676677678789
1676677677615,1676677678821
1676677677399,1676677678829
1676677677715,1676677678881
1676677677175,1676677679077
1676677677495,1676677679097
1676677677379,1676677679117
1676677677625,1676677679145
1676677677651,1676677679145
1676677677627,1676677679153
1676677678026,1676677679193
1676677677022,1676677679209
1676677678447,1676677679385
1676677677971,1676677679445
1676677678291,1676677679473
1676677678439,1676677679661
1676677678243,1676677679705
1676677678484,1676677679773
1676677677874,1676677679817
1676677678623,1676677679821
1676677678535,1676677679873
1676677678667,1676677679945
1676677678580,1676677679957
1676677678747,1676677679997
1676677678515,1676677680069
1676677678831,1676677680193
1676677678699,1676677680232
1676677678703,1676677680237
1676677678271,1676677680325
1676677677413,1676677680365
1676677679119,1676677680385
1676677679099,1676677680417
1676677678823,1676677680485
1676677678791,1676677680505
1676677678651,1676677680525
1676677679386,1676677680553
1676677679198,1676677680641
1676677678883,1676677680653
1676677679475,1676677680673
1676677679147,1676677680729
1676677679147,1676677680757
1676677679663,1676677680801
1676677679155,1676677680885
1676677679819,1676677680894
1676677679999,1676677680901
1676677679079,1676677680945
1676677679823,1676677681121
1676677679947,1676677681213
1676677680239,1676677681325
1676677679775,1676677681329
1676677680037,1676677681333
1676677679211,1676677681409
1676677680507,1676677681489
1676677679707,1676677681501
1676677679447,1676677681617
1676677680071,1676677681633
1676677680527,1676677681681
1676677680731,1676677681709
1676677680195,1676677681725
1676677680234,1676677681725
1676677680803,1676677681737
1676677680419,1676677681745
1676677679959,1676677681805
1676677680555,1676677681965
1676677680367,1676677681997
1676677680675,1676677682009
1676677680387,1676677682026
1676677680487,1676677682077
1676677680947,1676677682168
1676677680643,1676677682169
1676677679875,1676677682297
1676677680887,1676677682321
1676677681050,1676677682321
1676677681338,1676677682333
1676677681123,1676677682437
1676677680655,1676677682441
1676677681327,1676677682581
1676677680896,1676677682589
1676677680903,1676677682613
1676677680327,1676677682621
1676677681215,1676677682685
1676677681491,1676677682785
1676677681634,1676677682861
1676677681683,1676677682865
1676677681746,1676677682905
1676677681727,1676677682953
1676677680759,1676677683013
1676677681738,1676677683037
1676677681711,1676677683273
1676677682061,1676677683273
1676677681807,1676677683313
1676677682079,1676677683329
1676677682439,1676677683357
1676677681331,1676677683369
1676677682170,1676677683406
1676677681503,1676677683438
1676677682028,1676677683545
1676677681727,1676677683561
1676677682323,1676677683589
1676677681411,1676677683641
1676677681619,1676677683653
1676677681999,1676677683781
1676677682170,1676677683809
1676677682011,1676677683817
1676677682299,1676677683857
1676677682591,1676677683929
1676677682443,1676677683945
1676677682615,1676677683949
1676677682863,1676677683965
1676677681967,1676677683997
1676677682787,1676677684096
1676677682326,1676677684101
1676677682335,1676677684109
1676677682907,1676677684133
1676677682623,1676677684153
1676677682687,1676677684217
1676677683275,1676677684285
1676677683039,1676677684337
1676677682867,1676677684365
1676677683315,1676677684394
1676677683408,1676677684489
1676677683015,1676677684489
1676677682955,1676677684549
1676677682583,1676677684697
1676677683563,1676677684729
1676677683279,1676677684773
1676677683547,1676677684833
1676677683643,1676677684893
1676677683819,1676677684905
1676677683440,1676677684937
1676677683359,1676677684938
1676677683859,1676677684972
1676677683591,1676677684977
1676677683947,1676677685165
1676677684098,1676677685193
1676677683999,1676677685217
1676677684155,1676677685217
1676677684219,1676677685265
1676677683951,1676677685321
1676677683331,1676677685365
1676677683655,1676677685365
1676677684135,1676677685377
1676677683371,1676677685437
1676677684111,1676677685501
1676677683967,1676677685505
1676677683932,1676677685529
1676677683783,1676677685589
1676677684491,1676677685649
1676677683811,1676677685665
1676677684287,1676677685717
1676677684367,1676677685725
1676677684396,1676677685813
1676677684073,1676677685825
1676677684103,1676677685881
1676677684551,1676677685887
1676677684939,1676677685961
1676677684339,1676677686124
1676677684775,1676677686217
1676677684699,1676677686257
1676677684835,1676677686263
1676677684940,1676677686329
1676677685218,1676677686345
1676677684731,1676677686417
1676677684491,1676677686417
1676677684979,1676677686437
1676677685323,1676677686461
1676677685267,1676677686477
1676677685092,1676677686477
1676677684894,1676677686529
1676677685167,1676677686561
1676677684974,1676677686589
1676677685367,1676677686721
1676677685219,1676677686817
1676677685439,1676677686853
1676677685379,1676677686873
1676677685531,1676677686897
1676677685367,1676677686949
1676677685506,1676677686969
1676677685195,1676677686971
1676677685831,1676677687037
1676677685883,1676677687093
1676677685591,1676677687145
1676677686126,1676677687153
1676677684907,1676677687161
1676677685815,1676677687177
1676677686259,1676677687357
1676677685667,1676677687373
1676677685963,1676677687389
1676677685503,1676677687433
1676677686219,1676677687549
1676677685719,1676677687557
1676677686347,1676677687605
1676677686482,1676677687637
1676677686419,1676677687721
1676677686439,1676677687737
1676677686531,1676677687749
1676677686331,1676677687849
1676677685889,1676677687885
1676677686265,1676677687909
1676677686479,1676677687921
1676677686463,1676677687925
1676677685727,1676677687945
1676677685651,1676677687989
1676677686971,1676677688113
1676677686723,1676677688125
1676677686819,1676677688165
1676677686104,1676677688189
1676677686875,1676677688309
1676677686855,1676677688329
1676677687039,1676677688345
1676677687179,1676677688345
1676677686563,1676677688405
1676677687163,1676677688405
1676677687119,1676677688533
1676677687154,1676677688585
1676677686419,1676677688605
1676677686899,1676677688638
1676677686973,1676677688685
1676677687375,1676677688725
1676677687147,1676677688725
1676677687639,1676677688857
1676677687851,1676677688861
1676677687391,1676677688909
1676677687095,1676677688917
1676677687359,1676677688921
1676677687435,1676677688961
1676677686951,1676677688977
1676677687751,1676677688997
1676677686591,1676677689073
1676677687927,1676677689082
1676677687551,1676677689149
1676677687739,1676677689157
1676677688167,1676677689193
1676677687559,1676677689201
1676677688311,1676677689213
1676677687607,1676677689229
1676677688115,1676677689233
1676677688194,1676677689305
1676677687991,1676677689349
1676677687923,1676677689375
1676677687887,1676677689497
1676677688407,1676677689501
1676677688332,1676677689501
1676677688407,1676677689557
1676677687723,1676677689637
1676677688347,1676677689709
1676677688127,1676677689741
1676677687911,1676677689793
1676677688588,1676677689877
1676677688727,1676677689941
1676677688539,1676677689941
1676677687947,1676677689965
1676677688727,1676677689977
1676677688963,1676677689997
1676677688919,1676677690029
1676677688347,1676677690057
1676677688863,1676677690097
1676677689307,1676677690141
1676677688911,1676677690205
1676677689203,1676677690385
1676677688999,1676677690393
1676677689084,1676677690393
1676677688607,1676677690453
1676677688640,1676677690489
1676677688687,1676677690497
1676677689159,1676677690505
1676677689075,1676677690557
1676677689215,1676677690597
1676677689231,1676677690613
1676677689135,1676677690629
1676677689503,1676677690729
1676677689377,1676677690753
1676677688859,1676677690773
1676677688979,1676677690773
1676677688923,1676677690797
1676677689151,1676677690873
1676677689639,1676677690889
1676677689351,1676677690905
1676677689499,1676677690929
1676677689235,1676677690985
1676677689195,1676677691021
1676677689979,1676677691045
1676677689880,1676677691057
1676677689999,1676677691113
1676677689559,1676677691149
1676677689711,1676677691229
1676677689967,1676677691249
1676677689795,1676677691253
1676677690031,1676677691319
1676677689943,1676677691385
1676677690455,1676677691401
1676677689743,1676677691405
1676677690143,1676677691449
1676677690148,1676677691453
1676677690395,1676677691509
1676677689503,1676677691521
1676677690207,1676677691573
1676677689943,1676677691601
1676677690499,1676677691625
1676677690099,1676677691629
1676677690774,1676677691637
1676677690491,1676677691669
1676677690634,1676677691705
1676677690799,1676677691733
1676677690559,1676677691757
1676677690507,1676677691917
1676677690891,1676677691929
1676677690875,1676677691953
1676677690395,1676677692001
1676677690387,1676677692085
1676677690775,1676677692125
1676677690731,1676677692125
1676677690599,1676677692133
1676677690059,1676677692165
1676677691023,1676677692221
1676677690987,1676677692305
1676677690931,1676677692349
1676677691115,1676677692393
1676677691059,1676677692457
1676677691151,1676677692513
1676677690907,1676677692529
1676677690755,1676677692533
1676677691458,1676677692549
1676677691321,1676677692581
1676677690615,1676677692677
1676677691631,1676677692685
1676677691047,1676677692705
1676677691387,1676677692745
1676677691451,1676677692777
1676677691164,1676677692829
1676677691575,1676677692841
1676677691403,1676677692865
1676677691523,1676677692909
1676677691759,1676677692953
1676677691671,1676677692997
1676677691230,1676677693045
1676677691919,1676677693089
1676677691955,1676677693097
1676677691255,1676677693129
1676677691251,1676677693206
1676677691735,1676677693229
1676677692003,1676677693333
1676677691707,1676677693385
1676677691626,1676677693497
1676677691639,1676677693521
1676677691407,1676677693521
1676677692135,1676677693569
1676677692127,1676677693577
1676677692223,1676677693594
1676677692395,1676677693605
1676677691603,1676677693645
1676677691931,1676677693708
1676677692515,1676677693709
1676677691511,1676677693721
1676677692551,1676677693761
1676677692167,1676677693781
1676677692351,1676677693833
1676677692307,1676677693873
1676677692835,1676677693877
1676677692531,1676677693897
1676677692459,1676677693941
1676677692087,1676677693945
1676677692583,1676677693965
1676677692707,1676677693981
1676677692779,1676677694041
1676677693099,1676677694077
1676677692535,1676677694081
1676677692687,1676677694221
1676677692678,1676677694281
1676677693179,1676677694305
1676677692747,1676677694357
1676677692867,1676677694357
1676677692911,1676677694433
1676677692955,1676677694445
1676677693523,1676677694449
1676677692843,1676677694501
1676677692127,1676677694546
1676677693208,1676677694546
1676677693499,1676677694669
1676677693879,1676677694701
1676677693131,1676677694785
1676677693091,1676677694789
1676677693523,1676677694825
1676677693947,1676677694849
1676677693335,1676677694957
1676677693579,1676677694977
1676677693607,1676677695021
1676677693571,1676677695037
1676677693047,1676677695049
1676677692999,1676677695065
1676677693595,1676677695073
1676677693387,1676677695089
1676677693647,1676677695093
1676677693710,1676677695109
1676677693711,1676677695260
1676677693836,1676677695269
1676677693943,1676677695277
1676677694043,1676677695281
1676677693783,1676677695288
1676677693899,1676677695393
1676677693230,1676677695401
1676677694079,1676677695409
1676677693723,1676677695441
1676677693967,1676677695477
1676677694282,1676677695481
1676677693875,1676677695509
1676677694503,1676677695605
1676677693763,1676677695653
1676677694083,1676677695696
1676677694451,1676677695725
1676677694359,1676677695773
1676677693983,1676677695817
1676677694447,1676677695837
1676677694310,1676677695873
1676677694703,1676677695877
1676677694359,1676677695961
1676677695091,1676677695997
1676677694223,1676677696033
1676677694193,1676677696065
1676677694434,1676677696089
1676677694549,1676677696210
1676677695023,1676677696217
1676677695279,1676677696249
1676677694787,1676677696261
1676677694790,1676677696321
1676677694850,1676677696324
1676677695290,1676677696381
1676677695067,1676677696388
1676677694827,1676677696409
1676677695282,1676677696425
1676677694549,1676677696441
1676677695039,1676677696497
1676677695270,1676677696501
1676677695111,1676677696537
1676677694671,1676677696589
1676677695479,1676677696613
1676677695095,1676677696660
1676677695208,1676677696725
1676677695262,1676677696733
1676677695051,1676677696849
1676677695403,1676677696853
1676677695443,1676677696885
1676677695511,1676677696925
1676677695411,1676677696925
1676677695483,1676677696968
1676677695655,1676677696993
1676677695879,1676677697021
1676677695839,1676677697041
1676677695395,1676677697045
1676677695607,1676677697061
1676677695963,1676677697065
1676677694959,1676677697153
1676677695999,1676677697233
1676677695727,1676677697273
1676677696091,1676677697385
1676677695698,1676677697413
1676677694979,1676677697421
1676677696071,1676677697433
1676677695875,1676677697437
1676677696212,1676677697529
1676677695819,1676677697593
1676677696262,1676677697593
1676677696251,1676677697609
1676677695775,1676677697637
1676677696591,1676677697665
1676677696539,1676677697666
1676677696326,1676677697677
1676677696851,1676677697709
1676677696443,1676677697801
1676677696383,1676677697813
1676677696615,1676677697849
1676677696035,1676677697849
1676677696662,1676677697869
1676677696427,1676677697873
1676677696410,1676677697889
1676677696499,1676677697977
1676677696219,1676677698029
1676677696390,1676677698062
1676677696502,1676677698121
1676677696927,1676677698149
1676677696734,1676677698193
1676677696994,1676677698229
1676677696322,1676677698237
1676677696969,1676677698249
1676677697042,1676677698253
1676677695075,1676677698261
1676677697067,1676677698377
1676677696887,1676677698429
1676677696926,1676677698441
1676677697275,1676677698485
1676677696854,1676677698489
1676677696730,1676677698521
1676677697046,1676677698585
1676677697711,1676677698685
1676677697435,1676677698689
1676677697219,1676677698697
1676677697063,1676677698721
1676677697668,1676677698751
1676677697387,1676677698757
1676677697234,1676677698765
1676677697803,1676677698773
1676677697875,1676677698805
1676677697154,1676677698817
1676677697595,1676677698841
1676677697851,1676677698897
1676677697439,1676677698901
1676677697667,1676677698933
1676677697423,1676677698957
1676677697815,1676677698990
1676677697415,1676677699002
1676677697595,1676677699104
1676677697639,1676677699145
1676677697979,1676677699161
1676677698064,1676677699221
1676677698239,1676677699265
1676677698231,1676677699281
1676677698255,1676677699301
1676677698123,1676677699301
1676677697531,1676677699341
1676677697891,1676677699373
1676677697611,1676677699401
1676677698487,1676677699465
1676677697851,1676677699481
1676677698250,1676677699533
1676677697679,1676677699561
1676677698195,1676677699605
1676677698442,1676677699645
1676677698031,1676677699729
1676677697871,1676677699757
1676677698151,1676677699773
1676677698807,1676677699849
1676677698523,1676677699865
1676677697022,1676677699889
1676677698759,1676677699901
1676677698586,1676677699901
1676677698243,1676677699969
1676677698753,1676677699977
1676677698431,1676677700025
1676677698263,1676677700061
1676677698903,1676677700069
1676677698723,1676677700070
1676677698899,1676677700089
1676677699303,1676677700109
1676677698819,1676677700121
1676677698775,1676677700246
1676677699003,1676677700249
1676677698687,1676677700281
1676677698935,1676677700293
1676677698378,1676677700337
1676677699375,1676677700349
1676677698767,1676677700420
1676677699483,1676677700449
1676677699223,1676677700457
1676677699106,1676677700473
1676677699535,1676677700493
1676677699563,1676677700533
1676677698959,1676677700581
1676677699343,1676677700597
1676677698703,1676677700602
1676677698491,1676677700613
1676677698992,1676677700657
1676677699163,1676677700677
1676677699731,1676677700685
1676677699467,1676677700725
1676677699283,1676677700766
1676677698843,1676677700837
1676677699866,1676677700865
1676677699259,1676677700865
1676677699974,1676677701005
1676677699759,1676677701025
1676677699147,1676677701041
1676677698691,1676677701044
1676677699903,1676677701077
1676677699647,1676677701097
1676677699267,1676677701102
1676677700027,1676677701137
1676677699774,1676677701149
1676677699890,1676677701157
1676677699607,1676677701209
1676677700123,1676677701221
1676677699902,1676677701261
1676677699850,1676677701477
1676677700451,1676677701521
1676677700111,1676677701533
1676677699403,1676677701537
1676677699978,1676677701593
1676677700063,1676677701653
1676677700091,1676677701725
1676677700248,1676677701736
1676677700422,1676677701757
1676677700604,1676677701777
1676677699302,1676677701781
1676677700599,1676677701790
1676677700615,1676677701801
1676677700351,1676677701821
1676677700339,1676677701829
1676677700251,1676677701873
1676677700475,1676677701881
1676677700284,1676677701897
1676677700679,1676677701925
1676677700295,1676677701961
1676677700687,1676677701969
1676677700071,1676677702005
1676677700495,1676677702077
1676677701159,1676677702097
1676677701027,1676677702097
1676677700073,1676677702125
1676677700583,1676677702133
1676677700459,1676677702147
1676677700867,1676677702167
1676677700659,1676677702173
1676677701079,1676677702249
1676677700769,1676677702261
1676677700535,1676677702321
1676677701007,1676677702337
1676677701139,1676677702365
1676677700871,1676677702389
1676677700839,1676677702409
1676677701223,1676677702421
1676677701150,1676677702458
1676677701104,1676677702493
1676677701535,1676677702573
1676677700727,1676677702645
1676677701275,1676677702649
1676677701043,1676677702689
1676677701211,1676677702709
1676677701759,1676677702809
1676677701823,1676677702833
1676677701263,1676677702849
1676677701045,1676677702881
1676677701655,1676677702897
1676677701926,1676677702913
1676677701738,1676677703025
1676677701595,1676677703061
1676677701803,1676677703105
1676677701875,1676677703117
1676677701727,1676677703118
1676677701099,1676677703129
1676677701831,1676677703173
1676677701963,1676677703177
1676677702007,1676677703213
1676677701523,1676677703221
1676677701783,1676677703305
1676677701479,1676677703309
1676677701791,1676677703361
1676677702391,1676677703437
1676677702079,1676677703453
1676677702135,1676677703461
1676677702149,1676677703485
1676677701899,1676677703545
1676677702127,1676677703545
1676677702099,1676677703549
1676677701884,1676677703582
1676677702647,1676677703589
1676677702251,1676677703597
1676677701779,1676677703601
1676677702575,1676677703612
1676677701539,1676677703737
1676677702292,1676677703757
1676677702411,1676677703789
1676677702263,1676677703793
1676677702100,1676677703917
1676677702339,1676677703933
1676677702423,1676677703937
1676677702851,1676677703945
1676677702495,1676677703961
1676677701971,1676677703985
1676677702460,1676677703985
1676677702170,1676677704037
1676677702835,1676677704069
1676677702323,1676677704121
1676677702655,1676677704133
1676677703175,1676677704185
1676677702883,1676677704197
1676677702367,1676677704217
1676677702711,1676677704297
1676677702175,1676677704301
1676677703026,1676677704321
1676677702691,1676677704333
1676677703130,1676677704377
1676677703063,1676677704393
1676677702811,1676677704473
1676677703547,1676677704477
1676677702915,1676677704501
1676677703179,1676677704505
1676677703223,1676677704529
1676677703120,1676677704578
1676677702899,1676677704589
1676677703311,1676677704646
1676677703364,1676677704661
1676677703584,1676677704677
1676677703455,1676677704761
1676677703791,1676677704905
1676677703591,1676677704949
1676677703307,1676677704953
1676677703119,1676677704973
1676677703603,1676677704973
1676677703599,1676677704981
1676677703795,1676677704989
1676677703939,1676677705041
1676677703487,1676677705065
1676677703547,1676677705118
1676677703947,1676677705165
1676677703551,1676677705213
1676677703739,1676677705281
1676677703107,1676677705289
1676677704135,1676677705321
1676677703215,1676677705352
1676677703963,1676677705353
1676677703439,1676677705401
1676677704039,1676677705429
1676677704071,1676677705433
1676677703987,1676677705517
1676677704123,1676677705533
1676677703614,1676677705569
1676677704303,1676677705573
1676677704199,1676677705589
1676677703935,1676677705621
1676677703763,1676677705653
1676677703919,1676677705701
1676677704322,1676677705709
1676677704475,1676677705749
1676677704579,1676677705757
1676677704187,1676677705761
1676677704219,1676677705781
1676677704503,1676677705801
1676677704531,1676677705825
1676677703463,1676677705827
1676677704648,1676677705861
1676677704395,1676677705901
1676677704479,1676677705905
1676677704506,1676677705985
1676677704311,1676677705997
1676677704679,1676677706109
1676677703986,1676677706129
1676677704907,1676677706193
1676677704335,1676677706201
1676677704663,1676677706209
1676677704975,1676677706257
1676677704590,1676677706277
1676677704991,1676677706285
1676677704299,1676677706285
1676677705043,1676677706293
1676677705283,1676677706293
1676677705215,1676677706297
1676677705431,1676677706349
1676677704379,1676677706453
1676677704975,1676677706484
1676677705355,1676677706529
1676677705167,1676677706561
1676677705519,1676677706609
1676677705591,1676677706641
1676677705656,1676677706657
1676677704951,1676677706669
1676677705121,1676677706694
1676677705354,1676677706752
1676677705623,1676677706761
1676677704955,1676677706793
1676677705067,1676677706829
1676677705326,1676677706877
1676677704983,1676677706889
1676677705434,1676677706909
1676677705711,1676677706910
1676677704763,1676677706933
1676677705291,1676677706953
1676677705403,1676677706981
1676677705575,1676677707013
1676677705827,1676677707049
1676677705783,1676677707065
1676677705987,1676677707153
1676677705903,1676677707153
1676677706111,1676677707197
1676677706279,1676677707205
1676677705863,1676677707233
1676677705829,1676677707345
1676677705571,1676677707393
1676677705535,1676677707413
1676677705803,1676677707459
1676677705323,1676677707469
1676677705751,1676677707501
1676677706295,1676677707505
1676677706003,1676677707513
1676677705907,1676677707526
1676677706131,1676677707537
1676677706455,1676677707541
1676677705703,1676677707557
1676677706195,1676677707609
1676677706259,1676677707629
1676677705760,1676677707633
1676677706351,1676677707645
1676677706287,1676677707681
1676677706643,1676677707701
1676677706211,1676677707725
1676677706563,1676677707737
1676677706754,1676677707781
1676677705763,1676677707785
1676677706295,1676677707853
1676677706659,1676677707853
1676677706287,1676677707869
1676677706203,1676677707881
1676677706696,1676677707914
1676677706611,1676677707945
1676677706486,1676677707997
1676677706912,1676677708029
1676677706883,1676677708033
1676677706299,1676677708033
1676677706530,1676677708133
1676677706671,1676677708159
1676677706983,1676677708185
1676677706795,1676677708301
1676677707394,1676677708321
1676677707067,1676677708337
1676677706763,1676677708345
1676677706935,1676677708421
1676677706955,1676677708461
1676677706891,1676677708497
1676677707014,1676677708501
1676677707515,1676677708589
1676677707206,1676677708625
1676677707507,1676677708669
1676677707559,1676677708745
1676677706831,1676677708793
1676677707155,1676677708805
1676677706911,1676677708809
1676677707543,1676677708817
1676677707471,1676677708865
1676677707787,1676677708921
1676677707611,1676677708929
1676677707883,1676677708933
1676677707199,1676677708941
1676677707347,1676677708965
1676677707461,1676677708985
1676677707051,1676677708985
1676677707916,1676677709017
1676677707539,1676677709085
1676677707739,1676677709105
1676677707234,1676677709105
1676677707415,1676677709161
1676677707343,1676677709173
1676677707703,1676677709189
1676677707529,1676677709209
1676677707635,1676677709221
1676677707871,1676677709229
1676677707855,1676677709257
1676677707647,1676677709281
1676677707503,1676677709281
1676677707999,1676677709333
1676677707783,1676677709355
1676677707947,1676677709389
1676677708161,1676677709409
1676677707855,1676677709434
1676677708463,1676677709477
1676677708031,1676677709481
1676677707154,1676677709541
1676677707683,1676677709569
1676677708339,1676677709573
1676677708423,1676677709577
1676677707727,1676677709585
1676677708323,1676677709585
1676677708503,1676677709613
1676677708035,1676677709649
1676677708187,1676677709649
1676677708035,1676677709653
1676677708671,1676677709661
1676677707631,1676677709685
1676677708499,1676677709729
1676677708627,1676677709845
1676677708347,1676677709881
1676677708943,1676677709929
1676677708135,1676677709997
1676677708747,1676677709998
1676677708358,1676677710037
1676677708987,1676677710081
1676677709163,1676677710165
1676677708987,1676677710173
1676677708807,1676677710189
1676677708303,1676677710189
1676677708591,1676677710201
1676677708967,1676677710205
1676677708935,1676677710205
1676677708867,1676677710257
1676677708811,1676677710285
1676677709223,1676677710301
1676677709107,1676677710381
1676677709087,1676677710473
1676677708931,1676677710509
1676677709019,1676677710517
1676677709191,1676677710529
1676677709282,1676677710545
1676677709231,1676677710597
1676677709107,1676677710610
1676677709586,1676677710621
1676677709211,1676677710625
1676677709357,1676677710653
1676677709334,1676677710697
1676677709663,1676677710737
1676677708819,1676677710777
1676677709179,1676677710781
1676677709571,1676677710805
1676677709283,1676677710809
1676677709651,1676677710837
1676677709543,1676677710889
1676677709615,1676677710953
1676677709436,1676677710965
1676677709411,1676677710993
1676677709575,1676677711005
1676677709391,1676677711045
1676677709687,1676677711081
1676677709579,1676677711101
1676677709847,1676677711137
1676677708795,1676677711149
1676677708923,1676677711149
1676677709883,1676677711161
1676677709483,1676677711241
1676677709651,1676677711277
1676677710287,1676677711286
1676677710203,1676677711313
1676677710042,1676677711325
1676677710175,1676677711349
1676677709931,1676677711385
1676677709655,1676677711429
1676677710207,1676677711433
1676677709259,1676677711445
1676677709478,1676677711537
1676677710383,1676677711553
1676677710547,1676677711565
1676677710000,1676677711573
1676677709731,1676677711581
1676677710207,1676677711637
1676677709998,1676677711657
1676677709586,1676677711685
1676677710259,1676677711689
1676677710083,1676677711697
1676677710599,1676677711701
1676677710474,1676677711717
1676677710191,1676677711725
1676677710303,1676677711729
1676677710612,1676677711849
1676677710699,1676677711853
1676677710375,1676677711893
1676677710779,1676677711925
1676677710531,1676677711933
1676677710519,1676677711945
1676677710167,1676677711945
1676677710783,1676677711950
1676677710511,1676677712009
1676677710807,1676677712037
1676677710627,1676677712069
1676677710839,1676677712145
1676677710623,1676677712161
1676677711007,1676677712196
1676677711047,1676677712233
1676677710655,1676677712245
1676677710995,1676677712249
1676677710891,1676677712253
1676677710955,1676677712281
1676677711103,1676677712289
1676677711163,1676677712301
1676677711243,1676677712301
1676677710739,1676677712377
1676677711151,1676677712425
1676677710811,1676677712521
1676677711328,1676677712525
1676677710967,1676677712568
1676677711315,1676677712697
1676677711691,1676677712713
1676677711351,1676677712721
1676677711151,1676677712753
1676677711431,1676677712773
1676677711703,1676677712885
1676677710191,1676677712905
1676677711583,1676677712909
1676677711947,1676677712913
1676677711288,1676677712917
1676677711447,1676677712961
1676677711387,1676677713017
1676677711435,1676677713025
1676677711719,1676677713097
1676677711851,1676677713101
1676677711083,1676677713109
1676677711639,1676677713113
1676677711658,1676677713165
1676677711279,1676677713178
1676677711731,1676677713197
1676677711699,1676677713221
1676677711538,1676677713225
1676677711952,1676677713277
1676677712303,1676677713321
1676677712247,1676677713321
1676677712039,1676677713325
1676677711899,1676677713341
1676677712147,1676677713361
1676677711855,1676677713385
1676677711687,1676677713421
1676677711555,1676677713421
1676677711575,1676677713452
1676677711139,1676677713461
1676677712071,1676677713489
1676677711947,1676677713561
1676677711927,1676677713569
1676677711935,1676677713589
1676677712303,1676677713609
1676677712011,1676677713613
1676677712255,1676677713613
1676677712235,1676677713633
1676677712291,1676677713689
1676677712427,1676677713697
1676677712714,1676677713729
1676677712755,1676677713733
1676677712251,1676677713741
1676677711727,1676677713773
1676677712570,1676677713773
1676677712163,1676677713833
1676677712699,1676677713885
1676677711567,1676677713901
1676677712378,1676677713909
1676677712887,1676677713937
1676677712198,1676677713973
1676677712393,1676677714033
1676677712915,1676677714053
1676677712283,1676677714085
1676677712963,1676677714141
1676677713111,1676677714153
1676677712723,1676677714201
1676677713227,1676677714205
1676677712527,1676677714237
1676677713199,1676677714341
1676677713323,1676677714345
1676677712919,1676677714365
1676677713027,1676677714453
1676677713423,1676677714456
1676677713363,1676677714506
1676677713099,1676677714513
1676677713699,1676677714525
1676677712523,1676677714537
1676677713327,1676677714545
1676677712775,1676677714549
1676677713180,1676677714553
1676677712907,1676677714557
1676677713223,1676677714613
1676677713615,1676677714677
1676677713423,1676677714721
1676677713115,1676677714745
1676677713463,1676677714749
1676677713167,1676677714761
1676677713491,1676677714793
1676677713279,1676677714805
1676677713611,1676677714805
1676677713387,1676677714849
1676677713323,1676677714862
1676677712911,1676677714893
1676677713019,1676677714909
1676677713691,1676677715024
1676677713635,1676677715039
1676677713615,1676677715045
1676677713563,1676677715061
1676677713103,1676677715065
1676677713911,1676677715072
1676677713453,1676677715077
1676677713743,1676677715141
1676677713775,1676677715141
1676677714055,1676677715181
1676677713775,1676677715185
1676677713939,1676677715233
1676677713571,1676677715237
1676677713975,1676677715277
1676677714539,1676677715277
1676677713343,1676677715293
1676677713591,1676677715305
1676677714039,1676677715313
1676677714143,1676677715337
1676677713735,1676677715369
1676677713887,1676677715369
1676677714239,1676677715385
1676677713903,1676677715401
1676677714208,1676677715441
1676677714155,1676677715472
1676677714203,1676677715489
1676677713731,1676677715501
1676677714343,1676677715537
1676677714550,1676677715545
1676677713835,1676677715604
1676677714723,1676677715673
1676677714515,1676677715693
1676677714547,1676677715741
1676677714087,1676677715741
1676677714864,1676677715765
1676677714751,1676677715841
1676677714415,1676677715845
1676677714615,1676677715861
1676677714554,1676677715881
1676677715041,1676677715905
1676677714527,1676677715917
1676677714347,1676677715969
1676677714508,1676677715993
1676677714679,1676677716025
1676677715063,1676677716033
1676677714457,1676677716137
1676677715067,1676677716184
1676677714747,1676677716213
1676677715047,1676677716253
1676677715183,1676677716277
1676677714367,1676677716317
1676677714455,1676677716349
1676677714763,1676677716361
1676677714794,1676677716389
1676677715295,1676677716441
1676677714806,1676677716465
1676677715143,1676677716561
1676677714895,1676677716633
1676677714851,1676677716637
1676677715235,1676677716645
1676677715371,1676677716689
1676677715187,1676677716698
1676677714910,1676677716705
1676677715339,1676677716721
1676677715279,1676677716724
1676677714806,1676677716733
1676677715238,1676677716813
1676677715547,1676677716845
1676677715307,1676677716857
1676677715743,1676677716881
1676677715079,1676677716909
1676677715473,1676677716913
1676677714558,1676677716921
1676677715143,1676677716961
1676677715443,1676677717000
1676677715502,1676677717073
1676677715026,1676677717089
1676677715883,1676677717109
1676677715387,1676677717114
1676677716279,1676677717132
1676677715743,1676677717133
1676677715279,1676677717177
1676677715851,1676677717181
1676677715863,1676677717213
1676677715606,1676677717229
1676677715767,1676677717233
1676677715971,1676677717257
1676677716027,1676677717269
1676677715371,1676677717289
1676677715074,1676677717293
1676677715315,1676677717321
1676677716319,1676677717369
1676677716351,1676677717465
1676677715695,1676677717473
1676677716639,1676677717477
1676677716255,1676677717481
1676677715404,1676677717533
1676677716139,1676677717545
1676677716363,1676677717557
1676677716391,1676677717601
1676677715676,1676677717653
1676677715539,1676677717661
1676677716707,1676677717664
1676677716690,1676677717708
1676677715907,1676677717709
1676677716443,1676677717765
1676677716185,1676677717789
1676677717115,1676677717821
1676677715843,1676677717825
1676677716700,1676677717861
1676677715490,1676677717905
1676677716647,1676677717937
1676677716035,1676677717957
1676677716726,1676677717976
1676677716723,1676677718005
1676677715995,1676677718009
1676677715919,1676677718017
1676677716735,1676677718073
1676677716215,1676677718090
1676677716434,1676677718145
1676677716635,1676677718157
1676677716466,1676677718189
1676677716964,1676677718189
1676677717002,1676677718197
1676677717090,1676677718237
1676677716815,1676677718241
1676677716563,1676677718257
1676677717178,1676677718265
1676677717271,1676677718297
1676677717234,1676677718369
1676677716923,1676677718453
1676677716915,1676677718464
1676677717322,1676677718472
1676677717371,1676677718485
1676677716859,1676677718517
1676677717215,1676677718522
1676677717259,1676677718553
1676677717111,1676677718569
1676677716847,1676677718573
1676677717183,1676677718649
1676677717074,1676677718665
1676677717655,1676677718673
1676677717547,1676677718721
1676677717479,1676677718721
1676677716883,1676677718757
1676677717666,1676677718777
1676677717231,1676677718798
1676677717559,1676677718801
1676677717467,1676677718865
1676677717290,1676677718897
1676677717483,1676677718918
1676677717135,1676677718950
1676677717663,1676677718953
1676677717907,1676677718953
1676677717710,1676677718957
1676677717133,1676677718957
1676677717475,1676677718961
1676677718011,1676677719093
1676677717603,1676677719097
1676677717294,1676677719113
1676677718299,1676677719113
1676677717977,1676677719153
1676677717767,1676677719177
1676677717535,1676677719273
1676677718007,1676677719277
1676677717959,1676677719349
1676677717791,1676677719353
1676677717939,1676677719365
1676677717863,1676677719381
1676677718239,1676677719392
1676677718191,1676677719405
1676677716911,1676677719425
1676677718075,1676677719441
1676677718191,1676677719497
1676677717827,1676677719577
1676677718371,1676677719577
1676677718452,1676677719629
1676677718487,1676677719645
1676677717823,1676677719681
1676677717711,1676677719709
1676677718518,1676677719800
1676677718920,1676677719833
1676677718259,1676677719839
1676677718571,1676677719865
1676677718243,1676677719893
1676677718523,1676677719897
1676677718473,1676677719917
1676677718650,1676677719946
1676677718092,1676677719961
1676677718151,1676677719964
1676677718675,1676677720009
1676677718800,1676677720033
1676677718759,1676677720037
1676677718019,1676677720125
1676677718465,1676677720133
1676677718723,1676677720149
1676677718959,1676677720185
1676677718455,1676677720207
1676677718955,1676677720248
1676677719095,1676677720277
1676677718199,1676677720281
1676677718952,1676677720329
1676677718574,1676677720357
1676677718803,1676677720373
1676677718959,1676677720373
1676677718555,1676677720425
1676677718267,1676677720429
1676677718963,1676677720469
1676677719179,1676677720516
1676677719115,1676677720541
1676677718779,1676677720553
1676677718955,1676677720569
1676677719355,1676677720585
1676677719155,1676677720605
1676677719275,1676677720609
1676677718867,1676677720617
1676677718159,1676677720629
1676677719835,1676677720629
1676677718666,1676677720654
1676677718723,1676677720661
1676677719351,1676677720685
1676677719802,1676677720717
1676677719443,1676677720761
1676677719367,1676677720769
1676677719115,1676677720769
1676677719711,1676677720808
1676677719279,1676677720817
1676677719393,1676677720825
1676677719647,1676677720833
1676677719498,1676677720849
1676677719966,1676677720881
1676677719407,1676677720897
1676677719579,1676677720957
1676677719383,1676677721000
1676677719099,1676677721021
1676677719899,1676677721045
1676677718899,1676677721063
1676677719635,1676677721101
1676677720151,1676677721173
1676677720127,1676677721173
1676677719867,1676677721193
1676677720431,1676677721249
1676677720209,1676677721257
1676677719579,1676677721266
1676677719683,1676677721273
1676677719948,1676677721297
1676677720250,1676677721333
1676677720283,1676677721349
1676677720607,1676677721476
1676677719895,1676677721517
1676677719427,1676677721517
1676677720359,1676677721581
1676677720011,1676677721592
1676677719963,1676677721602
1676677720039,1676677721613
1676677720518,1676677721633
1676677720470,1676677721681
1676677719841,1676677721697
1676677720135,1676677721705
1676677720375,1676677721705
1676677720810,1676677721733
1676677720035,1676677721793
1676677720427,1676677721797
1676677720187,1676677721849
1676677720543,1676677721873
1676677719918,1676677721881
1676677720827,1676677721925
1676677720898,1676677721925
1676677720719,1676677721949
1676677720631,1676677721957
1676677720279,1676677721970
1676677720375,1676677722005
1676677720819,1676677722113
1676677720619,1676677722157
1676677720610,1676677722165
1676677720331,1676677722165
1676677720687,1676677722189
1676677720570,1676677722201
1676677720554,1676677722245
1676677720763,1676677722267
1676677721002,1676677722321
1676677720771,1676677722333
1676677720587,1676677722337
1676677720656,1676677722357
1676677720851,1676677722397
1676677721195,1676677722409
1676677721103,1676677722421
1676677721274,1676677722461
1676677721065,1676677722481
1676677720772,1676677722493
1676677720883,1676677722505
1676677720663,1676677722513
1676677721251,1676677722557
1676677721604,1676677722565
1676677721175,1676677722585
1676677720631,1676677722625
1676677721175,1676677722653
1676677721047,1676677722669
1676677721023,1676677722673
1676677720959,1676677722685
1676677721300,1676677722737
1676677720835,1676677722773
1676677721260,1676677722793
1676677721335,1676677722821
1676677721268,1676677722821
1676677721707,1676677722837
1676677721698,1676677722869
1676677721634,1676677722873
1676677721883,1676677722929
1676677721682,1676677722937
1676677721735,1676677722969
1676677721351,1676677722973
1676677721594,1676677723069
1676677721851,1676677723076
1676677722167,1676677723077
1676677721927,1676677723077
1676677721951,1676677723077
1676677721583,1676677723085
1676677721474,1676677723089
1676677721615,1676677723113
1676677721707,1676677723157
1676677722269,1676677723201
1676677721519,1676677723236
1676677722247,1676677723265
1676677721875,1676677723273
1676677722007,1676677723293
1676677721795,1676677723317
1676677721519,1676677723321
1676677721799,1676677723345
1676677722159,1676677723381
1676677722115,1676677723477
1676677721478,1676677723501
1676677722463,1676677723513
1676677722399,1676677723541
1676677722567,1676677723545
1676677722675,1676677723577
1676677722323,1676677723601
1676677722335,1676677723645
1676677722423,1676677723677
1676677722359,1676677723702
1676677721972,1676677723729
1676677722655,1676677723753
1676677722515,1676677723773
1676677722483,1676677723789
1676677722627,1676677723833
1676677722495,1676677723849
1676677722191,1676677723877
1676677722671,1676677723897
1676677722339,1676677723953
1676677722687,1676677723961
1676677722203,1676677723969
1676677722939,1676677724085
1676677722559,1676677724093
1676677722507,1676677724124
1676677723095,1676677724125
1676677722411,1676677724133
1676677722870,1676677724153
1676677721927,1676677724157
1676677722739,1676677724173
1676677722874,1676677724233
1676677722839,1676677724241
1676677722775,1676677724249
1676677722795,1676677724265
1676677722167,1676677724280
1676677722975,1676677724293
1676677722823,1676677724309
1676677722971,1676677724369
1676677722587,1676677724377
1676677722823,1676677724381
1676677721959,1676677724409
1676677723237,1676677724410
1676677722931,1676677724429
1676677723267,1676677724437
1676677723579,1676677724465
1676677723295,1676677724485
1676677723078,1676677724493
1676677723323,1676677724653
1676677723479,1676677724689
1676677723275,1676677724753
1676677723679,1676677724761
1676677723078,1676677724773
1676677723071,1676677724777
1676677723203,1676677724809
1676677723079,1676677724809
1676677723159,1676677724812
1676677723087,1676677724822
1676677723603,1676677724853
1676677723115,1676677724861
1676677723835,1676677724869
1676677723079,1676677724905
1676677723731,1676677724937
1676677723791,1676677724973
1676677723547,1676677724977
1676677723347,1676677724989
1676677723503,1676677725021
1676677723319,1676677725055
1676677723971,1676677725097
1676677723543,1676677725121
1676677723899,1676677725137
1676677723955,1676677725145
1676677723515,1676677725161
1676677723755,1676677725185
1676677723383,1676677725265
1676677723851,1676677725297
1676677724127,1676677725313
1676677724175,1676677725377
1676677723775,1676677725381
1676677724243,1676677725393
1676677723647,1676677725401
1676677724438,1676677725525
1676677724234,1676677725544
1676677724430,1676677725557
1676677724095,1676677725565
1676677724155,1676677725581
1676677724087,1676677725585
1676677724159,1676677725649
1676677723962,1676677725653
1676677724492,1676677725677
1676677724267,1676677725681
1676677724371,1676677725697
1676677724310,1676677725773
1676677724251,1676677725801
1676677724382,1676677725816
1676677724282,1676677725828
1676677724379,1676677725854
1676677724126,1676677725869
1676677724467,1676677725877
1676677723879,1676677725889
1676677723704,1676677725905
1676677724294,1676677725913
1676677724411,1676677725941
1676677724811,1676677725949
1676677724863,1676677725954
1676677724487,1676677725981
1676677724135,1676677725989
1676677724824,1676677726025
1676677724871,1676677726137
1676677724979,1676677726149
1676677724412,1676677726177
1676677725147,1676677726181
1676677724775,1676677726230
1676677724494,1676677726233
1676677724939,1676677726277
1676677724691,1676677726281
1676677724655,1676677726297
1676677725527,1676677726297
1676677724763,1676677726309
1676677724906,1676677726318
1676677724814,1676677726325
1676677725023,1676677726461
1676677724779,1676677726495
1676677725187,1676677726533
1676677725395,1676677726568
1676677725139,1676677726569
1676677725267,1676677726577
1676677724811,1676677726653
1676677725586,1676677726665
1676677725099,1676677726665
1676677725383,1676677726673
1676677725559,1676677726741
1676677725057,1676677726813
1676677724991,1676677726829
1676677725655,1676677726837
1676677725163,1676677726841
1676677724975,1676677726869
1676677725871,1676677726889
1676677724755,1676677726905
1676677725683,1676677726909
1676677725315,1676677726921
1676677724855,1676677726953
1676677725379,1676677726965
1676677725956,1676677727058
1676677725545,1676677727077
1676677725775,1676677727089
1676677726183,1676677727129
1676677725123,1676677727129
1676677725880,1676677727167
1676677725992,1676677727177
1676677725700,1676677727185
1676677725683,1676677727253
1676677725583,1676677727278
1676677725829,1676677727313
1676677725651,1676677727337
1676677725942,1676677727349
1676677726279,1676677727349
1676677726027,1676677727357
1676677726463,1676677727361
1676677726179,1676677727457
1676677725803,1676677727493
1676677726327,1676677727533
1676677725403,1676677727545
1676677726151,1676677727557
1676677726139,1676677727557
1676677725983,1676677727689
1676677725915,1676677727689
1676677725907,1676677727717
1676677726655,1676677727765
1676677726283,1676677727773
1676677726571,1676677727789
1676677725567,1676677727797
1676677726742,1676677727813
1676677726497,1676677727813
1676677725299,1676677727841
1676677726298,1676677727843
1676677726320,1676677727865
1676677725857,1676677727885
1676677725817,1676677727897
1676677725891,1676677727902
1676677726814,1676677727917
1676677726235,1676677727933
1676677725951,1676677727961
1676677726299,1676677728049
1676677726579,1676677728069
1676677726675,1676677728077
1676677726667,1676677728089
1676677726535,1676677728109
1676677726569,1676677728109
1676677726232,1676677728125
1676677727315,1676677728141
1676677726831,1676677728157
1676677726667,1676677728201
1676677726907,1676677728217
1676677726311,1676677728222
1676677726911,1676677728289
1676677727187,1676677728293
1676677726923,1676677728313
1676677726891,1676677728333
1676677726967,1676677728349
1676677726870,1676677728371
1676677726955,1676677728377
1676677727091,1676677728453
1676677727559,1676677728472
1676677727280,1676677728489
1676677727547,1676677728493
1676677726839,1676677728521
1676677727718,1676677728569
1676677726843,1676677728573
1676677727131,1676677728585
1676677727169,1676677728641
1676677727559,1676677728729
1676677727495,1676677728749
1676677727079,1676677728773
1676677727060,1676677728826
1676677727131,1676677728849
1676677727843,1676677728881
1676677727904,1676677728917
1676677727815,1676677728933
1676677727351,1676677728969
1676677727459,1676677728969
1676677727963,1676677729012
1676677727691,1676677729017
1676677727790,1676677729025
1676677727254,1676677729025
1676677727363,1676677729029
1676677727339,1676677729053
1676677727845,1676677729077
1676677727899,1676677729089
1676677728079,1676677729113
1676677728091,1676677729241
1676677727767,1676677729261
1676677727799,1676677729369
1676677728491,1676677729425
1676677727867,1676677729441
1676677728111,1676677729457
1676677727815,1676677729493
1676677728351,1676677729533
1676677728294,1676677729553
1676677727774,1676677729577
1676677727935,1676677729597
1676677727359,1676677729628
1676677727351,1676677729629
1676677727887,1676677729653
1676677727691,1676677729673
1676677727178,1676677729689
1676677728379,1676677729697
1676677728224,1676677729697
1676677728051,1676677729705
1676677728291,1676677729741
1676677728570,1676677729749
1676677728335,1676677729756
1676677728455,1676677729757
1676677727535,1676677729785
1676677728315,1676677729789
1676677727919,1676677729829
1676677728159,1676677729849
1676677728127,1676677729917
1676677728851,1676677729925
1676677728474,1676677729949
1676677728203,1676677729953
1676677728575,1676677729953
1676677728643,1676677730053
1676677728751,1676677730073
1676677728495,1676677730125
1676677728142,1676677730149
1676677728828,1676677730149
1676677728523,1676677730149
1676677728971,1676677730150
1676677728587,1676677730165
1676677728883,1676677730181
1676677728372,1676677730212
1676677728219,1676677730225
1676677728775,1676677730229
1676677729055,1676677730233
1676677728919,1676677730261
1676677728111,1676677730289
1676677729026,1676677730293
1676677729019,1676677730357
1676677729014,1676677730361
1676677728971,1676677730397
1676677728071,1676677730397
1676677728935,1676677730430
1676677729115,1676677730431
1676677729579,1676677730497
1676677728731,1676677730517
1676677729443,1676677730541
1676677729079,1676677730577
1676677729555,1676677730585
1676677729027,1676677730625
1676677729427,1676677730649
1676677729459,1676677730673
1676677729262,1676677730680
1676677729495,1676677730753
1676677729243,1676677730765
1676677729371,1676677730809
1676677729630,1676677730809
1676677729699,1676677730809
1676677729630,1676677730833
1676677729031,1676677730865
1676677729790,1676677730981
1676677729090,1676677731005
1676677729786,1676677731005
1676677729743,1676677731013
1676677729758,1676677731077
1676677729599,1676677731093
1676677729955,1676677731133
1676677729691,1676677731141
1676677730291,1676677731193
1676677730151,1676677731197
1676677730151,1676677731213
1676677729707,1676677731245
1676677729830,1676677731249
1676677730183,1676677731269
1676677729519,1676677731281
1676677729919,1676677731301
1676677729951,1676677731301
1676677729535,1676677731313
1676677729655,1676677731317
1676677730295,1676677731345
1676677729955,1676677731369
1676677729698,1676677731373
1676677729926,1676677731385
1676677729675,1676677731405
1676677730231,1676677731435
1676677730055,1676677731493
1676677729751,1676677731501
1676677729759,1676677731541
1676677730399,1676677731545
1676677730151,1676677731637
1676677730235,1676677731645
1676677730127,1676677731661
1676677729850,1676677731681
1676677730433,1676677731705
1676677730263,1676677731717
1676677730399,1676677731753
1676677730579,1676677731805
1676677730432,1676677731817
1676677730811,1676677731825
1676677730586,1676677731841
1676677730214,1676677731905
1676677730359,1676677731945
1676677730811,1676677731969
1676677730674,1676677731985
1676677730767,1676677732061
1676677730227,1676677732065
1676677731007,1676677732069
1676677730650,1676677732077
1676677730519,1676677732077
1676677730363,1676677732078
1676677730152,1676677732174
1676677730075,1676677732177
1676677730627,1676677732205
1676677730755,1676677732217
1676677730167,1676677732217
1676677731143,1676677732229
1676677730499,1676677732241
1676677730543,1676677732245
1676677730867,1676677732261
1676677730811,1676677732329
1676677730983,1676677732361
1676677731319,1676677732369
1676677731303,1676677732373
1676677731195,1676677732377
1676677731007,1676677732389
1676677731288,1676677732418
1676677731251,1676677732425
1676677731199,1676677732442
1676677731014,1676677732453
1676677731079,1676677732481
1676677730835,1676677732485
1676677731495,1676677732573
1676677731303,1676677732593
1676677731375,1676677732657
1676677731387,1676677732689
1676677731543,1676677732709
1676677731755,1676677732725
1676677731095,1676677732737
1676677731135,1676677732797
1676677731315,1676677732809
1676677731718,1676677732817
1676677731663,1676677732825
1676677731547,1676677732877
1676677731947,1676677732913
1676677731347,1676677732921
1676677731247,1676677732945
1676677731371,1676677732957
1676677731215,1676677732985
1676677730682,1676677733024
1676677731437,1676677733033
1676677731683,1676677733105
1676677731503,1676677733105
1676677731639,1676677733125
1676677732080,1676677733149
1676677731971,1676677733169
1676677731807,1676677733181
1676677731270,1676677733241
1676677731819,1676677733257
1676677731407,1676677733281
1676677731827,1676677733361
1676677731707,1676677733373
1676677731987,1676677733377
1676677732331,1676677733430
1676677732263,1676677733481
1676677731843,1676677733505
1676677732219,1676677733573
1676677732370,1676677733589
1676677732454,1676677733613
1676677732487,1676677733625
1676677732063,1676677733633
1676677732390,1676677733649
1676677732231,1676677733669
1676677732482,1676677733677
1676677732243,1676677733689
1676677732071,1676677733693
1676677732207,1676677733709
1676677732176,1676677733733
1676677731906,1676677733741
1676677732078,1676677733741
1676677732420,1676677733741
1676677732427,1676677733741
1676677732079,1676677733769
1676677731647,1676677733769
1676677732658,1676677733801
1676677732219,1676677733829
1676677732595,1676677733849
1676677732363,1676677733877
1676677732811,1676677733913
1676677732959,1676677733937
1676677732727,1676677733981
1676677732067,1676677733985
1676677732575,1676677734005
1676677732819,1676677734017
1676677732247,1676677734057
1676677732444,1676677734074
1676677732711,1676677734137
1676677733026,1676677734181
1676677732379,1676677734181
1676677733035,1676677734209
1676677732691,1676677734229
1676677733107,1676677734261
1676677732827,1676677734309
1676677732879,1676677734317
1676677732923,1676677734333
1676677732947,1676677734341
1676677733575,1676677734401
1676677733127,1676677734425
1676677732799,1676677734449
1676677733107,1676677734453
1676677733711,1676677734489
1676677733183,1676677734505
1676677732375,1676677734523
1676677733483,1676677734561
1676677733626,1676677734577
1676677733363,1676677734585
1676677732179,1676677734605
1676677733283,1676677734613
1676677733695,1676677734665
1676677732915,1676677734705
1676677733506,1676677734733
1676677732738,1676677734737
1676677733742,1676677734813
1676677733431,1676677734889
1676677733243,1676677734889
1676677733743,1676677734893
1676677733771,1676677734897
1676677732986,1676677734901
1676677733671,1676677734965
1676677733171,1676677734973
1676677733634,1676677734985
1676677733151,1676677734997
1676677734019,1676677735013
1676677733742,1676677735021
1676677733690,1676677735077
1676677733742,1676677735089
1676677733771,1676677735165
1676677734211,1676677735169
1676677733915,1676677735181
1676677734007,1676677735181
1676677733379,1676677735225
1676677733259,1676677735225
1676677734311,1676677735305
1676677733735,1676677735356
1676677733650,1676677735357
1676677733803,1676677735361
1676677734059,1676677735362
1676677733983,1676677735377
1676677733879,1676677735415
1676677733679,1676677735416
1676677734076,1676677735417
1676677733831,1676677735449
1676677734451,1676677735449
1676677733614,1676677735473
1676677734230,1676677735489
1676677733987,1676677735501
1676677734183,1676677735505
1676677733590,1676677735521
1676677734139,1676677735561
1676677733375,1676677735605
1676677734343,1676677735625
1676677734525,1676677735669
1676677733851,1676677735697
1676677734455,1676677735701
1676677734262,1676677735769
1676677734183,1676677735797
1676677734319,1676677735809
1676677734735,1676677735837
1676677734335,1676677735905
1676677734987,1676677735917
1676677734403,1676677735961
1676677734579,1676677735985
1676677734707,1676677735989
1676677734614,1676677736021
1676677734507,1676677736037
1676677733939,1676677736053
1676677734739,1676677736073
1676677734587,1676677736085
1676677735023,1676677736105
1676677735227,1676677736141
1676677734815,1676677736181
1676677734606,1676677736184
1676677734891,1676677736217
1676677735183,1676677736217
1676677734975,1676677736241
1676677734563,1676677736265
1676677734666,1676677736269
1676677735171,1676677736309
1676677734899,1676677736312
1676677734999,1676677736349
1676677735091,1676677736353
1676677735363,1676677736357
1676677735015,1676677736413
1676677734903,1676677736541
1676677735491,1676677736549
1676677735475,1676677736581
1676677735627,1676677736589
1676677734491,1676677736661
1676677734895,1676677736689
1676677735702,1676677736721
1676677735079,1676677736733
1676677734427,1676677736737
1676677734967,1676677736753
1676677735418,1676677736781
1676677734891,1676677736825
1676677735167,1676677736825
1676677735419,1676677736869
1676677735671,1676677736869
1676677735307,1676677736909
1676677735699,1676677736917
1676677735183,1676677736953
1676677735811,1676677736961
1676677735563,1676677736993
1676677735227,1676677737001
1676677735907,1676677737013
1676677735839,1676677737037
1676677735503,1676677737049
1676677735451,1676677737069
1676677735379,1676677737069
1676677736055,1676677737073
1676677735450,1676677737089
1676677735919,1676677737153
1676677735417,1676677737169
1676677736087,1676677737221
1676677735987,1676677737233
1676677735507,1676677737241
1676677735991,1676677737257
1676677736311,1676677737273
1676677735607,1676677737297
1676677735523,1676677737453
1676677736313,1676677737457
1676677736271,1676677737457
1676677736243,1676677737473
1676677735359,1676677737476
1676677735963,1676677737476
1676677736023,1676677737497
1676677735771,1676677737533
1676677735358,1676677737549
1676677736219,1676677737581
1676677736143,1676677737585
1676677736039,1676677737606
1676677736355,1676677737625
1676677736359,1676677737685
1676677735364,1676677737705
1676677736075,1676677737757
1676677736107,1676677737865
1676677736267,1676677737873
1676677736722,1676677737881
1676677736871,1676677737885
1676677736186,1676677737897
1676677736415,1676677737933
1676677736351,1676677737977
1676677737071,1676677737993
1676677737003,1676677737997
1676677736591,1676677738045
1676677736219,1676677738045
1676677736551,1676677738049
1676677735799,1676677738063
1676677736919,1676677738117
1676677736691,1676677738133
1676677736739,1676677738145
1676677737071,1676677738153
1676677736543,1676677738161
1676677736827,1676677738202
1676677736582,1676677738233
1676677736755,1676677738233
1676677736827,1676677738253
1676677737234,1676677738321
1676677736735,1676677738389
1676677736955,1676677738430
1676677737478,1676677738449
1676677736183,1676677738473
1676677737478,1676677738473
1676677737258,1676677738497
1676677737075,1676677738529
1676677737091,1676677738533
1676677736911,1676677738557
1676677736663,1676677738621
1676677737050,1676677738621
1676677737171,1676677738645
1676677737455,1676677738653
1676677737014,1676677738661
1676677736783,1676677738737
1676677737299,1676677738765
1676677736963,1676677738809
1676677737243,1676677738817
1676677737582,1676677738833
1676677737459,1676677738845
1676677736871,1676677738853
1676677737223,1676677738929
1676677737499,1676677738973
1676677737535,1676677738973
1676677737459,1676677738989
1676677737687,1676677738989
1676677736995,1676677739005
1676677737475,1676677739005
1676677737275,1676677739049
1676677737883,1676677739105
1676677737155,1676677739109
1676677737706,1676677739125
1676677737587,1676677739185
1676677737608,1676677739201
1676677737935,1676677739203
1676677737979,1676677739205
1676677738135,1676677739241
1676677737875,1676677739257
1676677737550,1676677739265
1676677737627,1676677739269
1676677737887,1676677739289
1676677737039,1676677739337
1676677738204,1676677739341
1676677737758,1676677739361
1676677737995,1676677739365
1676677738235,1676677739413
1676677738047,1676677739417
1676677738431,1676677739453
1676677738065,1676677739473
1676677738051,1676677739501
1676677737867,1676677739513
1676677737999,1676677739541
1676677738255,1676677739549
1676677738119,1676677739573
1676677738559,1676677739613
1676677737899,1676677739617
1676677738155,1676677739673
1676677738474,1676677739693
1676677738147,1676677739721
1676677738623,1676677739725
1676677738663,1676677739737
1676677738234,1676677739757
1676677738323,1676677739829
1676677738531,1676677739830
1676677738047,1676677739901
1676677738767,1676677739925
1676677738163,1676677739969
1676677738835,1676677739985
1676677738855,1676677739985
1676677738811,1676677740009
1676677738475,1676677740021
1676677738991,1676677740021
1676677738622,1676677740037
1676677738451,1676677740097
1676677738655,1676677740161
1676677739111,1676677740165
1676677738499,1676677740209
1676677739243,1676677740237
1676677738646,1676677740287
1676677739051,1676677740329
1676677738391,1676677740329
1676677739362,1676677740353
1676677738739,1676677740453
1676677739270,1676677740461
1676677739543,1676677740473
1676677739187,1676677740561
1676677739206,1676677740581
1676677739502,1676677740589
1676677739339,1676677740616
1676677739267,1676677740677
1676677739551,1676677740713
1676677738535,1676677740777
1676677739619,1676677740793
1676677739107,1676677740801
1676677738931,1676677740813
1676677738847,1676677740817
1676677738975,1676677740837
1676677739205,1676677740837
1676677739455,1676677740945
1676677739727,1676677740953
1676677739127,1676677740953
1676677739007,1676677740993
1676677738975,1676677741005
1676677739971,1676677741039
1676677739007,1676677741041
1676677740167,1676677741061
1676677739675,1676677741093
1676677738819,1676677741145
1676677739695,1676677741169
1676677739367,1676677741189
1676677739832,1676677741213
1676677739575,1676677741221
1676677739419,1676677741237
1676677739831,1676677741253
1676677739739,1676677741257
1676677739986,1676677741257
1676677739927,1676677741273
1676677740010,1676677741293
1676677739415,1676677741295
1676677740022,1676677741313
1676677739515,1676677741341
1676677739903,1676677741365
1676677739290,1676677741373
1676677739723,1676677741405
1676677739259,1676677741433
1676677740163,1676677741441
1676677739475,1676677741501
1676677740211,1676677741513
1676677739615,1676677741561
1676677739203,1676677741585
1676677740238,1676677741593
1676677740289,1676677741601
1676677740618,1676677741605
1676677740022,1676677741629
1676677739343,1676677741637
1676677739987,1676677741649
1676677740455,1676677741661
1676677739759,1676677741701
1676677740475,1676677741713
1676677740715,1676677741725
1676677740678,1676677741733
1676677740591,1676677741737
1676677738990,1676677741757
1676677740331,1676677741773
1676677740779,1676677741781
1676677740331,1676677741793
1676677740803,1676677741821
1676677740038,1676677741841
1676677740099,1676677741849
1676677740463,1676677741929
1676677740795,1676677741949
1676677740839,1676677741965
1676677740819,1676677741997
1676677740815,1676677742061
1676677741007,1676677742073
1676677740355,1676677742097
1676677740839,1676677742149
1676677740563,1676677742209
1676677741259,1676677742261
1676677740955,1676677742309
1676677740583,1676677742317
1676677741171,1676677742333
1676677741043,1676677742361
1676677741274,1676677742405
1676677741295,1676677742437
1676677740947,1676677742457
1676677741259,1676677742457
1676677741375,1676677742473
1676677741041,1676677742485
1676677741223,1676677742537
1676677741407,1676677742557
1676677741315,1676677742565
1676677741255,1676677742621
1676677741367,1676677742656
1676677740955,1676677742664
1676677741147,1676677742665
1676677741063,1676677742673
1676677741630,1676677742697
1676677740995,1676677742709
1676677741714,1676677742810
1676677741639,1676677742813
1676677741586,1676677742849
1676677741662,1676677742869
1676677741434,1676677742869
1676677741191,1676677742908
1676677741343,1676677742961
1676677741594,1676677742977
1676677741239,1676677743017
1676677741822,1676677743017
1676677741215,1676677743017
1676677741774,1676677743029
1676677741297,1676677743041
1676677741843,1676677743077
1676677741563,1676677743097
1676677741794,1676677743101
1676677741726,1676677743113
1676677742099,1676677743133
1676677741735,1676677743173
1676677741503,1676677743181
1676677741095,1676677743185
1676677741514,1676677743193
1676677741782,1676677743209
1676677741602,1676677743217
1676677741442,1676677743261
1676677741702,1676677743295
1676677741606,1676677743313
1676677742318,1676677743337
1676677741851,1676677743385
1676677742311,1676677743413
1676677741950,1676677743441
1676677742211,1676677743449
1676677741758,1676677743529
1676677742406,1676677743561
1676677742363,1676677743589
1676677742151,1676677743593
1676677742074,1676677743649
1676677742439,1676677743661
1676677742487,1676677743677
1676677741651,1676677743685
1676677742539,1676677743713
1676677741999,1676677743733
1676677742459,1676677743761
1676677742622,1676677743797
1676677741930,1676677743805
1676677742262,1676677743813
1676677742475,1676677743821
1676677741739,1676677743865
1676677742871,1676677743870
1676677741966,1676677743889
1676677742699,1676677743897
1676677742711,1676677743933
1676677742674,1676677743941
1676677742851,1676677743945
1676677742666,1676677743969
1676677742559,1676677743989
1676677742666,1676677744044
1676677742459,1676677744093
1676677742062,1676677744093
1676677742657,1676677744097
1676677742812,1676677744109
1676677742871,1676677744133
1676677743018,1676677744137
1676677743018,1676677744221
1676677742910,1676677744233
1676677742567,1676677744233
1676677743079,1676677744245
1676677742815,1676677744299
1676677742963,1676677744349
1676677743297,1676677744361
1676677743263,1676677744369
1676677743030,1676677744389
1676677743042,1676677744465
1676677743387,1676677744481
1676677743650,1676677744501
1676677743099,1676677744509
1676677743018,1676677744513
1676677743183,1676677744525
1676677743195,1676677744557
1676677742979,1676677744573
1676677743135,1676677744613
1676677743114,1676677744665
1676677743442,1676677744729
1676677743531,1676677744741
1676677743102,1676677744745
1676677743591,1676677744793
1676677743187,1676677744801
1676677743595,1676677744809
1676677743451,1676677744829
1676677743687,1676677744853
1676677743867,1676677744860
1676677743735,1676677744873
1676677743315,1676677744877
1676677743823,1676677744993
1676677743175,1676677745033
1676677744099,1676677745041
1676677743338,1676677745065
1676677743415,1676677745077
1676677743679,1676677745101
1676677743219,1676677745121
1676677743763,1676677745145
1676677744095,1676677745185
1676677743970,1676677745193
1676677743872,1676677745193
1676677743563,1676677745197
1676677743815,1676677745217
1676677743807,1676677745225
1676677743715,1676677745253
1676677743990,1676677745281
1676677743211,1676677745287
1676677744223,1676677745321
1676677743663,1676677745353
1676677744511,1676677745369
1676677743943,1676677745377
1676677744135,1676677745393
1676677743891,1676677745437
1676677743799,1676677745473
1676677744503,1676677745493
1676677744235,1676677745505
1676677744095,1676677745541
1676677744046,1676677745561
1676677743947,1676677745573
1676677743899,1676677745593
1676677744371,1676677745649
1676677744362,1676677745673
1676677744666,1676677745681
1676677743935,1676677745761
1676677744111,1676677745761
1676677744527,1676677745769
1676677744351,1676677745789
1676677744730,1676677745809
1676677744747,1676677745857
1676677745079,1676677745917
1676677744467,1676677746021
1676677744615,1676677746069
1676677744575,1676677746081
1676677744742,1676677746085
1676677744515,1676677746085
1676677744861,1676677746117
1676677744139,1676677746125
1676677744301,1676677746169
1676677744235,1676677746189
1676677744855,1676677746193
1676677744247,1676677746241
1676677745195,1676677746253
1676677744559,1676677746329
1676677744810,1676677746329
1676677744831,1676677746345
1676677744875,1676677746345
1676677745067,1676677746345
1676677744391,1676677746349
1676677745043,1676677746367
1676677745103,1676677746381
1676677745199,1676677746389
1676677745255,1676677746413
1676677744878,1676677746425
1676677744803,1676677746493
1676677744483,1676677746521
1676677745219,1676677746521
1676677745227,1676677746525
1676677745283,1676677746549
1676677745195,1676677746568
1676677744794,1676677746639
1676677745575,1676677746645
1676677745506,1676677746661
1676677745035,1676677746689
1676677745187,1676677746697
1676677745355,1676677746736
1676677745379,1676677746777
1676677745439,1676677746785
1676677745495,1676677746789
1676677745395,1676677746797
1676677745475,1676677746837
1676677744995,1676677746869
1676677745371,1676677746873
1676677745323,1676677746917
1676677745810,1676677746961
1676677745123,1676677746969
1676677745595,1676677746974
1676677745762,1676677746981
1676677745651,1676677747009
1676677745675,1676677747026
1676677745289,1676677747057
1676677745791,1676677747137
1676677745147,1676677747205
1676677746191,1676677747281
1676677745918,1676677747297
1676677745859,1676677747313
1676677745563,1676677747329
1676677746023,1676677747401
1676677746083,1676677747417
1676677745682,1676677747453
1676677746523,1676677747537
1676677746331,1676677747565
1676677746347,1676677747609
1676677745543,1676677747621
1676677746127,1676677747629
1676677745771,1676677747629
1676677745762,1676677747645
1676677746495,1676677747669
1676677746119,1676677747673
1676677746369,1676677747693
1676677746171,1676677747701
1676677746691,1676677747713
1676677746415,1676677747717
1676677746351,1676677747761
1676677746347,1676677747785
1676677746523,1676677747789
1676677746087,1676677747805
1676677746391,1676677747809
1676677746570,1676677747833
1676677746738,1676677747845
1676677746383,1676677747853
1676677746331,1676677747899
1676677746195,1676677747905
1676677746255,1676677747921
1676677746919,1676677747953
1676677746243,1676677747985
1676677746527,1676677748013
1676677746640,1676677748061
1676677746663,1676677748089
1676677746799,1676677748097
1676677746551,1676677748133
1676677746427,1676677748166
1676677746071,1676677748189
1676677746347,1676677748245
1676677747011,1676677748257
1676677746779,1676677748269
1676677746976,1676677748321
1676677746646,1676677748349
1676677747330,1676677748373
1676677747028,1676677748389
1676677747315,1676677748389
1676677746971,1676677748409
1676677746699,1676677748429
1676677747139,1676677748429
1676677746791,1676677748485
1676677747403,1676677748505
1676677747299,1676677748513
1676677746839,1676677748525
1676677747567,1676677748549
1676677746875,1676677748605
1676677746787,1676677748617
1676677747419,1676677748709
1676677747539,1676677748717
1676677747674,1676677748737
1676677747695,1676677748773
1676677747454,1676677748805
1676677747715,1676677748853
1676677747630,1676677748929
1676677747623,1676677748929
1676677747646,1676677748933
1676677747283,1676677748941
1676677747702,1676677748969
1676677747670,1676677749021
1676677747718,1676677749085
1676677747611,1676677749093
1676677746871,1676677749109
1676677748135,1676677749149
1676677748191,1676677749161
1676677747791,1676677749169
1676677747208,1676677749193
1676677746983,1676677749205
1676677747763,1676677749225
1676677747811,1676677749225
1676677747923,1676677749233
1676677747631,1676677749241
1676677746963,1676677749269
1676677747955,1676677749277
1676677747059,1676677749313
1676677747901,1676677749401
1676677748271,1676677749421
1676677748063,1676677749453
1676677747847,1676677749459
1676677748168,1676677749461
1676677748091,1676677749489
1676677747987,1676677749501
1676677748015,1676677749505
1676677748391,1676677749509
1676677747807,1676677749517
1676677748375,1676677749633
1676677748487,1676677749633
1676677748099,1676677749681
1676677748323,1676677749681
1676677748411,1676677749701
1676677747835,1676677749717
1676677747907,1676677749753
1676677748515,1676677749761
1676677747787,1676677749777
1676677748259,1676677749789
1676677748718,1676677749791
1676677748739,1676677749821
1676677748247,1676677749821
1676677748527,1676677749889
1676677748711,1676677749893
1676677748431,1676677749909
1676677748618,1676677749981
1676677748807,1676677749997
1676677748551,1676677750061
1676677748391,1676677750081
1676677749111,1676677750097
1676677748943,1676677750098
1676677748607,1676677750141
1676677748855,1676677750145
1676677748351,1676677750257
1676677748507,1676677750265
1676677747855,1676677750265
1676677748935,1676677750277
1676677748430,1676677750313
1676677748931,1676677750313
1676677748971,1676677750317
1676677748931,1676677750341
1676677749023,1676677750341
1676677749502,1676677750377
1676677749095,1676677750477
1676677749455,1676677750541
1676677749403,1676677750541
1676677749151,1676677750545
1676677749227,1676677750577
1676677749243,1676677750593
1676677749491,1676677750633
1676677749271,1676677750637
1676677748775,1676677750653
1676677749463,1676677750677
1676677749207,1676677750733
1676677749518,1676677750737
1676677749507,1676677750757
1676677749087,1676677750761
1676677749634,1676677750785
1676677749315,1676677750813
1676677749461,1676677750869
1676677749171,1676677750881
1676677749227,1676677750905
1676677749195,1676677750917
1676677749423,1676677750917
1676677749634,1676677750941
1676677749682,1676677750945
1676677749762,1676677750965
1676677749163,1676677750981
1676677749895,1676677751005
1676677749234,1676677751045
1676677749822,1676677751097
1676677749823,1676677751097
1676677749702,1676677751133
1676677750100,1676677751133
1676677749755,1676677751133
1676677749791,1676677751137
1676677749792,1676677751168
1676677749779,1676677751269
1676677750343,1676677751277
1676677749682,1676677751333
1676677749279,1676677751393
1676677749983,1676677751425
1676677750063,1676677751521
1676677750147,1676677751521
1676677750083,1676677751545
1676677749999,1676677751565
1676677749911,1676677751593
1676677749891,1676677751625
1676677750315,1676677751653
1676677749510,1676677751657
1676677750343,1676677751664
1676677750479,1676677751673
1676677750655,1676677751697
1676677750315,1676677751713
1676677750267,1676677751725
1676677750579,1676677751741
1676677750099,1676677751742
1676677750259,1676677751761
1676677750595,1676677751801
1676677750143,1676677751841
1676677750739,1676677751861
1676677750267,1676677751897
1676677750547,1676677751937
1676677750883,1676677751937
1676677750638,1676677751949
1676677750279,1676677751957
1676677750543,1676677751968
1676677750871,1676677751981
1676677750947,1676677752009
1676677750759,1676677752013
1676677750920,1676677752109
1676677749719,1676677752113
1676677750919,1676677752148
1676677750815,1676677752149
1676677750635,1676677752177
1676677750967,1676677752197
1676677750319,1676677752233
1676677751135,1676677752249
1676677750763,1676677752265
1676677750787,1676677752269
1676677750543,1676677752277
1676677751099,1676677752281
1676677750735,1676677752353
1676677750907,1676677752365
1676677750678,1676677752381
1676677751134,1676677752449
1676677750943,1676677752461
1676677751335,1676677752521
1676677750983,1676677752537
1676677751674,1676677752557
1676677751427,1676677752589
1676677751047,1676677752681
1676677751099,1676677752689
1676677751271,1676677752745
1676677751007,1676677752753
1676677751139,1676677752764
1676677751666,1676677752813
1676677751547,1676677752817
1676677751714,1676677752821
1676677751727,1676677752893
1676677751743,1676677752909
1676677751170,1676677752993
1676677751594,1676677753001
1676677751135,1676677753012
1676677751567,1676677753021
1676677751626,1676677753045
1676677751969,1676677753085
1676677751960,1676677753089
1676677751523,1676677753101
1676677752199,1676677753109
1676677751983,1676677753117
1676677751523,1676677753141
1676677752015,1676677753161
1676677751279,1676677753165
1676677751802,1676677753281
1676677752283,1676677753301
1676677751395,1676677753309
1676677752111,1676677753317
1676677751842,1676677753321
1676677751862,1676677753365
1676677752235,1676677753409
1676677751763,1676677753473
1676677751655,1676677753509
1676677752271,1676677753513
1676677751659,1676677753533
1676677751939,1676677753549
1676677751698,1676677753574
1676677752151,1676677753584
1676677751951,1676677753613
1676677751744,1676677753629
1676677752463,1676677753633
1676677752011,1676677753665
1676677751939,1676677753678
1676677752179,1676677753705
1676677752150,1676677753724
1676677752355,1676677753729
1676677752115,1676677753737
1676677751899,1676677753737
1676677752367,1676677753797
1676677752559,1676677753817
1676677752267,1676677753877
1676677752822,1676677753889
1676677752755,1676677753909
1676677752251,1676677753917
1676677752683,1676677753941
1676677752910,1676677753985
1676677752539,1676677753989
1676677753091,1676677754049
1676677753303,1676677754057
1676677752451,1676677754069
1676677752766,1676677754101
1676677752279,1676677754157
1676677753002,1676677754173
1676677753143,1676677754254
1676677752895,1676677754281
1676677753319,1676677754285
1676677752383,1676677754321
1676677752818,1676677754381
1676677752747,1676677754392
1676677753102,1676677754401
1676677752814,1676677754441
1676677752591,1676677754473
1676677753311,1676677754481
1676677753322,1676677754489
1676677753282,1676677754537
1676677752523,1676677754561
1676677753022,1676677754569
1676677753635,1676677754581
1676677753014,1676677754585
1676677752690,1676677754609
1676677753535,1676677754657
1676677752994,1676677754660
1676677753726,1676677754677
1676677753167,1676677754684
1676677753738,1676677754685
1676677753586,1676677754693
1676677753515,1676677754741
1676677753119,1676677754762
1676677753162,1676677754765
1676677753411,1676677754801
1676677753551,1676677754833
1676677753731,1676677754901
1676677753707,1676677754962
1676677753666,1676677754985
1676677753110,1676677755005
1676677753879,1676677755021
1676677753576,1676677755021
1676677753891,1676677755033
1676677753631,1676677755037
1676677753819,1676677755045
1676677753086,1676677755097
1676677753615,1676677755105
1676677753911,1676677755105
1676677753475,1676677755157
1676677753367,1676677755173
1676677754071,1676677755181
1676677753991,1676677755193
1676677753738,1676677755217
1676677753919,1676677755245
1676677753680,1676677755293
1676677754159,1676677755325
1676677754483,1676677755365
1676677753987,1676677755454
1676677753799,1676677755465
1676677754059,1676677755493
1676677754103,1676677755597
1676677754394,1676677755632
1676677754175,1676677755649
1676677754322,1676677755669
1676677754286,1676677755693
1676677754282,1676677755705
1676677753511,1676677755713
1676677754443,1676677755716
1676677754051,1676677755752
1676677754662,1676677755840
1676677754403,1676677755857
1676677754571,1676677755873
1676677753943,1676677755889
1676677754658,1676677755901
1676677754835,1676677755933
1676677754475,1676677756005
1676677754383,1676677756025
1676677754694,1676677756061
1676677754256,1676677756073
1676677754539,1676677756077
1676677755023,1676677756113
1676677754563,1676677756137
1676677755107,1676677756153
1676677754686,1676677756157
1676677754587,1676677756173
1676677754611,1676677756201
1676677754803,1676677756245
1676677755007,1676677756273
1676677754583,1676677756289
1676677754987,1676677756297
1676677755023,1676677756313
1676677754491,1676677756325
1676677755219,1676677756369
1676677755175,1676677756389
1676677754686,1676677756393
1676677754903,1676677756401
1676677754766,1676677756441
1676677755195,1676677756482
1676677755107,1676677756553
1676677755035,1676677756573
1676677754678,1676677756617
1676677754764,1676677756633
1676677755599,1676677756669
1676677755456,1676677756677
1676677754743,1676677756692
1676677755247,1676677756701
1676677755634,1676677756726
1676677755858,1676677756737
1676677755715,1676677756769
1676677755327,1676677756801
1676677755367,1676677756837
1676677755039,1676677756841
1676677755651,1676677756889
1676677755047,1676677756893
1676677755099,1676677756897
1676677755467,1676677756945
1676677755891,1676677756945
1676677755671,1676677756973
1676677755753,1676677757145
1676677755935,1676677757149
1676677755295,1676677757173
1676677755717,1676677757193
1676677756275,1676677757209
1676677755706,1676677757233
1676677755694,1676677757253
1676677756063,1676677757257
1676677756159,1676677757265
1676677755842,1676677757269
1676677756139,1676677757353
1676677756075,1676677757369
1676677755183,1676677757409
1676677755875,1676677757421
1676677756114,1676677757425
1676677756175,1676677757449
1676677756247,1676677757477
1676677755495,1676677757485
1676677754963,1676677757521
1676677756155,1676677757529
1676677756007,1676677757545
1676677756299,1676677757557
1676677756327,1676677757572
1676677756403,1676677757641
1676677756391,1676677757677
1676677756555,1676677757685
1676677756738,1676677757721
1676677755903,1676677757737
1676677756291,1676677757741
1676677756619,1676677757765
1676677756702,1676677757769
1676677756770,1676677757861
1676677756693,1676677757893
1676677756315,1676677757909
1676677756027,1676677757913
1676677756679,1676677757921
1676677756947,1676677757977
1676677756395,1676677758002
1676677756203,1676677758029
1676677756371,1676677758029
1676677756838,1676677758093
1676677756890,1676677758141
1676677756575,1676677758153
1676677757210,1676677758257
1676677757147,1676677758329
1676677756895,1676677758357
1676677756079,1676677758385
1676677756443,1676677758433
1676677757235,1676677758537
1676677757573,1676677758541
1676677757150,1676677758545
1676677757194,1676677758545
1676677756898,1676677758573
1676677757478,1676677758585
1676677757266,1676677758601
1676677757558,1676677758637
1676677756484,1676677758661
1676677757174,1676677758689
1676677757370,1676677758689
1676677757355,1676677758709
1676677757771,1676677758737
1676677757427,1676677758745
1676677756946,1676677758749
1676677756975,1676677758765
1676677757281,1676677758769
1676677757410,1676677758821
1676677756728,1676677758829
1676677757486,1676677758834
1676677757266,1676677758861
1676677756670,1676677758909
1676677758095,1676677758957
1676677757547,1676677758965
1676677757531,1676677758977
1676677757679,1676677758989
1676677756803,1676677758997
1676677757738,1676677759037
1676677756843,1676677759117
1676677757450,1676677759117
1676677757422,1676677759157
1676677757895,1676677759157
1676677757522,1676677759189
1676677757863,1676677759197
1676677757642,1676677759201
1676677756635,1676677759201
1676677757766,1676677759261
1676677758031,1676677759272
1676677757911,1676677759285
1676677757915,1676677759353
1676677757923,1676677759393
1676677758258,1676677759453
1676677758031,1676677759525
1676677757722,1676677759549
1676677758750,1676677759601
1676677758143,1676677759641
1676677758691,1676677759645
1676677757686,1676677759669
1676677758747,1676677759673
1676677757743,1676677759677
1676677758330,1676677759690
1676677758155,1676677759725
1676677758547,1676677759757
1676677758434,1676677759773
1676677758387,1676677759777
1676677758967,1676677759861
1676677758539,1676677759885
1676677758588,1676677759891
1676677757979,1676677759929
1676677758639,1676677759969
1676677758005,1676677759969
1676677758863,1676677759969
1676677758690,1676677760001
1676677758739,1676677760037
1676677758991,1676677760045
1676677758547,1676677760085
1676677758831,1676677760117
1676677759159,1676677760153
1676677758543,1676677760165
1676677759262,1676677760233
1676677758959,1676677760265
1676677758835,1676677760289
1676677759119,1676677760297
1676677758663,1676677760301
1676677758771,1676677760329
1676677758575,1676677760333
1676677758911,1676677760361
1676677758359,1676677760365
1676677758766,1676677760373
1676677758999,1676677760389
1676677759203,1676677760429
1676677759159,1676677760453
1676677759039,1676677760476
1676677758823,1676677760493
1676677759203,1676677760505
1676677759355,1676677760589
1676677758603,1676677760597
1676677758711,1676677760689
1676677759287,1676677760705
1676677759191,1676677760713
1676677759455,1676677760737
1676677759551,1676677760757
1676677759274,1676677760833
1676677759199,1676677760873
1676677759931,1676677760877
1676677759527,1676677760950
1676677759119,1676677760950
1676677759603,1676677760977
1676677760039,1676677761001
1676677759671,1676677761021
1676677759971,1676677761081
1676677759646,1676677761145
1676677759863,1676677761149
1676677759678,1676677761161
1676677760087,1676677761245
1676677760119,1676677761245
1676677759395,1676677761245
1676677759691,1676677761285
1676677759643,1676677761301
1676677759675,1676677761333
1676677759759,1676677761337
1676677760367,1676677761337
1676677759886,1676677761425
1676677760003,1676677761437
1676677759774,1676677761457
1676677759778,1676677761477
1676677760047,1676677761487
1676677759727,1676677761557
1676677760478,1676677761589
1676677760155,1676677761590
1676677759971,1676677761597
1676677759971,1676677761621
1676677760267,1676677761645
1676677760303,1676677761753
1676677760171,1676677761761
1676677761003,1676677761801
1676677760363,1676677761813
1676677760875,1676677761853
1676677760331,1676677761881
1676677760430,1676677761925
1676677760494,1676677761949
1676677760758,1676677761961
1676677760507,1676677761965
1676677760299,1676677761986
1676677760978,1676677762013
1676677761023,1676677762029
1676677760691,1676677762045
1676677759893,1676677762045
1676677760374,1676677762069
1676677760835,1676677762069
1676677760707,1676677762117
1676677761083,1676677762193
1676677760235,1676677762193
1676677760334,1676677762205
1676677760455,1676677762213
1676677760879,1676677762218
1676677760291,1676677762227
1676677760714,1676677762261
1676677760952,1676677762317
1676677760590,1676677762321
1676677760599,1676677762401
1676677760739,1676677762421
1676677761151,1676677762473
1676677761303,1676677762533
1676677761247,1676677762541
1676677761247,1676677762544
1676677761247,1676677762545
1676677761287,1676677762557
1676677760390,1676677762593
1676677760952,1676677762717
1676677761427,1676677762721
1676677761439,1676677762733
1676677761335,1676677762841
1676677761755,1676677762905
1676677761599,1676677762909
1676677761147,1676677762945
1676677761339,1676677763005
1676677761339,1676677763005
1676677761459,1676677763009
1676677761559,1676677763057
1676677761490,1676677763101
1676677762047,1676677763141
1676677761883,1676677763145
1676677761479,1676677763189
1676677761815,1676677763233
1676677762195,1676677763245
1676677761963,1676677763273
1676677761592,1676677763281
1676677762031,1676677763289
1676677762195,1676677763397
1676677761967,1676677763433
1676677762071,1676677763513
1676677761762,1676677763519
1676677762319,1676677763521
1676677761951,1676677763525
1676677761647,1676677763577
1676677762594,1676677763609
1676677762014,1676677763609
1676677762263,1676677763641
1676677762323,1676677763661
1676677762734,1676677763677
1676677762071,1676677763709
1676677761855,1676677763713
1676677762229,1676677763717
1676677762047,1676677763754
1676677762534,1676677763781
1676677761988,1676677763793
1676677761927,1676677763833
1676677762207,1676677763833
1676677762120,1676677763889
1676677762402,1676677763913
1676677762542,1676677763961
1676677762719,1676677763968
1676677761591,1676677763977
1676677762545,1676677763993
1676677762215,1676677764001
1676677762220,1676677764073
1676677761803,1676677764097
1676677762546,1676677764121
1676677762558,1676677764153
1676677762723,1676677764153
1676677762842,1676677764225
1676677763007,1676677764269
1676677762947,1676677764272
1676677763059,1676677764321
1676677763011,1676677764357
1676677762907,1676677764361
1676677762423,1676677764385
1676677761623,1676677764493
1676677762911,1676677764509
1676677763146,1676677764593
1676677763399,1676677764593
1676677763103,1676677764605
1676677763523,1676677764713
1676677762474,1676677764717
1676677763527,1676677764717
1676677763663,1676677764729
1676677763246,1676677764821
1676677763611,1676677764845
1676677763579,1676677764892
1676677763835,1676677764909
1676677763756,1676677764973
1676677763978,1676677765089
1676677763642,1676677765109
1676677763143,1676677765109
1676677763515,1676677765133
1676677763234,1676677765149
1676677763679,1676677765161
1676677763435,1676677765169
1676677763711,1676677765177
1676677764003,1676677765180
1676677763275,1676677765253
1676677763291,1676677765285
1676677763915,1676677765293
1676677763191,1676677765317
1676677763718,1676677765353
1676677764495,1676677765357
1676677763283,1676677765393
1676677764123,1676677765413
1676677763715,1676677765429
1676677763521,1676677765441
1676677764155,1676677765505
1676677764363,1676677765505
1676677764359,1676677765557
1676677763995,1676677765557
1676677763611,1676677765565
1676677763782,1676677765569
1676677764227,1676677765581
1676677764595,1676677765597
1676677763970,1676677765617
1676677764099,1676677765637
1676677763891,1676677765661
1676677764323,1676677765689
1676677764075,1676677765721
1676677764511,1676677765729
1676677764719,1676677765757
1676677763794,1676677765789
1676677764719,1676677765825
1676677764847,1676677765837
1676677764155,1676677765857
1676677764273,1676677765861
1676677763835,1676677765889
1676677764595,1676677765921
1676677764271,1676677765933
1676677763963,1676677765957
1676677764607,1676677765965
1676677765182,1676677766057
1676677764823,1676677766073
1676677764715,1676677766141
1676677765151,1676677766153
1676677764731,1676677766157
1676677765255,1676677766217
1676677765091,1676677766313
1676677765359,1676677766345
1676677764911,1676677766505
1676677765287,1676677766513
1676677765319,1676677766517
1676677765111,1676677766569
1676677764894,1676677766617
1676677764975,1676677766653
1676677765559,1676677766717
1676677765171,1676677766741
1676677765663,1676677766757
1676677765507,1676677766789
1676677765395,1676677766809
1676677765111,1676677766833
1676677765355,1676677766845
1676677765179,1676677766865
1676677765443,1676677766873
1676677765507,1676677766881
1676677765163,1676677766885
1676677765295,1676677766937
1676677765599,1676677767001
1676677765863,1676677767089
1676677765567,1676677767105
1676677765791,1676677767114
1676677765838,1676677767114
1676677765135,1676677767169
1676677765619,1676677767189
1676677765415,1676677767193
1676677765639,1676677767209
1676677765935,1676677767237
1676677765891,1676677767265
1676677765826,1676677767297
1676677765859,1676677767309
1676677766059,1676677767333
1676677765723,1676677767377
1676677765759,1676677767377
1676677766159,1676677767381
1676677765731,1676677767389
1676677765967,1676677767433
1676677765431,1676677767529
1676677766219,1676677767589
1676677766143,1676677767601
1676677766519,1676677767605
1676677766347,1676677767647
1676677765559,1676677767661
1676677765959,1676677767697
1676677766619,1676677767737
1676677766155,1676677767789
1676677766883,1676677767889
1676677766507,1676677767917
1676677765923,1676677767921
1676677765571,1676677767946
1676677765691,1676677768009
1676677766847,1676677768069
1676677766315,1676677768069
1676677766866,1676677768073
1676677766743,1676677768081
1676677766075,1676677768109
1676677766790,1676677768137
1676677767116,1676677768193
1676677767116,1676677768198
1676677766759,1676677768221
1676677765583,1676677768253
1676677767195,1676677768273
1676677767091,1676677768281
1676677766886,1676677768297
1676677766655,1676677768309
1676677766571,1676677768329
1676677766811,1676677768365
1676677766719,1676677768445
1676677767299,1676677768481
1676677767383,1676677768517
1676677767607,1676677768537
1676677767191,1676677768545
1676677767170,1676677768545
1676677767211,1676677768570
1676677766939,1676677768627
1676677767239,1676677768633
1676677766835,1676677768677
1676677767107,1676677768798
1676677767335,1676677768801
1676677767435,1676677768820
1676677766875,1676677768833
1676677767267,1676677768837
1676677767649,1676677768877
1676677767791,1676677768889
1676677767379,1676677768889
1676677768139,1676677769057
1676677767379,1676677769081
1676677767739,1676677769093
1676677767531,1676677769097
1676677767391,1676677769113
1676677768071,1676677769113
1676677768071,1676677769145
1676677767663,1676677769203
1676677767003,1676677769257
1676677767603,1676677769265
1676677767923,1676677769269
1676677768311,1676677769281
1676677768111,1676677769297
1676677767891,1676677769313
1676677768275,1676677769353
1676677767699,1676677769365
1676677768331,1676677769397
1676677768283,1676677769413
1676677768011,1676677769481
1676677768447,1676677769489
1676677768195,1676677769537
1676677768630,1676677769553
1676677767919,1676677769569
1676677768299,1676677769635
1676677768539,1676677769657
1676677768838,1676677769661
1676677767591,1676677769685
1676677768367,1676677769721
1676677768083,1676677769739
1676677768255,1676677769746
1676677768483,1676677769781
1676677768519,1676677769793
1676677767948,1676677769833
1676677768547,1676677769885
1676677768879,1676677769921
1676677768572,1676677770029
1676677768800,1676677770101
1676677768200,1676677770149
1676677768891,1676677770197
1676677769491,1676677770221
1676677768679,1676677770285
1676677768835,1676677770289
1676677769147,1676677770293
1676677769267,1676677770437
1676677768223,1676677770469
1676677768891,1676677770489
1676677769298,1676677770501
1676677768635,1676677770554
1676677769283,1676677770573
1676677769355,1676677770633
1676677769083,1676677770649
1676677769366,1676677770705
1676677769204,1676677770721
1676677769095,1676677770745
1676677769398,1676677770777
1676677769115,1676677770781
1676677769059,1676677770800
1676677768803,1676677770829
1676677769115,1676677770917
1676677769783,1676677770941
1676677769483,1676677770953
1676677769637,1676677770969
1676677768074,1676677770973
1676677769315,1676677770973
1676677768547,1676677770997
1676677769259,1676677770997
1676677769687,1676677771041
1676677769539,1676677771057
1676677769414,1676677771081
1676677769555,1676677771097
1676677769099,1676677771105
1676677769835,1676677771141
1676677769887,1676677771149
1676677769571,1676677771173
1676677769748,1676677771189
1676677770031,1676677771241
1676677768822,1676677771249
1676677770287,1676677771265
1676677769795,1676677771277
1676677769740,1676677771281
1676677769663,1676677771281
1676677770291,1676677771313
1676677769924,1676677771357
1676677770151,1676677771361
1676677770103,1676677771381
1676677769659,1676677771473
1676677769723,1676677771501
1676677770199,1676677771501
1676677770223,1676677771645
1676677770575,1676677771749
1676677770802,1676677771781
1676677770295,1676677771845
1676677770635,1676677771920
1676677770556,1676677771929
1676677770747,1676677771933
1676677770439,1676677772005
1676677770779,1676677772017
1676677770723,1676677772065
1676677770831,1676677772101
1676677770651,1676677772125
1676677770999,1676677772173
1676677771143,1676677772221
1676677770491,1676677772236
1676677771099,1676677772245
1676677770975,1676677772325
1676677771251,1676677772369
1676677770999,1676677772433
1676677771083,1676677772437
1676677771191,1676677772605
1676677771283,1676677772637
1676677770919,1676677772714
1676677770943,1676677772729
1676677771059,1676677772753
1676677771363,1676677772761
1676677771503,1676677772769
1676677771475,1676677772809
1676677770707,1676677772809
1676677771283,1676677772849
1676677770782,1676677772869
1676677771267,1676677772873
1676677771751,1676677772897
1676677771387,1676677772905
1676677771043,1676677772937
1676677770975,1676677772943
1676677771647,1676677772961
1676677771503,1676677772976
1676677771107,1676677772989
1676677771934,1676677773029
1676677771279,1676677773029
1676677771175,1676677773057
1676677771243,1676677773065
1676677771151,1676677773121
1676677770955,1676677773142
1676677770503,1676677773145
1676677772007,1676677773153
1676677772127,1676677773241
1676677771359,1676677773241
1676677771847,1676677773329
1676677772103,1676677773333
1676677772067,1676677773357
1676677772222,1676677773413
1676677772327,1676677773445
1676677772238,1676677773493
1676677771315,1676677773593
1676677771782,1676677773617
1676677770971,1676677773665
1676677772174,1676677773672
1676677772247,1676677773689
1676677772439,1676677773745
1676677772019,1676677773857
1676677772962,1676677774005
1676677772907,1676677774029
1676677772607,1676677774053
1676677772938,1676677774085
1676677772945,1676677774125
1676677772810,1676677774173
1676677772898,1676677774173
1676677772871,1676677774185
1676677772731,1676677774213
1676677771930,1676677774289
1676677772715,1676677774305
1676677772754,1676677774353
1676677773243,1676677774365
1676677773447,1676677774385
1676677772639,1676677774397
1676677772435,1676677774397
1676677772771,1676677774405
1676677772810,1676677774465
1676677771921,1676677774501
1676677772991,1676677774545
1676677773147,1676677774561
1676677773031,1676677774581
1676677772874,1676677774633
1676677773243,1676677774645
1676677773358,1676677774649
1676677773058,1676677774657
1676677772850,1676677774677
1676677773331,1676677774721
1676677773155,1676677774745
1676677773691,1676677774765
1676677772977,1676677774777
1676677773335,1676677774780
1676677773144,1676677774817
1676677773030,1676677774857
1676677773415,1676677774925
1676677772762,1676677774929
1676677773619,1676677774941
1676677773067,1676677774957
1676677774055,1676677775101
1676677773594,1676677775217
1676677774127,1676677775293
1676677774175,1676677775309
1676677774007,1676677775317
1676677773747,1676677775337
1676677774307,1676677775353
1676677773674,1676677775409
1676677773122,1676677775413
1676677774547,1676677775437
1676677774291,1676677775449
1676677774503,1676677775493
1676677774087,1676677775513
1676677774651,1676677775597
1676677774387,1676677775653
1676677774175,1676677775677
1676677774467,1676677775689
1676677774367,1676677775749
1676677774563,1676677775757
1676677774187,1676677775813
1676677774355,1676677775937
1676677774583,1676677775949
1676677774399,1676677775970
1676677774635,1676677775970
1676677774723,1676677775988
1676677774031,1676677776021
1676677774215,1676677776037
1676677774778,1676677776117
1676677774782,1676677776141
1676677774679,1676677776197
1676677774659,1676677776217
1676677774942,1676677776245
1676677773495,1676677776253
1676677775219,1676677776301
1676677774818,1676677776305
1676677775319,1676677776345
1676677774399,1676677776353
1676677774926,1676677776369
1676677774747,1676677776433
1676677774647,1676677776433
1676677775415,1676677776441
1676677775411,1676677776505
1676677775599,1676677776509
1676677774959,1676677776517
1676677774858,1676677776524
1676677775355,1676677776533
1676677775515,1676677776593
1676677774930,1676677776633
1676677775103,1676677776661
1676677775495,1676677776665
1676677774407,1676677776769
1676677775679,1676677776785
1676677775439,1676677776853
1676677775751,1676677776941
1676677776023,1676677777009
1676677775295,1676677777041
1676677775339,1676677777045
1676677776143,1676677777113
1676677774767,1676677777233
1676677775655,1676677777237
1676677775815,1676677777237
1676677776303,1676677777257
1676677776119,1676677777285
1676677776247,1676677777289
1676677775972,1676677777301
1676677775972,1676677777349
1676677776219,1676677777389
1676677775990,1676677777448
1676677775951,1676677777453
1676677775691,1676677777457
1676677775939,1676677777484
1676677776371,1676677777545
1676677776347,1676677777601
1676677776255,1676677777609
1676677776039,1676677777641
1676677776634,1676677777653
1676677775451,1676677777674
1676677775759,1676677777701
1676677776506,1676677777713
1676677776434,1676677777725
1676677776519,1676677777945
1676677777011,1676677777993
1676677776943,1676677778029
1676677776434,1676677778037
1676677776355,1676677778057
1676677776526,1676677778073
1676677776510,1676677778089
1676677776595,1676677778101
1676677776443,1676677778109
1676677776771,1676677778125
1676677776667,1676677778161
1676677776199,1676677778165
1676677776534,1676677778281
1676677776786,1676677778329
1676677776855,1676677778337
1676677776663,1676677778433
1676677777047,1676677778453
1676677777239,1676677778457
1676677777043,1676677778457
1676677776307,1676677778461
1676677777115,1676677778521
1676677777351,1676677778549
1676677777676,1676677778712
1676677777239,1676677778751
1676677777259,1676677778781
1676677777486,1676677778807
1676677777611,1676677778813
1676677777547,1676677778813
1676677777459,1676677778869
1676677777455,1676677778885
1676677777391,1676677778929
1676677777655,1676677778933
1676677777291,1676677778937
1676677777727,1676677778957
1676677777603,1676677779029
1676677777303,1676677779041
1676677777450,1676677779069
1676677778059,1676677779117
1676677777643,1676677779153
1676677777235,1676677779161
1676677777995,1676677779165
1676677778127,1676677779173
1676677778091,1676677779261
1676677778103,1676677779305
1676677777703,1676677779310
1676677778075,1676677779313
1676677778339,1676677779349
1676677777947,1676677779416
1676677778455,1676677779437
1676677778163,1676677779477
1676677778283,1676677779489
1676677777287,1676677779509
1676677778111,1676677779569
1676677778167,1676677779581
1676677778463,1676677779681
1676677778551,1676677779741
1676677778754,1676677779778
1676677778435,1676677779797
1676677778331,1676677779829
1676677778459,1676677779851
1676677778783,1676677779901
1676677778887,1676677780022
1676677778523,1676677780045
1676677778815,1676677780185
1676677779163,1676677780225
1676677778039,1676677780257
1676677779119,1676677780261
1676677778715,1676677780357
1676677779071,1676677780389
1676677778959,1676677780405
1676677778459,1676677780418
1676677779031,1676677780421
1676677778815,1676677780485
1676677779175,1676677780485
1676677778809,1676677780537
1676677779155,1676677780549
1676677778931,1676677780561
1676677778939,1676677780565
1676677779307,1676677780661
1676677779479,1676677780741
1676677778935,1676677780748
1676677779043,1676677780773
1676677779511,1676677780805
1676677779583,1676677780833
1676677779315,1676677780841
1676677779571,1676677780877
1676677779263,1676677780881
1676677778871,1676677780881
1676677779313,1676677780889
1676677779439,1676677780961
1676677779799,1676677780985
1676677779167,1676677781009
1676677779491,1676677781022
1676677780024,1676677781049
1676677779351,1676677781217
1676677780047,1676677781229
1676677780186,1676677781265
1676677779683,1676677781276
1676677780263,1676677781337
1676677780227,1676677781365
1676677779903,1676677781385
1676677779418,1676677781413
1676677780420,1676677781461
1676677779831,1676677781561
1676677780487,1676677781597
1676677780775,1676677781733
1676677780359,1676677781773
1676677780391,1676677781817
1676677779853,1676677781873
1676677780743,1676677781889
1676677780567,1676677781897
1676677779743,1676677781929
1676677780551,1676677781985
1676677780962,1676677782057
1676677780807,1676677782141
1676677780487,1676677782145
1676677781024,1676677782161
1676677780563,1676677782229
1676677780891,1676677782253
1676677780539,1676677782277
1676677780407,1676677782285
1676677779780,1676677782289
1676677781011,1676677782321
1676677780750,1676677782329
1676677780843,1676677782373
1676677780423,1676677782381
1676677780879,1676677782437
1676677780663,1676677782473
1676677781231,1676677782510
1676677780883,1676677782537
1676677781267,1676677782541
1676677781387,1676677782574
1676677781051,1676677782601
1676677781415,1676677782677
1676677780987,1676677782721
1676677781563,1676677782733
1676677781278,1676677782777
1676677781463,1676677782785
1676677781599,1676677782809
1676677781735,1676677782845
1676677780835,1676677782865
1676677780883,1676677782913
1676677781875,1676677782973
1676677781219,1676677783029
1676677781367,1676677783033
1676677782147,1676677783145
1676677782059,1676677783165
1676677781774,1676677783297
1676677782287,1676677783353
1676677781899,1676677783401
1676677781891,1676677783401
1676677782383,1676677783481
1676677782255,1676677783489
1676677782143,1676677783510
1676677781818,1676677783529
1676677781986,1676677783549
1676677782512,1676677783640
1676677782375,1676677783653
1676677782279,1676677783681
1676677782323,1676677783689
1676677782231,1676677783773
1676677782163,1676677783869
1676677782543,1676677783877
1676677782779,1676677783933
1676677782787,1676677784009
1676677782290,1676677784205
1676677783299,1676677784213
1676677783035,1676677784249
1676677782439,1676677784253
1676677782679,1676677784277
1676677782915,1676677784281
1676677782576,1676677784293
1676677782811,1676677784369
1676677782603,1676677784433
1676677782867,1676677784485
1676677782539,1676677784541
1676677783531,1676677784565
1676677783147,1676677784581
1676677782847,1676677784589
1676677782475,1676677784591
1676677782735,1676677784597
1676677782723,1676677784613
1676677782975,1676677784625
1676677783403,1676677784661
1676677783491,1676677784693
1676677783403,1676677784741
1676677783551,1676677784805
1676677783031,1676677784805
1676677783655,1676677784881
1676677783355,1676677784905
1676677783167,1676677784961
1676677781930,1676677784973
1676677784283,1676677784985
1676677783512,1676677785097
1676677783871,1676677785117
1676677783775,1676677785136
1676677783683,1676677785157
1676677783483,1676677785261
1676677783879,1676677785265
1676677783691,1676677785285
1676677784295,1676677785357
1676677783935,1676677785413
1676677784279,1676677785437
1676677784207,1676677785525
1676677784011,1676677785569
1676677784251,1676677785581
1676677784615,1676677785629
1676677784215,1676677785741
1676677784543,1676677785753
1676677784435,1676677785761
1676677784663,1676677785777
1676677784695,1676677785869
1676677784583,1676677785957
1676677784599,1676677785965
1676677784807,1676677786025
1676677784487,1676677786073
1676677785099,1676677786073
1676677784255,1676677786121
1676677784627,1676677786157
1676677784807,1676677786205
1676677784593,1676677786237
1676677785138,1676677786257
1676677784883,1676677786269
1676677784590,1676677786349
1676677784975,1676677786377
1676677784567,1676677786389
1676677784907,1676677786437
1676677784987,1676677786453
1676677784963,1676677786537
1676677785287,1676677786541
1676677785159,1676677786629
1676677785439,1676677786645
1676677785267,1676677786688
1676677785119,1676677786689
1676677784743,1676677786709
1676677785415,1676677786721
1676677785527,1676677786805
1676677785583,1676677786873
1676677785631,1676677786885
1676677785263,1676677786920
1676677785779,1676677787013
1676677785763,1676677787085
1676677785754,1676677787177
1676677785359,1676677787194
1676677785871,1676677787249
1676677785966,1676677787253
1676677785959,1676677787325
1676677785571,1676677787373
1676677786026,1676677787413
1676677786074,1676677787457
1676677786075,1676677787525
1676677786690,1676677787589
1676677786351,1676677787641
1676677786391,1676677787657
1676677786207,1676677787729
1676677786123,1676677787737
1676677785743,1676677787749
1676677786271,1676677787769
1676677786159,1676677787857
1676677786379,1676677787865
1676677786239,1676677787945
1676677786539,1676677787999
1676677786439,1676677788009
1676677786455,1676677788021
1676677786259,1676677788097
1676677786922,1676677788189
1676677786723,1676677788213
1676677786631,1676677788225
1676677787327,1676677788277
1676677786691,1676677788321
1676677786887,1676677788337
1676677786807,1676677788341
1676677786875,1676677788365
1676677787459,1676677788549
1676677786647,1676677788621
1676677787374,1676677788625
1676677787087,1676677788637
1676677787178,1676677788641
1676677787527,1676677788725
1676677787659,1676677788818
1676677787254,1676677788841
1676677787731,1676677788873
1676677787643,1676677788893
1676677787415,1676677788933
1676677787739,1676677788945
1676677787751,1676677789045
1676677787771,1676677789125
1676677787014,1676677789133
1676677788010,1676677789301
1676677788339,1676677789345
1676677787859,1676677789453
1676677788323,1676677789457
1676677788551,1676677789469
1676677788279,1676677789477
1676677787196,1676677789509
1676677788367,1676677789513
1676677787591,1676677789545
1676677788099,1676677789581
1676677787947,1676677789585
1676677787867,1676677789625
1676677788000,1676677789658
1676677788023,1676677789733
1676677788215,1676677789745
1676677788227,1676677789849
1676677788875,1676677789933
1676677788191,1676677789945
1676677788638,1676677790021
1676677788895,1676677790070
1676677788343,1676677790085
1676677788947,1676677790121
1676677788627,1676677790129
1676677788820,1676677790194
1676677789135,1676677790217
1676677789303,1676677790265
1676677788643,1676677790293
1676677788623,1676677790325
1676677788935,1676677790377
1676677789515,1676677790433
1676677789511,1676677790497
1676677789047,1676677790509
1676677788727,1676677790560
1676677789459,1676677790637
1676677789627,1676677790676
1676677789471,1676677790729
1676677789455,1676677790757
1676677789583,1676677790757
1676677789547,1676677790897
1676677790022,1676677790965
1676677790123,1676677791061
1676677788843,1676677791073
1676677789660,1676677791113
1676677789587,1676677791153
1676677789127,1676677791181
1676677790219,1676677791229
1676677789346,1676677791289
1676677790130,1676677791361
1676677790086,1676677791361
1676677790072,1676677791401
1676677790295,1676677791445
1676677789747,1676677791513
1676677790499,1676677791561
1676677790266,1676677791573
1676677789851,1676677791609
1676677789935,1676677791629
1676677789735,1676677791845
1676677790759,1676677791861
1676677790327,1676677791897
1676677789947,1676677791929
1676677790379,1676677791993
1676677790562,1676677792061
1676677790197,1676677792068
1676677791075,1676677792097
1676677790639,1676677792121
1676677790511,1676677792138
1676677790759,1676677792285
1676677790899,1676677792297
1676677790435,1676677792301
1676677791183,1676677792385
1676677791115,1676677792417
1676677791155,1676677792553
1676677791063,1676677792561
1676677791611,1676677792657
1676677791363,1676677792757
1676677791515,1676677792758
1676677791403,1676677792817
1676677790731,1676677792850
1676677791363,1676677792853
1676677791447,1676677792865
1676677791863,1676677793013
1676677791231,1676677793093
1676677790678,1676677793133
1676677791563,1676677793185
1676677791575,1676677793233
1676677790966,1676677793289
1676677792287,1676677793325
1676677791899,1676677793385
1676677792140,1676677793393
1676677792555,1676677793537
1676677792069,1676677793553
1676677792386,1676677793573
1676677792123,1676677793613
1676677792303,1676677793645
1676677791631,1676677793665
1676677791931,1676677793673
1676677792759,1676677793733
1676677792063,1676677793745
1676677791995,1676677793797
1676677792659,1676677793817
1676677791847,1676677793817
1676677792855,1676677793869
1676677792099,1676677793877
1676677792867,1676677794037
1676677792299,1676677794049
1676677792852,1676677794121
1676677793094,1676677794125
1676677793015,1676677794201
1676677792418,1676677794233
1676677793326,1676677794353
1676677793187,1676677794373
1676677792760,1676677794509
1676677793134,1676677794541
1676677793539,1676677794649
1676677793667,1676677794697
1676677792563,1676677794825
1676677792819,1676677794857
1676677793291,1676677794941
1676677793819,1676677795017
1676677793387,1676677795033
1676677793395,1676677795113
1676677793234,1676677795213
1676677793675,1676677795273
1676677794123,1676677795353
1676677793735,1676677795409
1676677794051,1676677795465
1676677793555,1676677795465
1676677793575,1676677795468
1676677793747,1676677795561
1676677794039,1676677795561
1676677793879,1676677795585
1676677793819,1676677795654
1676677793799,1676677795677
1676677794375,1676677795685
1676677793614,1676677795717
1676677794235,1676677795881
1676677794203,1676677795937
1676677794859,1676677795941
1676677794355,1676677795953
1676677794127,1676677796045
1676677794651,1676677796089
1676677794827,1676677796093
1676677794511,1676677796165
1676677795215,1676677796261
1676677795115,1676677796365
1676677795035,1676677796410
1676677794943,1676677796413
1676677795470,1676677796421
1676677793871,1676677796449
1676677795467,1676677796485
1676677794699,1676677796517
1676677795355,1676677796665
1676677795563,1676677796754
1676677795467,1676677796777
1676677795563,1676677796945
1676677795883,1676677797121
1676677795275,1676677797201
1676677795411,1676677797241
1676677795679,1676677797253
1676677796423,1676677797261
1676677795655,1676677797377
1676677796047,1676677797385
1676677795943,1676677797413
1676677795687,1676677797469
1676677795719,1676677797541
1676677796095,1676677797597
1676677795587,1676677797633
1676677795019,1676677797677
1676677796415,1676677797685
1676677796519,1676677797781
1676677796451,1676677797809
1676677796487,1676677797849
1676677796412,1676677797905
1676677795939,1676677797910
1676677796667,1676677798073
1676677796167,1676677798077
1676677796756,1676677798132
1676677796090,1676677798157
1676677796779,1676677798237
1676677797123,1676677798345
1676677797203,1676677798389
1676677797387,1676677798561
1676677796262,1676677798637
1676677797471,1676677798693
1676677796947,1676677798729
1676677797811,1676677798829
1676677797415,1676677798830
1676677797379,1676677798837
1676677797783,1676677798901
1676677797679,1676677798913
1676677797255,1676677798965
1676677797599,1676677798969
1676677797263,1676677799021
1676677797635,1676677799117
1676677797912,1676677799193
1676677798347,1676677799217
1676677797851,1676677799233
1676677797543,1676677799237
1676677798239,1676677799389
1676677797687,1676677799505
1676677798133,1676677799529
1676677798075,1676677799613
1676677798391,1676677799621
1676677797243,1676677799649
1676677797907,1676677799688
1676677798079,1676677799725
1676677798915,1676677799817
1676677798639,1676677799853
1676677798731,1676677799873
1676677798971,1676677799909
1676677798832,1676677799949
1676677798159,1676677800129
1676677798694,1676677800129
1676677799023,1676677800353
1676677799391,1676677800405
1676677798563,1676677800409
1676677798831,1676677800493
1676677799238,1676677800609
1676677799234,1676677800637
1676677798967,1676677800677
1676677799195,1676677800837
1676677799119,1676677800873
1676677798903,1676677800877
1676677799507,1676677800897
1676677799531,1676677800925
1676677799651,1676677801065
1676677799727,1676677801069
1676677799911,1676677801089
1676677799623,1676677801129
1676677799690,1676677801161
1676677799615,1676677801180
1676677799219,1676677801213
1676677800355,1676677801265
1676677800130,1676677801329
1676677800411,1676677801441
1676677799819,1676677801609
1676677800679,1676677801669
1676677799951,1676677801677
1676677800639,1676677801721
1676677799875,1676677801749
1676677800495,1676677801841
1676677800899,1676677801953
1676677801131,1676677802073
1676677800130,1676677802149
1676677801067,1676677802149
1676677801162,1676677802269
1676677800407,1676677802349
1676677800875,1676677802489
1676677800839,1676677802541
1676677800926,1676677802569
1676677800611,1676677802649
1676677801214,1676677802801
1676677800879,1676677802817
1676677801071,1676677802985
1676677801443,1676677803001
1676677801842,1676677803033
1676677801267,1676677803049
1676677801611,1676677803089
1676677801331,1676677803133
1676677801678,1676677803157
1676677802150,1676677803173
1676677802074,1676677803197
1676677801722,1676677803313
1676677801091,1676677803473
1676677801671,1676677803481
1676677801750,1676677803497
1676677801955,1676677803533
1676677802803,1676677803649
1676677802270,1676677803722
1676677802150,1676677803722
1676677802351,1676677803789
1676677802543,1676677803881
1676677802571,1676677804021
1676677802987,1676677804145
1676677803051,1676677804221
1676677803198,1676677804341
1676677803135,1676677804349
1676677803034,1676677804393
1676677802819,1676677804409
1676677802651,1676677804561
1676677803483,1676677804585
1676677803091,1676677804608
1676677802491,1676677804721
1676677803535,1676677804801
1676677803499,1676677804833
1676677803883,1676677804861
1676677803315,1676677804873
1676677803159,1676677805005
1676677803475,1676677805153
1676677803791,1676677805153
1676677803651,1676677805172
1676677803724,1676677805313
1676677804587,1676677805489
1676677804023,1676677805509
1676677804351,1676677805825
1676677804147,1676677805845
1676677804802,1676677805921
1676677804723,1676677805969
1676677804411,1676677806029
1676677804610,1676677806057
1676677803724,1676677806061
1676677804563,1676677806221
1676677804343,1676677806225
1676677805007,1676677806429
1676677804394,1676677806465
1676677805155,1676677806553
1676677805174,1676677806553
1676677804862,1676677806649
1676677804223,1676677806717
1676677805315,1676677806781
1676677804834,1676677806805
1676677804874,1676677806841
1676677805510,1676677806873
1676677805827,1676677806945
1676677805847,1676677807077
1676677805491,1676677807181
1676677806031,1676677807401
1676677806227,1676677807473
1676677805923,1676677807541
1676677806223,1676677807593
1676677806063,1676677807705
1676677805971,1676677807965
1676677806059,1676677808020
1676677806555,1676677808033
1676677806555,1676677808137
1676677806651,1676677808137
1676677806807,1676677808141
1676677806843,1676677808261
1676677806431,1676677808377
1676677806467,1676677808469
1676677806947,1676677808557
1676677807595,1676677808585
1676677807183,1676677808621
1676677807543,1676677808637
1676677806783,1676677808761
1676677807707,1676677808865
1676677807403,1676677809045
1676677806875,1676677809053
1676677808138,1676677809105
1676677808021,1676677809170
1676677808138,1676677809269
1676677807475,1676677809409
1676677808379,1676677809621
1676677807079,1676677809625
1676677808263,1676677809673
1676677808559,1676677809701
1676677808034,1676677809705
1676677807966,1676677809965
1676677808763,1676677809997
1676677808471,1676677810009
1676677808867,1676677810165
1676677808639,1676677810241
1676677808587,1676677810241
1676677809172,1676677810293
1676677809047,1676677810309
1676677808623,1676677810469
1676677809055,1676677810474
1676677809108,1676677810481
1676677809623,1676677810709
1676677809707,1676677810741
1676677809703,1676677810837
1676677809271,1676677810845
1676677809411,1676677810885
1676677809675,1676677811061
1676677809999,1676677811093
1676677810167,1676677811441
1676677810295,1676677811449
1676677810311,1676677811653
1676677810471,1676677811773
1676677809627,1676677811773
1676677810243,1676677811777
1676677810476,1676677811905
1676677810887,1676677812017
1676677809967,1676677812085
1676677810711,1676677812185
1676677810847,1676677812209
1676677810839,1676677812261
1676677810243,1676677812285
1676677810483,1676677812397
1676677810743,1676677812465
1676677811095,1676677812509
1676677811063,1676677812593
1676677811443,1676677812597
1676677811655,1676677812737
1676677811775,1676677812913
1676677812263,1676677813137
1676677811775,1676677813305
1676677811907,1676677813393
1676677812467,1676677813437
1676677812019,1676677813489
1676677812915,1676677813761
1676677812187,1676677813869
1676677812511,1676677813937
1676677812599,1676677813973
1676677812211,1676677814009
1676677812087,1676677814101
1676677812595,1676677814125
1676677812399,1676677814129
1676677812739,1676677814253
1676677812287,1676677814309
1676677811779,1676677814453
1676677813395,1676677814597
1676677813307,1676677814617
1676677813439,1676677814617
1676677813491,1676677814846
1676677813139,1676677815089
1676677814011,1676677815125
1676677813975,1676677815173
1676677813763,1676677815285
1676677813871,1676677815297
1676677814127,1676677815405
1676677814255,1676677815429
1676677814103,1676677815533
1676677814131,1676677815637
1676677814310,1676677815749
1676677814599,1676677815865
1676677814455,1676677816073
1676677814848,1676677816089
1676677814619,1676677816181
1676677815090,1676677816221
1676677815127,1676677816345
1676677814619,1676677816505
1676677815175,1676677816557
1676677815535,1676677816665
1676677815298,1676677816749
1676677815407,1676677816753
1676677815287,1676677816857
1676677815751,1676677816985
1676677816075,1676677817037
1676677815867,1676677817313
1676677815639,1676677817425
1676677816183,1676677817532
1676677816559,1676677817669
1676677815431,1676677817725
1676677816859,1676677817785
1676677816507,1676677817845
1676677816091,1676677817941
1676677816667,1676677818113
1676677816755,1676677818157
1676677817039,1676677818385
1676677816987,1676677818453
1676677816347,1676677818481
1676677817671,1676677818585
1676677817727,1676677818877
1676677816751,1676677819193
1676677817534,1676677819265
1676677817427,1676677819353
1676677818158,1676677819393
1676677818455,1676677819733
1676677818386,1676677819769
1676677818115,1676677819857
1676677817787,1676677819965
1676677818879,1676677820001
1676677817942,1676677820061
1676677818483,1676677820145
1676677817315,1676677820177
1676677819395,1676677820573
1676677819735,1676677820793
1676677819195,1676677820797
1676677819770,1676677820817
1676677819355,1676677820877
1676677818587,1676677821053
1676677819267,1676677821173
1676677819967,1676677821257
1676677819859,1676677821485
1676677820147,1676677821553
1676677820179,1676677821561
1676677820003,1676677821729
1676677820063,1676677821785
1676677820819,1676677822105
1676677820795,1676677822125
1676677820799,1676677822133
1676677821259,1676677822297
1676677821055,1676677822373
1676677821175,1676677822712
1676677820879,1676677822749
1676677820574,1676677822797
1676677821731,1676677822941
1676677821487,1676677823073
1676677821563,1676677823197
1676677822299,1676677823225
1676677822375,1676677823501
1676677822799,1676677823897
1676677821787,1676677823897
1676677822107,1676677823961
1676677822135,1676677824249
1676677822751,1676677824369
1676677822943,1676677824381
1676677822127,1676677824569
1676677823075,1676677824777
1676677823199,1676677824809
1676677823503,1676677824873
1676677824251,1676677824969
1676677822714,1676677825153
1676677823899,1676677825205
1676677823962,1676677825483
1676677823899,1676677825501
1676677824571,1676677825517
1676677823227,1676677825693
1676677824779,1676677826169
1676677824811,1676677826177
1676677825155,1676677826193
1676677824371,1676677826285
1676677824383,1676677826361
1676677824971,1676677826921
1676677825485,1676677827033
1676677825503,1676677827077
1676677825519,1676677827477
1676677826194,1676677827553
1676677826287,1676677827649
1676677826363,1676677827721
1676677825695,1676677828113
1676677825207,1676677828129
1676677826179,1676677828193
1676677826923,1676677828245
1676677826171,1676677828273
1676677827079,1676677828453
1676677827555,1676677828553
1676677827035,1676677828833
1676677827722,1676677829001
1676677827479,1676677829092
1676677828115,1676677829281
1676677827651,1676677829473
1676677828247,1676677829641
1676677828195,1676677829853
1676677828555,1676677829861
1676677828275,1676677829937
1676677828455,1676677829949
1676677828131,1676677830261
1676677829003,1676677830389
1676677829094,1676677830569
1676677828835,1676677830649
1676677829863,1676677830829
1676677829643,1676677830993
1676677829855,1676677831285
1676677829474,1676677831325
1676677830391,1676677831657
1676677830263,1676677831989
1676677829951,1676677832009
1676677830651,1676677832097
1676677829939,1676677832321
1676677830571,1676677832333
1676677830831,1676677832385
1676677831326,1676677832501
1676677830995,1676677832805
1676677831991,1676677832945
1676677831287,1676677833013
1676677832323,1676677833217
1676677832335,1676677833797
1676677832099,1676677834069
1676677832011,1676677834141
1676677832807,1676677834213
1676677833015,1676677834389
1676677831659,1676677834429
1676677833219,1676677834625
1676677832503,1676677834637
1676677832947,1676677834713
1676677832386,1676677834725
1676677833799,1676677835353
1676677834143,1676677835381
1676677834071,1676677835467
1676677834714,1676677836161
1676677834727,1676677836341
1676677834627,1676677836749
1676677835469,1676677836889
1676677834639,1676677836989
1676677834215,1676677837189
1676677835355,1676677837305
1676677834390,1676677837329
1676677836163,1676677837353
1676677835382,1676677837433
1676677834431,1676677837493
1676677836343,1676677837517
1676677836751,1676677838053
1676677837191,1676677838401
1676677837434,1676677838685
1676677836991,1676677838865
1676677836891,1676677838917
1676677837307,1676677839025
1676677837354,1676677839137
1676677837519,1676677839281
1676677837495,1676677839333
1676677838055,1676677839445
1676677837330,1676677839533
1676677838403,1676677840037
1676677838867,1676677840045
1676677838919,1676677840381
1676677839335,1676677840673
1676677839027,1676677840693
1676677838687,1676677840705
1676677839138,1676677840861
1676677839283,1676677841153
1676677839447,1676677841254
1676677840039,1676677841369
1676677839535,1676677841389
1676677840675,1676677841673
1676677840047,1676677841729
1676677840382,1676677842081
1676677840863,1676677842117
1676677840707,1676677842461
1676677841155,1676677842625
1676677840695,1676677842789
1676677841256,1676677843037
1676677841371,1676677843065
1676677842083,1676677843077
1676677841390,1676677843137
1676677841675,1676677843230
1676677842119,1676677843537
1676677841731,1676677843805
1676677843067,1676677844149
1676677842463,1676677844165
1676677843038,1676677844677
1676677843539,1676677844693
1676677843079,1676677844709
1676677842627,1676677844793
1676677842791,1676677844881
1676677843139,1676677844993
1676677843232,1676677845109
1676677843326,1676677845237
1676677844151,1676677845453
1676677843807,1676677845497
1676677844167,1676677845621
1676677844679,1676677845657
1676677844795,1676677845817
1676677844995,1676677845941
1676677844711,1676677846181
1676677844883,1676677846473
1676677845111,1676677846625
1676677845659,1676677846673
1676677845243,1676677846677
1676677845499,1676677846941
1676677845455,1676677847101
1676677845943,1676677847109
1676677845819,1676677847273
1676677844695,1676677847413
1676677846627,1676677847557
1676677846475,1676677847693
1676677846675,1676677847901
1676677846679,1676677848173
1676677845623,1676677848189
1676677846183,1676677848297
1676677847103,1676677848661
1676677847111,1676677848817
1676677847414,1676677849121
1676677847275,1676677849133
1676677847559,1676677849257
1676677847695,1676677849269
1676677846943,1676677849357
1676677847903,1676677849673
1676677848175,1676677849821
1676677848191,1676677849833
1676677848350,1676677849869
1676677848299,1676677849917
1676677849259,1676677850221
1676677848819,1676677850425
1676677849271,1676677850545
1676677849135,1676677850569
1676677849123,1676677850581
1676677848663,1676677850633
1676677849675,1676677850757
1676677849823,1676677850925
1676677849359,1676677850937
1676677849918,1676677851009
1676677849834,1676677851169
1676677849874,1676677851389
1676677850635,1676677851793
1676677850223,1676677851833
1676677850571,1676677851857
1676677850426,1676677851941
1676677850582,1676677852193
1676677850939,1676677852209
1676677850927,1676677852581
1676677851171,1676677852589
1676677851369,1676677852889
1676677851859,1676677852893
1676677851011,1676677853069
1676677850547,1676677853093
1676677851391,1676677853177
1676677850759,1676677853201
1676677851835,1676677853209
1676677851795,1676677853281
1676677851943,1676677853617
1676677852591,1676677853637
1676677852583,1676677853833
1676677852195,1676677853937
1676677852211,1676677853981
1676677853071,1676677854049
1676677852895,1676677854073
1676677852895,1676677854233
1676677853211,1676677854417
1676677853179,1676677854493
1676677853095,1676677854521
1676677853203,1676677854689
1676677853835,1676677854905
1676677853283,1676677855053
1676677853639,1676677855205
1676677854051,1676677855493
1676677853619,1676677855493
1676677853939,1676677855589
1676677853983,1676677855769
1676677854075,1676677855981
1676677854522,1676677856017
1676677854495,1676677856037
1676677854387,1676677856081
1676677854235,1676677856253
1676677854907,1676677856373
1676677854691,1676677856461
1676677854419,1676677856497
1676677855495,1676677856761
1676677855207,1676677856773
1676677855055,1676677856889
1676677856087,1676677857741
1676677856019,1676677857781
1676677855495,1676677857957
1676677856039,1676677858065
1676677856775,1676677858093
1676677856402,1676677858189
1676677856375,1676677858201
1676677856499,1676677858289
1676677856462,1676677858309
1676677855591,1676677858333
1676677856763,1676677858369
1676677855771,1676677858389
1676677856255,1676677858541
1676677856891,1676677858612
1676677855983,1676677858745
1676677857782,1676677858893
1676677857743,1676677859073
1676677858311,1676677859209
1676677858067,1676677859549
1676677858203,1676677859681
1676677858291,1676677859773
1676677858095,1676677859861
1676677858391,1676677859949
1676677858371,1676677859957
1676677858614,1676677860061
1676677858747,1676677860317
1676677858543,1676677860401
1676677858195,1676677860457
1676677858335,1676677860529
1676677857959,1676677860613
1676677859551,1676677860617
1676677858419,1676677860641
1676677859683,1676677860693
1676677858895,1676677860713
1676677859211,1676677860801
1676677859075,1676677860869
1676677859959,1676677860961
1676677859863,1676677861089
1676677859775,1676677861253
1676677860459,1676677861505
1676677860803,1676677861597
1676677860530,1676677861601
1676677860063,1676677861601
1676677859951,1676677861633
1676677860646,1676677861717
1676677860319,1676677861809
1676677861091,1676677861857
1676677860615,1676677861957
1676677860619,1676677861993
1676677860871,1676677862021
1676677860403,1676677862029
1676677860438,1676677862145
1676677860963,1676677862225
1676677860715,1676677862317
1676677860695,1676677862357
1676677861255,1676677862589
1676677861599,1676677862865
1676677861635,1676677862945
1676677861811,1676677863033
1676677861603,1676677863045
1676677861719,1676677863049
1676677861859,1676677863233
1676677861995,1676677863360
1676677862359,1676677863709
1676677862227,1676677863757
1676677862151,1676677863825
1676677862023,1676677863885
1676677861603,1676677864021
1676677862031,1676677864081
1676677861507,1676677864137
1676677862319,1676677864185
1676677863051,1676677864201
1676677862455,1676677864241
1676677861959,1676677864285
1676677862591,1676677864305
1676677862947,1676677864377
1676677862867,1676677864381
1676677863047,1676677864541
1676677863235,1676677864581
1676677863035,1676677864609
1676677864023,1676677864853
1676677863759,1676677864885
1676677863712,1676677864913
1676677863362,1676677865021
1676677864139,1676677865281
1676677863887,1676677865337
1676677864287,1676677865381
1676677864247,1676677865525
1676677863827,1676677865757
1676677864083,1676677865821
1676677864475,1676677865865
1676677864203,1676677865889
1676677864887,1676677865917
1676677864611,1676677865993
1676677864188,1676677866085
1676677864383,1676677866093
1676677864855,1676677866109
1676677864915,1676677866185
1676677864307,1676677866245
1676677864542,1676677866401
1676677864379,1676677866513
1676677864582,1676677866549
1676677865023,1676677866585
1676677865383,1676677866673
1676677865339,1676677866753
1676677865283,1676677867054
1676677865489,1676677867105
1676677866111,1676677867173
1676677865759,1676677867173
1676677865823,1676677867177
1676677865527,1676677867277
1676677866095,1676677867449
1676677865995,1676677867505
1676677865891,1676677867605
1676677865919,1676677867693
1676677866187,1676677867729
1676677866087,1676677867761
1676677865872,1676677867781
1676677866403,1676677867849
1676677866247,1676677867885
1676677866587,1676677867917
1676677866755,1676677867925
1676677866515,1676677868222
1676677867056,1676677868269
1676677866675,1676677868293
1676677867174,1676677868345
1676677867175,1676677868389
1676677867178,1676677868393
1676677867110,1676677868546
1676677867451,1676677868561
1676677867507,1676677868597
1676677867503,1676677868745
1676677867279,1676677868813
1676677867927,1676677868961
1676677867607,1676677869097
1676677867695,1676677869105
1676677867851,1676677869105
1676677867783,1676677869113
1676677866551,1676677869158
1676677867763,1676677869165
1676677867919,1676677869437
1676677868271,1676677869461
1676677868395,1676677869489
1676677868347,1676677869541
1676677867731,1676677869617
1676677867887,1676677869688
1676677868599,1676677869745
1676677868224,1676677869813
1676677868521,1676677869869
1676677868295,1676677869954
1676677868563,1676677869989
1676677868391,1676677870197
1676677868750,1676677870197
1676677868815,1676677870237
1676677869159,1676677870409
1676677868963,1676677870417
1676677869167,1676677870521
1676677869491,1676677870573
1676677869106,1676677870626
1676677869099,1676677870665
1676677868548,1676677870801
1676677869439,1676677870893
1676677869815,1676677870989
1676677869991,1676677871065
1676677869874,1676677871078
1676677869690,1676677871081
1676677869107,1676677871157
1676677870199,1676677871189
1676677869747,1676677871209
1676677869619,1676677871253
1676677869543,1676677871273
1676677869956,1676677871469
1676677870419,1676677871532
1676677869115,1676677871569
1676677870575,1676677871621
1676677870200,1676677871697
1676677869463,1676677871709
1676677870411,1676677871737
1676677870802,1676677872069
1676677870667,1676677872073
1676677870523,1676677872101
1676677870239,1676677872157
1676677870991,1676677872241
1676677870536,1676677872341
1676677870628,1676677872413
1676677871080,1676677872473
1676677871083,1676677872497
1676677871159,1676677872641
1676677871255,1676677872793
1676677871211,1676677872809
1676677871191,1676677872825
1676677871275,1676677872853
1676677871471,1676677872869
1676677871548,1676677872869
1676677870895,1676677872889
1676677871711,1676677872961
1676677871571,1676677873045
1676677871739,1676677873097
1676677871066,1676677873193
1676677872159,1676677873325
1676677872071,1676677873333
1676677871623,1676677873437
1676677872347,1676677873501
1676677872243,1676677873581
1676677872075,1676677873593
1676677871699,1676677873721
1676677872642,1676677873749
1676677872103,1676677873769
1676677872415,1676677873797
1676677871534,1676677873833
1676677872499,1676677873849
1676677872811,1676677873881
1676677873099,1676677874109
1676677872874,1676677874125
1676677872475,1676677874154
1676677872963,1676677874285
1676677872855,1676677874301
1676677872827,1676677874305
1676677872890,1676677874513
1676677872795,1676677874529
1676677873195,1676677874537
1676677872871,1676677874557
1676677873439,1676677874569
1676677873335,1676677874745
1676677873583,1676677874845
1676677873503,1676677874861
1676677873327,1676677874889
1676677873799,1676677874981
1676677873047,1676677875011
1676677873771,1676677875221
1676677873723,1676677875327
1676677874156,1676677875341
1676677873751,1676677875365
1676677873835,1676677875373
1676677874127,1676677875389
1676677873883,1676677875501
1676677874111,1676677875533
1676677873595,1676677875533
1676677874307,1676677875553
1676677874303,1676677875637
1676677873851,1676677875653
1676677873567,1676677875781
1676677874287,1676677875785
1676677874531,1676677875809
1676677874539,1676677875841
1676677874570,1676677875845
1676677874581,1676677875893
1676677874747,1676677875957
1676677874559,1676677876049
1676677874847,1676677876053
1676677874515,1676677876165
1676677874891,1676677876289
1676677874863,1676677876433
1676677875013,1676677876465
1676677875367,1676677876518
1676677875555,1676677876545
1676677875391,1676677876673
1676677875375,1676677876713
1676677874983,1676677876753
1676677875223,1676677876781
1676677875535,1676677876789
1676677875595,1676677876957
1676677875329,1676677876993
1676677875843,1676677877049
1676677875535,1676677877085
1676677875655,1676677877189
1676677875787,1676677877189
1676677875343,1676677877209
1676677875503,1676677877245
1676677875959,1676677877265
1676677875847,1676677877290
1676677875639,1676677877405
1676677875811,1676677877429
1676677875787,1676677877577
1676677876050,1676677877789
1676677876435,1676677877809
1676677876790,1676677877849
1676677876167,1676677877877
1676677876547,1676677877933
1676677876674,1676677877965
1676677876467,1676677878021
1676677875898,1676677878113
1676677877247,1676677878209
1676677876783,1676677878225
1676677876754,1676677878245
1676677876291,1676677878245
1676677877267,1676677878353
1676677876995,1676677878377
1676677876714,1676677878433
1676677877051,1676677878449
1676677876519,1676677878477
1676677876962,1676677878577
1676677877291,1676677878613
1676677876055,1676677878629
1676677877211,1676677878645
1676677877191,1676677878709
1676677877087,1676677878901
1676677877612,1676677878973
1676677877191,1676677878989
1676677877579,1676677878989
1676677877791,1676677879009
1676677878023,1676677879021
1676677877431,1676677879029
1676677878115,1676677879133
1676677877851,1676677879149
1676677878247,1676677879313
1676677877879,1676677879453
1676677878450,1676677879517
1676677877407,1676677879613
1676677878247,1676677879653
1676677878579,1676677879661
1676677877967,1676677879725
1676677878650,1676677879853
1676677878630,1676677879865
1676677877811,1676677879885
1676677877935,1676677879897
1676677878355,1676677879921
1676677878211,1676677879941
1676677878978,1676677879965
1676677879011,1676677880021
1676677878227,1676677880110
1676677878379,1676677880125
1676677878615,1676677880153
1676677879022,1676677880201
1676677878621,1676677880289
1676677879135,1676677880293
1676677879519,1676677880337
1676677878711,1676677880353
1676677878435,1676677880361
1676677878990,1676677880477
1676677878991,1676677880529
1676677879315,1676677880537
1676677878478,1676677880565
1676677879455,1676677880629
1676677879031,1676677880633
1676677879855,1676677880677
1676677878903,1676677880681
1676677879727,1676677880833
1676677879615,1676677880845
1676677879655,1676677880893
1676677879886,1676677881016
1676677879151,1676677881081
1676677879638,1676677881133
1676677879867,1676677881137
1676677880023,1676677881217
1676677879663,1676677881281
1676677879943,1676677881345
1676677880155,1676677881429
1676677879899,1676677881433
1676677880295,1676677881465
1676677880127,1676677881477
1676677880363,1676677881485
1676677880203,1676677881597
1676677879967,1676677881673
1676677880479,1676677881697
1676677880112,1676677881698
1676677880355,1676677881749
1676677880339,1676677881817
1676677879923,1676677881825
1676677880679,1676677881873
1676677880539,1676677882101
1676677880631,1676677882125
1676677880895,1676677882177
1676677880567,1676677882309
1676677881018,1676677882361
1676677881139,1676677882361
1676677880847,1676677882481
1676677880295,1676677882569
1676677881219,1676677882573
1676677881139,1676677882613
1676677880683,1676677882636
1676677880835,1676677882661
1676677881283,1676677882701
1676677881479,1676677882825
1676677881487,1676677882829
1676677881467,1676677882861
1676677881875,1676677882969
1676677881699,1676677883041
1676677881435,1676677883049
1676677881819,1676677883065
1676677881083,1676677883097
1676677881751,1676677883109
1676677880531,1676677883249
1676677881652,1676677883305
1676677880635,1676677883313
1676677881347,1676677883325
1676677882179,1676677883337
1676677882363,1676677883353
1676677882127,1676677883393
1676677882103,1676677883445
1676677881599,1676677883589
1676677881675,1676677883609
1676677881431,1676677883645
1676677881827,1676677883665
1676677882662,1676677883676
1676677882571,1676677883717
1676677882362,1676677883749
1676677881700,1676677883869
1676677882483,1676677883997
1676677882638,1676677884025
1676677882615,1676677884057
1676677882311,1676677884149
1676677883067,1676677884205
1676677882827,1676677884205
1676677882663,1676677884217
1676677883111,1676677884221
1676677882863,1676677884233
1676677882575,1676677884353
1676677882831,1676677884441
1676677882703,1676677884477
1676677883098,1676677884537
1676677883050,1676677884569
1676677883327,1676677884606
1676677883611,1676677884625
1676677883042,1676677884705
1676677883251,1676677884829
1676677883311,1676677884855
1676677883719,1676677884865
1676677882971,1676677884865
1676677883447,1676677884889
1676677883315,1676677884909
1676677883678,1676677884929
1676677883339,1676677884965
1676677883355,1676677885078
1676677884059,1676677885133
1676677884151,1676677885137
1676677883647,1676677885253
1676677883999,1676677885353
1676677884027,1676677885357
1676677884235,1676677885395
1676677883679,1676677885453
1676677884479,1676677885469
1676677883871,1676677885513
1676677883667,1676677885529
1676677884223,1676677885541
1676677884223,1676677885577
1676677883395,1676677885585
1676677883591,1676677885613
1676677883751,1676677885633
1676677884608,1676677885685
1676677884355,1676677885693
1676677884207,1676677885786
1676677884571,1676677885789
1676677884627,1676677885825
1676677884831,1676677885829
1676677884539,1676677885921
1676677884707,1676677885949
1676677884443,1676677885969
1676677884931,1676677886181
1676677884857,1676677886205
1676677884891,1676677886405
1676677885255,1676677886417
1676677884911,1676677886429
1676677884207,1676677886493
1676677885139,1676677886521
1676677885135,1676677886533
1676677884867,1676677886565
1676677885397,1676677886629
1676677885459,1676677886765
1676677885543,1676677886769
1676677885635,1676677886785
1676677885695,1676677886789
1676677885359,1676677886793
1676677884867,1676677886809
1676677885587,1676677886901
1676677885355,1676677886953
1676677885080,1676677886973
1676677885531,1676677886981
1676677885923,1676677887081
1676677886183,1676677887101
1676677885615,1676677887157
1676677885827,1676677887209
1676677884967,1676677887233
1676677885579,1676677887237
1676677885791,1676677887241
1676677885471,1676677887249
1676677885951,1676677887261
1676677885515,1676677887337
1676677886419,1676677887373
1676677885831,1676677887421
1676677886431,1676677887469
1676677886207,1676677887481
1676677886495,1676677887549
1676677886523,1676677887585
1676677885687,1676677887589
1676677886407,1676677887609
1676677885695,1676677887685
1676677886535,1676677887741
1676677885788,1676677887741
1676677886567,1676677887821
1676677886767,1676677887853
1676677886787,1676677887937
1676677886770,1676677887961
1676677887083,1676677888021
1676677885971,1676677888021
1676677886795,1676677888285
1676677886955,1676677888297
1676677887263,1676677888309
1676677886983,1676677888310
1676677886975,1676677888317
1676677886811,1676677888317
1676677886791,1676677888329
1676677886706,1676677888425
1676677886631,1676677888509
1676677887103,1676677888545
1676677887243,1676677888593
1676677886903,1676677888597
1676677887211,1676677888621
1676677887239,1676677888633
1676677887423,1676677888657
1676677887235,1676677888661
1676677887610,1676677888685
1676677887159,1676677888810
1676677887690,1676677888822
1676677887587,1676677888885
1676677887483,1676677888937
1676677887723,1676677888977
1676677887375,1676677888993
1676677887471,1676677889037
1676677887743,1676677889063
1676677887551,1676677889237
1676677887339,1676677889381
1676677887251,1676677889381
1676677887591,1676677889384
1676677887743,1676677889385
1676677887963,1676677889385
1676677888319,1676677889460
1676677887855,1676677889501
1676677888023,1676677889509
1676677888023,1676677889521
1676677888288,1676677889525
1676677888331,1676677889609
1676677888824,1676677889661
1676677888299,1676677889693
1676677888430,1676677889737
1676677887939,1676677889785
1676677887823,1676677889785
1676677888663,1676677889802
1676677888511,1676677889825
1676677888595,1676677889869
1676677888659,1676677889897
1676677888319,1676677889897
1676677888312,1676677889953
1676677888311,1676677889957
1676677888635,1676677889977
1676677888623,1676677890053
1676677888982,1676677890061
1676677888887,1676677890234
1676677888599,1676677890237
1676677889039,1676677890241
1676677888812,1676677890253
1676677888547,1676677890385
1676677888939,1676677890405
1676677888687,1676677890454
1676677888995,1676677890502
1676677889503,1676677890549
1676677889065,1676677890565
1676677889611,1676677890713
1676677889387,1676677890773
1676677889739,1676677890877
1676677889383,1676677890889
1676677888740,1676677890909
1676677889462,1676677890997
1676677889827,1676677891045
1676677889696,1676677891069
1676677889383,1676677891085
1676677889899,1676677891101
1676677889511,1676677891173
1676677890055,1676677891173
1676677889239,1676677891213
1676677889787,1676677891273
1676677889804,1676677891401
1676677890063,1676677891453
1676677889523,1676677891483
1676677889387,1676677891501
1676677890387,1676677891506
1676677889663,1676677891597
1676677889787,1676677891613
1676677890255,1676677891617
1676677889527,1676677891641
1676677890456,1676677891653
1676677889955,1676677891665
1676677890239,1676677891717
1676677889899,1676677891721
1676677889385,1676677891809
1676677890503,1676677891817
1676677890407,1676677891885
1676677889959,1676677891921
1676677889979,1676677891937
1676677890715,1676677892089
1676677891047,1676677892093
1676677890915,1676677892097
1676677890243,1676677892137
1676677889871,1676677892229
1676677890756,1676677892285
1676677890236,1676677892293
1676677890567,1676677892321
1676677890999,1676677892405
1676677891087,1676677892429
1676677890891,1676677892429
1676677891103,1676677892445
1676677891175,1676677892477
1676677891071,1676677892501
1676677891215,1676677892545
1676677890775,1676677892649
1676677891403,1676677892665
1676677891275,1676677892677
1676677890550,1676677892705
1676677891454,1676677892729
1676677890879,1676677892745
1676677891599,1676677892817
1676677891723,1676677892901
1676677891667,1676677892901
1676677891811,1676677892941
1676677891619,1676677893009
1676677891484,1676677893053
1676677891719,1676677893073
1676677891174,1676677893133
1676677891819,1676677893185
1676677892099,1676677893197
1676677891887,1676677893205
1676677891643,1676677893257
1676677891655,1676677893257
1676677891615,1676677893301
1676677891772,1676677893313
1676677892095,1676677893353
1676677891507,1676677893389
1676677892431,1676677893428
1676677892091,1676677893437
1676677892295,1676677893553
1676677892323,1676677893557
1676677892706,1676677893601
1676677891939,1676677893613
1676677892667,1676677893617
1676677892479,1676677893633
1676677892290,1676677893701
1676677892731,1676677893809
1676677892448,1676677893841
1676677892139,1676677893849
1676677892786,1676677893869
1676677892431,1676677893993
1676677892547,1676677893993
1676677892231,1676677894021
1676677892407,1676677894029
1676677892903,1676677894101
1676677892942,1676677894105
1676677892651,1676677894210
1676677892819,1676677894225
1676677891923,1676677894237
1676677893207,1676677894249
1676677891503,1676677894337
1676677892903,1676677894373
1676677893303,1676677894377
1676677893011,1676677894377
1676677893075,1676677894477
1676677893135,1676677894489
1676677893187,1676677894513
1676677893318,1676677894557
1676677892679,1676677894561
1676677893439,1676677894565
1676677892747,1676677894585
1676677892503,1676677894640
1676677893259,1676677894661
1676677893259,1676677894741
1676677893618,1676677894777
1676677893199,1676677894825
1676677893391,1676677894845
1676677893555,1676677894861
1676677893355,1676677894906
1676677893603,1676677894909
1676677893055,1676677894982
1676677893851,1676677894986
1676677893995,1676677895029
1676677893559,1676677895097
1676677893873,1676677895098
1676677893615,1676677895113
1676677893811,1676677895213
1676677894252,1676677895217
1676677893703,1676677895237
1676677893430,1676677895301
1676677894212,1676677895313
1676677894031,1676677895393
1676677894379,1676677895461
1676677894023,1676677895461
1676677894103,1676677895497
1676677894228,1676677895521
1676677894379,1676677895689
1676677894490,1676677895749
1676677894107,1676677895757
1676677894910,1676677895785
1676677894641,1676677895817
1676677894663,1676677895858
1676677894339,1676677895877
1676677893995,1676677895893
1676677894587,1676677895909
1676677893843,1676677895913
1676677894239,1676677895925
1676677893635,1676677895937
1676677894515,1676677895981
1676677894375,1676677896009
1676677895031,1676677896145
1676677894559,1676677896153
1676677894743,1676677896177
1676677894846,1676677896209
1676677894563,1676677896277
1676677894862,1676677896297
1676677895219,1676677896329
1676677894798,1676677896385
1676677894479,1676677896393
1676677894779,1676677896401
1676677895099,1676677896485
1676677895115,1676677896485
1676677894827,1676677896525
1676677895499,1676677896537
1676677894907,1676677896581
1676677895215,1676677896645
1676677895100,1676677896657
1676677894567,1676677896713
1676677894984,1676677896729
1676677895315,1676677896753
1676677894988,1676677896757
1676677895760,1676677896761
1676677895303,1676677896781
1676677895750,1676677896818
1676677895895,1676677896921
1676677895239,1676677896961
1676677895395,1676677896981
1676677895818,1676677896997
1676677895911,1676677897073
1676677895463,1676677897093
1676677895938,1676677897113
1676677895815,1676677897133
1676677895523,1676677897221
1676677896147,1676677897261
1676677896331,1676677897261
1676677896279,1676677897265
1676677895860,1676677897325
1676677895463,1676677897329
1676677895927,1676677897348
1676677896011,1676677897405
1676677896155,1676677897489
1676677895787,1676677897517
1676677895692,1676677897617
1676677896299,1676677897665
1676677896820,1676677897733
1676677896647,1676677897733
1676677896391,1676677897773
1676677895879,1676677897801
1676677896731,1676677897814
1676677896583,1676677897821
1676677896487,1676677897893
1676677896179,1676677897901
1676677896755,1676677897913
1676677896759,1676677897925
1676677896659,1676677897973
1676677896395,1676677898033
1676677896829,1676677898033
1676677896211,1676677898041
1676677896783,1676677898045
1676677896963,1676677898141
1676677896763,1676677898181
1676677897095,1676677898193
1676677896999,1676677898225
1676677896923,1676677898281
1676677895915,1676677898333
1676677897263,1676677898361
1676677895983,1676677898361
1676677896403,1676677898381
1676677897075,1676677898401
1676677896487,1676677898405
1676677897331,1676677898413
1676677896539,1676677898468
1676677897138,1676677898509
1676677897491,1676677898596
1676677896527,1676677898657
1676677897267,1676677898677
1676677897350,1676677898693
1676677897114,1676677898765
1676677897619,1676677898785
1676677897667,1676677898845
1676677896983,1676677898849
1676677897518,1676677898853
1676677897263,1676677898933
1676677897223,1676677898964
1676677898043,1676677899021
1676677898036,1676677899053
1676677897816,1676677899061
1676677897914,1676677899085
1676677897803,1676677899133
1676677897776,1676677899157
1676677896715,1676677899189
1676677897735,1676677899197
1676677897927,1676677899265
1676677897975,1676677899305
1676677897735,1676677899373
1676677897823,1676677899386
1676677898470,1676677899409
1676677897407,1676677899425
1676677898183,1676677899465
1676677898195,1676677899469
1676677898511,1676677899469
1676677898227,1676677899485
1676677898038,1676677899513
1676677898143,1676677899537
1676677898047,1676677899573
1676677897895,1676677899585
1676677898363,1676677899602
1676677898283,1676677899861
1676677898362,1676677899869
1676677898407,1676677899897
1676677897903,1676677899917
1676677897327,1676677899921
1676677898847,1676677899981
1676677898679,1676677900005
1676677898659,1676677900009
1676677898854,1676677900013
1676677898849,1676677900029
1676677898383,1676677900045
1676677898787,1676677900089
1676677898767,1676677900137
1676677898851,1676677900145
1676677898966,1676677900153
1676677899055,1676677900209
1676677898935,1676677900305
1676677899199,1676677900373
1676677898415,1676677900397
1676677898598,1676677900425
1676677898335,1676677900425
1676677898403,1676677900461
1676677898695,1676677900465
1676677899587,1676677900489
1676677899087,1676677900549
1676677899023,1676677900637
1676677899427,1676677900709
1676677899467,1676677900721
1676677899486,1676677900745
1676677899158,1676677900777
1676677899307,1676677900781
1676677899267,1676677900793
1676677899575,1676677900801
1676677899604,1676677900841
1676677899471,1676677900869
1676677899135,1676677900909
1676677899191,1676677900949
1676677899515,1676677900985
1676677899539,1676677900997
1676677899388,1676677901005
1676677899863,1676677901021
1676677899471,1676677901053
1676677899411,1676677901113
1676677900011,1676677901129
1676677900139,1676677901129
1676677900034,1676677901169
1676677900007,1676677901221
1676677899063,1676677901257
1676677899982,1676677901273
1676677899375,1676677901309
1676677899864,1676677901317
1676677899899,1676677901325
1676677899871,1676677901341
1676677900427,1676677901389
1676677900147,1676677901405
1676677900463,1676677901549
1676677900155,1676677901561
1676677900047,1676677901609
1676677900375,1676677901641
1676677900638,1676677901657
1676677899919,1676677901704
1676677900723,1676677901762
1676677900467,1676677901829
1676677900091,1676677901853
1676677900399,1676677901989
1676677900491,1676677902041
1676677900878,1676677902045
1676677900015,1676677902049
1676677900427,1676677902077
1676677900551,1676677902101
1676677900910,1676677902117
1676677900779,1676677902121
1676677900802,1676677902185
1676677900211,1676677902193
1676677900307,1676677902193
1676677901131,1676677902197
1676677901055,1676677902229
1676677899923,1676677902337
1676677901172,1676677902356
1676677901391,1676677902369
1676677901223,1676677902377
1676677900843,1676677902408
1676677901343,1676677902409
1676677901260,1676677902409
1676677900950,1676677902465
1676677901022,1676677902473
1676677900747,1676677902557
1676677901275,1676677902597
1676677900710,1676677902629
1676677900871,1676677902633
1676677900999,1676677902645
1676677900783,1676677902649
1676677900794,1676677902661
1676677901131,1676677902665
1676677901610,1676677902745
1676677901115,1676677902754
1676677900987,1676677902765
1676677901007,1676677902765
1676677901831,1676677902841
1676677901764,1676677902909
1676677901551,1676677902917
1676677901327,1676677902929
1676677901407,1676677902971
1676677901706,1676677903009
1676677901311,1676677903013
1676677902119,1676677903065
1676677901991,1676677903097
1676677902195,1676677903097
1676677901643,1676677903097
1676677901658,1676677903134
1676677901563,1676677903200
1676677901855,1676677903237
1676677902103,1676677903241
1676677902187,1676677903253
1676677901323,1676677903309
1676677902199,1676677903341
1676677902079,1676677903409
1676677902123,1676677903449
1676677902358,1676677903481
1676677902051,1676677903497
1676677902051,1676677903581
1676677902411,1676677903593
1676677902559,1676677903613
1676677902043,1676677903625
1676677902195,1676677903625
1676677902663,1676677903689
1676677902371,1676677903718
1676677902231,1676677903725
1676677902647,1676677903781
1676677902747,1676677903829
1676677902767,1676677903849
1676677902467,1676677903913
1676677902631,1676677903945
1676677902599,1676677903954
1676677902378,1676677903985
1676677902411,1676677904017
1676677902931,1676677904057
1676677902410,1676677904109
1676677902667,1676677904121
1676677902911,1676677904145
1676677902651,1676677904229
1676677902919,1676677904309
1676677902972,1676677904341
1676677902339,1676677904349
1676677903311,1676677904373
1676677903011,1676677904421
1676677902842,1676677904433
1676677902895,1676677904445
1676677902635,1676677904481
1676677903099,1676677904485
1676677902767,1676677904493
1676677902756,1676677904513
1676677903099,1676677904565
1676677903067,1676677904621
1676677903255,1676677904633
1676677903452,1676677904633
1676677903782,1676677904705
1676677903411,1676677904709
1676677903690,1676677904716
1676677903499,1676677904761
1676677903239,1676677904801
1676677902475,1676677904842
1676677903015,1676677904847
1676677903343,1676677904849
1676677903136,1676677904853
1676677903583,1676677904869
1676677903099,1676677904869
1676677903627,1676677904997
1676677903202,1676677905057
1676677903720,1676677905121
1676677903908,1676677905161
1676677903595,1676677905185
1676677903243,1676677905233
1676677903987,1676677905237
1676677904019,1676677905241
1676677903483,1676677905309
1676677903615,1676677905393
1676677904375,1676677905394
1676677904231,1676677905413
1676677904435,1676677905433
1676677904423,1676677905517
1676677903627,1676677905556
1676677904059,1676677905617
1676677903850,1676677905629
1676677903914,1676677905677
1676677903947,1676677905679
1676677904123,1676677905725
1676677903727,1676677905730
1676677904111,1676677905733
1676677903830,1676677905749
1676677904350,1676677905765
1676677904635,1676677905777
1676677904342,1676677905813
1676677904855,1676677905821
1676677904515,1676677905841
1676677904711,1676677906081
1676677904623,1676677906097
1676677904844,1676677906097
1676677904147,1676677906117
1676677904871,1676677906173
1676677904494,1676677906185
1676677904487,1676677906205
1676677904450,1676677906217
1676677904707,1676677906233
1676677905059,1676677906245
1676677905415,1676677906273
1676677904763,1676677906365
1676677905395,1676677906403
1676677903956,1676677906416
1676677905435,1676677906437
1676677904568,1676677906441
1676677904311,1676677906465
1676677905187,1676677906541
1676677904851,1676677906605
1676677904635,1676677906609
1676677904803,1676677906617
1676677905123,1676677906629
1676677905167,1676677906681
1676677905678,1676677906725
1676677905631,1676677906752
1676677905735,1676677906805
1676677904848,1676677906845
1676677905619,1676677906861
1676677905235,1676677906865
1676677904718,1676677906885
1676677905519,1676677906897
1676677905243,1676677906921
1676677904483,1676677906933
1676677905558,1676677906961
1676677905311,1676677906973
1676677905396,1676677906993
1676677904871,1676677907041
1676677905727,1676677907153
1676677905925,1676677907160
1676677905843,1676677907181
1676677905779,1676677907189
1676677905814,1676677907193
1676677904999,1676677907209
1676677905239,1676677907236
1676677906099,1676677907241
1676677906275,1676677907265
1676677906118,1676677907346
1676677905751,1676677907369
1676677906175,1676677907369
1676677906207,1676677907405
1676677906439,1676677907429
1676677905767,1676677907429
1676677905732,1676677907457
1676677906219,1676677907469
1676677905823,1676677907518
1676677906235,1676677907581
1676677905681,1676677907593
1676677906100,1676677907621
1676677906083,1676677907641
1676677906247,1676677907733
1676677906405,1676677907745
1676677906368,1676677907765
1676677906418,1676677907781
1676677906754,1676677907805
1676677906187,1676677907821
1676677906631,1676677907845
1676677906887,1676677907869
1676677906619,1676677907917
1676677906607,1676677907925
1676677906683,1676677907941
1676677906443,1676677908021
1676677907043,1676677908041
1676677906975,1676677908058
1676677906467,1676677908105
1676677906867,1676677908137
1676677906726,1676677908157
1676677906847,1676677908173
1676677906807,1676677908201
1676677906995,1676677908221
1676677907183,1676677908297
1676677906963,1676677908353
1676677906611,1676677908361
1676677906899,1676677908366
1676677906923,1676677908417
1676677907431,1676677908497
1676677907195,1676677908549
1676677907242,1676677908557
1676677906934,1676677908567
1676677907643,1676677908589
1676677907190,1676677908605
1676677906863,1676677908661
1676677907164,1676677908661
1676677907595,1676677908737
1676677906543,1676677908745
1676677907210,1676677908749
1676677907807,1676677908773
1676677907431,1676677908857
1676677907347,1676677908901
1676677907237,1676677908929
1676677907371,1676677908937
1676677907155,1676677908949
1676677907407,1676677908957
1676677907871,1676677908997
1676677906936,1676677909013
1676677907471,1676677909029
1676677907459,1676677909037
1676677907767,1676677909049
1676677907623,1676677909154
1676677907783,1676677909173
1676677907735,1676677909237
1676677907746,1676677909239
1676677908368,1676677909245
1676677907370,1676677909246
1676677907919,1676677909246
1676677908203,1676677909253
1676677908175,1676677909289
1676677907520,1676677909353
1676677908023,1676677909369
1676677908043,1676677909441
1676677907943,1676677909455
1676677907823,1676677909501
1676677908060,1676677909505
1676677908419,1676677909521
1676677908139,1676677909522
1676677907927,1676677909565
1676677907847,1676677909613
1676677907583,1676677909673
1676677908107,1676677909681
1676677908591,1676677909681
1676677908903,1676677909689
1676677907267,1676677909761
1676677908355,1676677909773
1676677908159,1676677909779
1676677908363,1676677909789
1676677908499,1676677909805
1676677908299,1676677909909
1676677908931,1676677909913
1676677908569,1676677909929
1676677908747,1676677909989
1676677908551,1676677909993
1676677908223,1676677910001
1676677908751,1676677910053
1676677908559,1676677910061
1676677908951,1676677910105
1676677908775,1676677910117
1676677909241,1676677910145
1676677908607,1676677910165
1676677909051,1676677910173
1676677908664,1676677910181
1676677909018,1676677910241
1676677908739,1676677910261
1676677909248,1676677910266
1676677908959,1676677910281
1676677908939,1676677910325
1676677908663,1676677910365
1676677909039,1676677910401
1676677909255,1676677910414
1676677909031,1676677910425
1676677909175,1676677910425
1676677908999,1676677910457
1676677909457,1676677910513
1676677908954,1676677910525
1676677909443,1676677910553
1676677908859,1676677910581
1676677909156,1676677910581
1676677909691,1676677910585
1676677909523,1676677910701
1676677909291,1676677910721
1676677909503,1676677910757
1676677909507,1676677910785
1676677909247,1676677910845
1676677909567,1676677910869
1676677909615,1676677910869
1676677909239,1676677910874
1676677909371,1676677910917
1676677909248,1676677910925
1676677909910,1676677910961
1676677909683,1676677910993
1676677909524,1676677910997
1676677909930,1676677911021
1676677909781,1676677911033
1676677909355,1676677911033
1676677909675,1676677911089
1676677909914,1676677911169
1676677910062,1676677911177
1676677910119,1676677911181
1676677909683,1676677911209
1676677910055,1676677911213
1676677909775,1676677911269
1676677909995,1676677911317
1676677909791,1676677911321
1676677910183,1676677911413
1676677910003,1676677911413
1676677909990,1676677911433
1676677910106,1676677911451
1676677910327,1676677911477
1676677910403,1676677911477
1676677910263,1676677911589
1676677910167,1676677911602
1676677910555,1676677911741
1676677910243,1676677911798
1676677910269,1676677911813
1676677910367,1676677911817
1676677909763,1676677911831
1676677910515,1676677911865
1676677910427,1676677911869
1676677910146,1676677911872
1676677909806,1676677911885
1676677909964,1676677911929
1676677910416,1676677912013
1676677910583,1676677912045
1676677910531,1676677912089
1676677910175,1676677912101
1676677910871,1676677912133
1676677910927,1676677912161
1676677910427,1676677912208
1676677911183,1676677912221
1676677911034,1676677912239
1676677910871,1676677912242
1676677910759,1676677912253
1676677910963,1676677912293
1676677910703,1676677912313
1676677910787,1676677912401
1676677911091,1676677912421
1676677910998,1676677912469
1676677911023,1676677912473
1676677910587,1676677912521
1676677911171,1676677912525
1676677910919,1676677912541
1676677910583,1676677912541
1676677911323,1676677912549
1676677910459,1676677912577
1676677910995,1676677912613
1676677910847,1676677912665
1676677911035,1676677912669
1676677911415,1676677912673
1676677911271,1676677912705
1676677910723,1676677912713
1676677911435,1676677912713
1676677910282,1676677912750
1676677911211,1676677912773
1676677911479,1676677912793
1676677911415,1676677912829
1676677911833,1676677912850
1676677911215,1676677912897
1676677910876,1676677912905
1676677911179,1676677912921
1676677911867,1676677912953
1676677911814,1676677913008
1676677912015,1676677913061
1676677911871,1676677913073
1676677912047,1676677913085
1676677911604,1676677913125
1676677911453,1676677913142
1676677911479,1676677913257
1676677911591,1676677913269
1676677912210,1676677913273
1676677911319,1676677913309
1676677912471,1676677913341
1676677911743,1676677913341
1676677911887,1676677913345
1676677911874,1676677913378
1676677912135,1676677913405
1676677911982,1676677913457
1676677912163,1676677913497
1676677912240,1676677913509
1676677912578,1676677913541
1676677912091,1676677913553
1676677912527,1676677913629
1676677912295,1676677913637
1676677911800,1676677913689
1676677912402,1676677913733
1676677911935,1676677913769
1676677912671,1676677913833
1676677912103,1676677913834
1676677912314,1676677913889
1676677912775,1676677914009
1676677912244,1676677914077
1676677912707,1676677914097
1676677912223,1676677914125
1676677912831,1676677914165
1676677912423,1676677914173
1676677912667,1676677914177
1676677913343,1676677914213
1676677912255,1676677914249
1676677911819,1676677914271
1676677912752,1676677914349
1676677913275,1676677914350
1676677912851,1676677914353
1676677913010,1676677914429
1676677912923,1676677914437
1676677912543,1676677914441
1676677913271,1676677914469
1676677912675,1676677914501
1676677913063,1676677914509
1676677913127,1676677914553
1676677912614,1676677914557
1676677913259,1676677914589
1676677912907,1676677914613
1676677912715,1676677914625
1676677913087,1676677914649
1676677912795,1676677914673
1676677912955,1676677914677
1676677912899,1676677914709
1676677912523,1676677914712
1676677912551,1676677914717
1676677913543,1676677914729
1676677912475,1676677914733
1676677913144,1676677914758
1676677913407,1676677914797
1676677913511,1676677914829
1676677913771,1676677914837
1676677913075,1676677914869
1676677912715,1676677914885
1676677913343,1676677914889
1676677913347,1676677914945
1676677913311,1676677914989
1676677913835,1676677914997
1676677913380,1676677915138
1676677913735,1676677915149
1676677912543,1676677915157
1676677914179,1676677915233
1676677913691,1676677915245
1676677914127,1676677915253
1676677913999,1676677915265
1676677913463,1676677915289
1676677914079,1676677915333
1676677913631,1676677915333
1676677913555,1676677915349
1676677913836,1676677915357
1676677913499,1676677915357
1676677914503,1676677915401
1676677913639,1676677915409
1676677914167,1676677915458
1676677914011,1676677915477
1676677914099,1676677915497
1676677914352,1676677915553
1676677914351,1676677915621
1676677914443,1676677915629
1676677914679,1676677915641
1676677913891,1676677915705
1676677914616,1676677915717
1676677914273,1676677915733
1676677914175,1676677915817
1676677914439,1676677915849
1676677914471,1676677915853
1676677914251,1676677915869
1676677914591,1676677915897
1676677914830,1676677916013
1676677914215,1676677916041
1676677914431,1676677916053
1676677914871,1676677916057
1676677914731,1676677916061
1676677914355,1676677916085
1676677914627,1676677916089
1676677914555,1676677916093
1676677914651,1676677916105
1676677914511,1676677916118
1676677914559,1676677916141
1676677914719,1676677916153
1676677914887,1676677916169
1676677914714,1676677916221
1676677914799,1676677916237
1676677915335,1676677916237
1676677914891,1676677916254
1676677914999,1676677916261
1676677914711,1676677916297
1676677914735,1676677916301
1676677915335,1676677916313
1676677915351,1676677916313
1676677915270,1676677916373
1676677914760,1676677916481
1676677915291,1676677916513
1676677915159,1676677916526
1676677915403,1676677916581
1676677915499,1676677916593
1676677915140,1676677916594
1676677914839,1676677916609
1676677914947,1676677916617
1676677915247,1676677916637
1676677915359,1676677916657
1676677915555,1676677916817
1676677915235,1676677916825
1676677914991,1676677916829
1676677915460,1676677916837
1676677915735,1676677916837
1676677915255,1676677916865
1676677915643,1676677916893
1676677915819,1676677916905
1676677915150,1676677916909
1676677915359,1676677916909
1676677916042,1676677916997
1676677915855,1676677917009
1676677915479,1676677917010
1676677914675,1676677917025
1676677915631,1676677917076
1676677916263,1676677917121
1676677915623,1676677917125
1676677916239,1676677917137
1676677916062,1676677917241
1676677915718,1676677917241
1676677916315,1676677917293
1676677916107,1676677917345
1676677915899,1676677917361
1676677916155,1676677917393
1676677916299,1676677917425
1676677916256,1676677917461
1676677916303,1676677917489
1676677915851,1676677917517
1676677916091,1676677917517
1676677915707,1676677917549
1676677916515,1676677917613
1676677916119,1676677917641
1676677916611,1676677917657
1676677915411,1676677917677
1676677916054,1676677917681
1676677916375,1676677917689
1676677916014,1676677917749
1676677916058,1676677917757
1676677916239,1676677917765
1676677916315,1676677917794
1676677916483,1676677917837
1676677916596,1676677917885
1676677916013,1676677917909
1676677916171,1676677917920
1676677916820,1676677917941
1676677915871,1676677917954
1676677916907,1676677917977
1676677916223,1676677917989
1676677916143,1676677918017
1676677916094,1676677918025
1676677916619,1676677918113
1676677916839,1676677918145
1676677917027,1676677918157
1676677916583,1676677918161
1676677917078,1676677918189
1676677916087,1676677918193
1676677916639,1676677918201
1676677917123,1676677918205
1676677917347,1676677918213
1676677916911,1676677918217
1676677917243,1676677918226
1676677917138,1676677918237
1676677916831,1676677918246
1676677916659,1676677918381
1676677916595,1676677918473
1676677917243,1676677918493
1676677916839,1676677918537
1676677917519,1676677918542
1676677917011,1676677918573
1676677917127,1676677918585
1676677916527,1676677918605
1676677917363,1676677918609
1676677917427,1676677918633
1676677917012,1676677918705
1676677916827,1676677918713
1676677917395,1676677918813
1676677917922,1676677918821
1676677917295,1676677918869
1676677916867,1676677918901
1676677917615,1676677918909
1676677916895,1676677918929
1676677916911,1676677918950
1676677917491,1676677919045
1676677917551,1676677919057
1676677917759,1676677919069
1676677917839,1676677919077
1676677917679,1676677919113
1676677917796,1676677919125
1676677917659,1676677919134
1676677917887,1676677919185
1676677916999,1676677919245
1676677918027,1676677919345
1676677917691,1676677919357
1676677918219,1676677919377
1676677917683,1676677919389
1676677917751,1676677919417
1676677918019,1676677919417
1676677918115,1676677919421
1676677918248,1676677919449
1676677918032,1676677919449
1676677917914,1676677919469
1676677917956,1676677919474
1676677917463,1676677919497
1676677918147,1676677919537
1676677917991,1676677919553
1676677918227,1676677919561
1676677918215,1676677919573
1676677918194,1676677919605
1676677918383,1676677919621
1676677918715,1676677919621
1676677917519,1676677919640
1676677918203,1676677919657
1676677917643,1676677919677
1676677918539,1676677919705
1676677917979,1676677919721
1676677917943,1676677919745
1676677918815,1676677919757
1676677918191,1676677919830
1676677918587,1676677919833
1676677918611,1676677919845
1676677917767,1676677919849
1676677918159,1676677919869
1676677918635,1676677919925
1676677918163,1676677919953
1676677918207,1676677919961
1676677918495,1676677919965
1676677918871,1676677919989
1676677918575,1676677920005
1676677918607,1676677920021
1676677918239,1676677920081
1676677918707,1676677920121
1676677919136,1676677920133
1676677918911,1676677920169
1676677919346,1676677920293
1676677918931,1676677920325
1676677918953,1676677920389
1676677919058,1676677920425
1676677919454,1676677920425
1676677919127,1676677920437
1676677918544,1676677920473
1676677918903,1676677920473
1676677919071,1676677920485
1676677919471,1676677920549
1676677918823,1676677920573
1676677919476,1676677920645
1676677919499,1676677920681
1676677918475,1676677920709
1676677919419,1676677920709
1676677919623,1676677920733
1676677919078,1676677920741
1676677919359,1676677920805
1676677919659,1676677920809
1676677919607,1676677920825
1676677919642,1676677920901
1676677919187,1676677920933
1676677919555,1676677920941
1676677919115,1676677920949
1676677919707,1676677920949
1676677919451,1676677920973
1676677919563,1676677921017
1676677919539,1676677921045
1676677919871,1676677921057
1676677919419,1676677921057
1676677919963,1676677921089
1676677919835,1676677921105
1676677919378,1676677921125
1676677919047,1676677921145
1676677919723,1676677921193
1676677919747,1676677921201
1676677919759,1676677921205
1676677920007,1676677921257
1676677920171,1676677921265
1676677919391,1676677921273
1676677919575,1676677921345
1676677919832,1676677921357
1676677919423,1676677921377
1676677919623,1676677921405
1676677919850,1676677921417
1676677920023,1676677921417
1676677920051,1676677921425
1676677919991,1676677921481
1676677919927,1676677921481
1676677920123,1676677921525
1676677920083,1676677921601
1676677919955,1676677921617
1676677920295,1676677921617
1676677920427,1676677921646
1676677919246,1676677921653
1676677919967,1676677921665
1676677920135,1676677921669
1676677919679,1676677921725
1676677920711,1676677921801
1676677919847,1676677921813
1676677920487,1676677921833
1676677920475,1676677921869
1676677920475,1676677921881
1676677920951,1676677922009
1676677920427,1676677922021
1676677920647,1676677922037
1676677920827,1676677922049
1676677920440,1676677922093
1676677920743,1676677922149
1676677920903,1676677922157
1676677920683,1676677922217
1676677920975,1676677922221
1676677920943,1676677922237
1676677921347,1676677922253
1676677920951,1676677922289
1676677921059,1676677922297
1676677920551,1676677922309
1676677920327,1676677922333
1676677921195,1676677922357
1676677921419,1676677922365
1676677920807,1676677922397
1676677920391,1676677922409
1676677920575,1676677922437
1676677921019,1676677922437
1676677921090,1676677922449
1676677920735,1676677922477
1676677920935,1676677922497
1676677921147,1676677922521
1676677921107,1676677922541
1676677921483,1676677922553
1676677921431,1676677922621
1676677920711,1676677922650
1676677921207,1676677922653
1676677921527,1676677922673
1676677921127,1676677922685
1676677921359,1676677922697
1676677921259,1676677922701
1676677921655,1676677922713
1676677921667,1676677922725
1676677921379,1676677922741
1676677920811,1676677922769
1676677921407,1676677922777
1676677921619,1676677922825
1676677921047,1676677922829
1676677921203,1676677922873
1676677921267,1676677922909
1676677921603,1676677922941
1676677921483,1676677922957
1676677921671,1676677922961
1676677921619,1676677923024
1676677921835,1676677923049
1676677921059,1676677923084
1676677921727,1676677923129
1676677922095,1676677923153
1676677921275,1676677923177
1676677921882,1676677923185
1676677922039,1676677923185
1676677921648,1676677923185
1676677922159,1676677923253
1676677922543,1676677923297
1676677922010,1676677923317
1676677921419,1676677923317
1676677921803,1676677923321
1676677922255,1676677923333
1676677922311,1676677923461
1676677922222,1676677923493
1676677922291,1676677923497
1676677921871,1676677923537
1676677922359,1676677923601
1676677922051,1676677923637
1676677922623,1676677923637
1676677922652,1676677923681
1676677922299,1676677923701
1676677922023,1676677923721
1676677922771,1676677923733
1676677922451,1676677923753
1676677922959,1676677923789
1676677922479,1676677923789
1676677922151,1676677923797
1676677922778,1676677923809
1676677922238,1676677923813
1676677922831,1676677923921
1676677922963,1676677923937
1676677922438,1676677923949
1676677922686,1676677924049
1676677922410,1676677924053
1676677922555,1676677924053
1676677922726,1676677924065
1676677921815,1676677924073
1676677922218,1676677924101
1676677923187,1676677924149
1676677922714,1676677924165
1676677922655,1676677924177
1676677922367,1676677924181
1676677922334,1676677924181
1676677922399,1676677924217
1676677923070,1676677924249
1676677923495,1676677924275
1676677922703,1676677924385
1676677923130,1676677924513
1676677922943,1676677924517
1676677922911,1676677924549
1676677922674,1676677924565
1676677922698,1676677924574
1676677923187,1676677924605
1676677922522,1676677924621
1676677923299,1676677924649
1676677922827,1676677924653
1676677923187,1676677924709
1676677922875,1676677924717
1676677923179,1676677924749
1676677923086,1676677924797
1676677923703,1676677924801
1676677923154,1676677924821
1676677923319,1676677924833
1676677923923,1676677924857
1676677923499,1676677924873
1676677923683,1676677924917
1676677923735,1676677924925
1676677923791,1676677924965
1676677923255,1676677924973
1676677923639,1676677924977
1676677923323,1676677924989
1676677922438,1676677925029
1676677923335,1676677925029
1676677922743,1676677925033
1676677923950,1676677925049
1676677923463,1676677925077
1676677923811,1676677925093
1676677923026,1676677925121
1676677923639,1676677925125
1676677923722,1676677925145
1676677924179,1676677925145
1676677924277,1676677925145
1676677923603,1676677925177
1676677924051,1676677925185
1676677924219,1676677925201
1676677922498,1676677925209
1676677923755,1676677925209
1676677923791,1676677925241
1676677924183,1676677925305
1676677924055,1676677925313
1676677923318,1676677925313
1676677923815,1676677925313
1676677924387,1676677925377
1676677923799,1676677925389
1676677924067,1676677925453
1676677923939,1676677925525
1676677924075,1676677925533
1676677923051,1676677925541
1676677924254,1676677925601
1676677924167,1676677925721
1676677924750,1676677925757
1676677924576,1676677925761
1676677924055,1676677925769
1676677924182,1676677925793
1676677924519,1676677925817
1676677924103,1676677925837
1676677924623,1676677925961
1676677924655,1676677925973
1676677924799,1676677926009
1676677924822,1676677926029
1676677924552,1676677926043
1676677923539,1676677926057
1676677924967,1676677926073
1676677924151,1676677926105
1676677924515,1676677926109
1676677924979,1676677926197
1676677924607,1676677926197
1676677924859,1676677926213
1676677925178,1676677926229
1676677925211,1676677926313
1676677925079,1676677926341
1676677924718,1676677926341
1676677924711,1676677926345
1676677924803,1676677926349
1676677924651,1676677926377
1676677925147,1676677926449
1676677924927,1676677926453
1676677925187,1676677926501
1676677925839,1676677926513
1676677925095,1676677926553
1676677925035,1676677926581
1676677924874,1676677926593
1676677924991,1676677926661
1676677925202,1676677926686
1676677925315,1676677926689
1676677925722,1676677926717
1676677925391,1676677926717
1676677925527,1676677926749
1676677924975,1676677926769
1676677925315,1676677926773
1676677924567,1676677926781
1676677925146,1676677926821
1676677924919,1676677926873
1676677925126,1676677926877
1676677925146,1676677926933
1676677925307,1676677926937
1676677925455,1676677926965
1676677925379,1676677926965
1676677925975,1676677926985
1676677925031,1676677927008
1676677925031,1676677927021
1676677926059,1676677927033
1676677925759,1676677927049
1676677925243,1676677927093
1676677925535,1676677927157
1676677925819,1676677927161
1676677925211,1676677927193
1676677926094,1676677927193
1676677925770,1676677927213
1676677926106,1676677927242
1676677925051,1676677927257
1676677925795,1676677927285
1676677926110,1676677927361
1676677925763,1676677927361
1676677925543,1676677927373
1676677926045,1676677927373
1676677926315,1676677927393
1676677924835,1676677927397
1676677925604,1676677927413
1676677925315,1676677927449
1676677925123,1676677927477
1676677925963,1676677927489
1676677926011,1676677927513
1676677926075,1676677927553
1676677926214,1676677927565
1676677926347,1676677927593
1676677926451,1676677927593
1676677926351,1676677927601
1676677926199,1676677927659
1676677926379,1676677927660
1676677926199,1676677927661
1676677926343,1676677927705
1676677926343,1676677927713
1676677926663,1676677927721
1676677926455,1676677927726
1676677926555,1676677927773
1676677926595,1676677927781
1676677926719,1676677927833
1676677926823,1676677927865
1676677926031,1676677927869
1676677926583,1676677927945
1676677926687,1676677927973
1676677927010,1676677927985
1676677926771,1676677928037
1676677926503,1676677928065
1676677926783,1676677928065
1676677926879,1676677928165
1676677927095,1676677928213
1676677926939,1676677928233
1676677926515,1676677928273
1676677927195,1676677928297
1676677927215,1676677928297
1676677926751,1676677928333
1676677926691,1676677928369
1676677927023,1676677928417
1676677926231,1676677928422
1676677926875,1676677928437
1676677926719,1676677928449
1676677926967,1676677928473
1676677926935,1676677928541
1676677927035,1676677928558
1676677927375,1676677928581
1676677927555,1676677928593
1676677927163,1676677928593
1676677927478,1676677928661
1676677927707,1676677928665
1676677927259,1676677928841
1676677927867,1676677928849
1676677927490,1676677928869
1676677927244,1676677928869
1676677927158,1676677928877
1676677926967,1676677928913
1676677927567,1676677928921
1676677926987,1676677928937
1676677927375,1676677928937
1676677927722,1676677928949
1676677926775,1676677929025
1676677927198,1676677929065
1676677927363,1676677929065
1676677927450,1676677929105
1676677927595,1676677929141
1676677927947,1676677929141
1676677927286,1676677929153
1676677927715,1676677929181
1676677927399,1676677929193
1676677927728,1676677929209
1676677927662,1676677929246
1676677927595,1676677929258
1676677927603,1676677929281
1676677928419,1676677929309
1676677927395,1676677929333
1676677927515,1676677929350
1676677927051,1676677929353
1676677927835,1676677929377
1676677927782,1676677929421
1676677927661,1676677929433
1676677927870,1676677929445
1676677927663,1676677929453
1676677927774,1676677929469
1676677927975,1676677929481
1676677927987,1676677929525
1676677928067,1676677929525
1676677928166,1676677929533
1676677927415,1676677929537
1676677927363,1676677929541
1676677928067,1676677929553
1676677928667,1676677929573
1676677928214,1676677929590
1676677928439,1676677929597
1676677928274,1676677929645
1676677928595,1676677929685
1676677928299,1676677929725
1676677928843,1676677929809
1676677928451,1676677929885
1676677928475,1676677929937
1676677928371,1676677929941
1676677928234,1676677929961
1676677928871,1676677930001
1676677928424,1676677930017
1676677928559,1676677930049
1676677928299,1676677930065
1676677928851,1676677930065
1676677928039,1676677930073
1676677928335,1676677930085
1676677928879,1676677930109
1676677928915,1676677930145
1676677928950,1676677930181
1676677928939,1676677930225
1676677928543,1676677930225
1676677929182,1676677930333
1676677929194,1676677930353
1676677928939,1676677930437
1676677929107,1676677930477
1676677929260,1676677930481
1676677929143,1676677930493
1676677928583,1676677930505
1676677928663,1676677930534
1676677928871,1676677930534
1676677928595,1676677930550
1676677928923,1676677930597
1676677929471,1676677930597
1676677929379,1676677930633
1676677929447,1676677930637
1676677929154,1676677930649
1676677929283,1676677930709
1676677929247,1676677930725
1676677929335,1676677930733
1676677929527,1676677930753
1676677929027,1676677930761
1676677929067,1676677930785
1676677929067,1676677930797
1676677929592,1676677930817
1676677929687,1676677930825
1676677929543,1676677930853
1676677929311,1676677930881
1676677929535,1676677930953
1676677929539,1676677930973
1676677929210,1676677930973
1676677929143,1676677931021
1676677929423,1676677931029
1676677929455,1676677931033
1676677929355,1676677931057
1676677929943,1676677931074
1676677929811,1676677931081
1676677929727,1676677931085
1676677929575,1676677931089
1676677929483,1676677931089
1676677929963,1676677931113
1676677929887,1676677931113
1676677929598,1676677931129
1676677929555,1676677931145
1676677929527,1676677931197
1676677930051,1676677931225
1676677929435,1676677931257
1676677930147,1676677931273
1676677929939,1676677931289
1676677930067,1676677931305
1676677930087,1676677931313
1676677930075,1676677931325
1676677929352,1676677931349
1676677930019,1676677931381
1676677930183,1676677931433
1676677930439,1676677931445
1676677930507,1676677931477
1676677930227,1676677931545
1676677930536,1676677931557
1676677930111,1676677931597
1676677930495,1676677931629
1676677930067,1676677931653
1676677930355,1676677931653
1676677930335,1676677931705
1676677930552,1676677931729
1676677930599,1676677931757
1676677929646,1676677931797
1676677930763,1676677931825
1676677930479,1676677931865
1676677930599,1676677931945
1676677930483,1676677931954
1676677930755,1676677932029
1676677930635,1676677932033
1676677930735,1676677932081
1676677931091,1676677932097
1676677930650,1676677932121
1676677930728,1676677932121
1676677931076,1676677932141
1676677930975,1676677932145
1676677930883,1676677932149
1676677930639,1676677932164
1676677930227,1676677932168
1676677930711,1676677932169
1676677930787,1676677932173
1676677931031,1676677932217
1676677931198,1676677932269
1676677930003,1676677932305
1676677930955,1676677932337
1676677931291,1676677932353
1676677931114,1676677932397
1676677931259,1676677932405
1676677931383,1676677932409
1676677930819,1676677932437
1676677931146,1676677932453
1676677931035,1676677932505
1676677930975,1676677932505
1676677931327,1676677932553
1676677931447,1676677932577
1676677931059,1676677932585
1676677931084,1676677932705
1676677930536,1676677932721
1676677931091,1676677932725
1676677931131,1676677932733
1676677930799,1676677932737
1676677931023,1676677932737
1676677931867,1676677932773
1676677931115,1676677932785
1676677930827,1676677932813
1676677931351,1676677932837
1676677931087,1676677932857
1676677931307,1676677932861
1676677930855,1676677932881
1676677931631,1676677932893
1676677931227,1676677932897
1676677931599,1676677932901
1676677931799,1676677932901
1676677931759,1676677932909
1676677931275,1676677932957
1676677932035,1676677932977
1676677931121,1676677932981
1676677931479,1676677933001
1676677931547,1676677933009
1676677931731,1676677933109
1676677932143,1676677933157
1676677932175,1676677933165
1676677931655,1676677933165
1676677931707,1676677933173
1676677931315,1676677933185
1676677931655,1676677933201
1676677932123,1676677933201
1676677931435,1676677933237
1676677931948,1676677933249
1676677931827,1676677933297
1676677932166,1676677933325
1676677932271,1676677933345
1676677932307,1676677933377
1676677932151,1676677933389
1676677932407,1676677933393
1676677931956,1676677933445
1676677932031,1676677933453
1676677931559,1676677933485
1676677932411,1676677933533
1676677932147,1676677933533
1676677932439,1676677933580
1676677932507,1676677933637
1676677932083,1676677933642
1676677932099,1676677933673
1676677932507,1676677933709
1676677932735,1676677933721
1676677932587,1676677933770
1676677932219,1676677933801
1676677932815,1676677933825
1676677932727,1676677933869
1676677932899,1676677933888
1676677932170,1676677933889
1676677932339,1676677933925
1676677932787,1676677933961
1676677932399,1676677933977
1676677932579,1676677933985
1676677932555,1676677934041
1676677932123,1676677934077
1676677932959,1676677934097
1676677932911,1676677934109
1676677932859,1676677934113
1676677932171,1676677934153
1676677932355,1676677934193
1676677933011,1676677934221
1676677932739,1676677934233
1676677932775,1676677934261
1676677932707,1676677934265
1676677933202,1676677934293
1676677932895,1676677934321
1676677933167,1676677934357
1676677932455,1676677934389
1676677933159,1676677934389
1676677932903,1676677934393
1676677932979,1676677934401
1676677933111,1676677934437
1676677932883,1676677934481
1676677933186,1676677934525
1676677932903,1676677934565
1676677933239,1676677934588
1676677933299,1676677934629
1676677933327,1676677934633
1676677932863,1676677934657
1676677933378,1676677934665
1676677933175,1676677934697
1676677933251,1676677934705
1676677932739,1676677934721
1676677933395,1676677934733
1676677933391,1676677934733
1676677933447,1676677934749
1676677933535,1676677934761
1676677933202,1676677934777
1676677933003,1676677934781
1676677933455,1676677934805
1676677932838,1676677934817
1676677933347,1676677934845
1676677933639,1676677934933
1676677933723,1676677934942
1676677932723,1676677934949
1676677932987,1676677934961
1676677933871,1676677935125
1676677934527,1676677935137
1676677933803,1676677935154
1676677933487,1676677935185
1676677933711,1676677935221
1676677934195,1676677935245
1676677933675,1676677935261
1676677934099,1676677935265
1676677933979,1676677935289
1676677933827,1676677935337
1676677933167,1676677935377
1676677933535,1676677935413
1676677934391,1676677935425
1676677934267,1676677935489
1676677934322,1676677935509
1676677934043,1676677935541
1676677933891,1676677935553
1676677934631,1676677935585
1676677933582,1676677935613
1676677934222,1676677935641
1676677934111,1676677935649
1676677933890,1676677935657
1676677934155,1676677935683
1676677933963,1676677935709
1676677934115,1676677935721
1676677934295,1676677935757
1676677934079,1676677935757
1676677933987,1676677935785
1676677934439,1676677935794
1676677934779,1676677935817
1676677933644,1676677935857
1676677933772,1676677935869
1676677934667,1676677935889
1676677934567,1676677935933
1676677933927,1676677935949
1676677934699,1676677935993
1676677934483,1676677936057
1676677934707,1676677936061
1676677934263,1676677936085
1676677934763,1676677936089
1676677934635,1676677936125
1676677934394,1676677936145
1676677934735,1676677936149
1676677935223,1676677936157
1676677934751,1676677936165
1676677934783,1676677936177
1676677934659,1676677936209
1676677934402,1676677936233
1676677934590,1676677936240
1676677934935,1676677936245
1676677934723,1676677936265
1676677934951,1676677936277
1676677934235,1676677936337
1676677934735,1676677936365
1676677935291,1676677936381
1676677934807,1676677936385
1676677935139,1676677936421
1676677935247,1676677936497
1676677934391,1676677936513
1676677935379,1676677936525
1676677935263,1676677936541
1676677935187,1676677936549
1676677934944,1676677936593
1676677934963,1676677936645
1676677935415,1676677936653
1676677934819,1676677936689
1676677935642,1676677936713
1676677935511,1676677936722
1676677935427,1676677936749
1676677934847,1676677936785
1676677935723,1676677936805
1676677935685,1676677936813
1676677934359,1676677936825
1676677935267,1676677936833
1676677935127,1676677936873
1676677935787,1676677936897
1676677935491,1676677936921
1676677935871,1676677937013
1676677935156,1676677937065
1676677935759,1676677937069
1676677936127,1676677937093
1676677935659,1676677937098
1676677935891,1676677937117
1676677935543,1676677937121
1676677936091,1676677937129
1676677935859,1676677937149
1676677935587,1676677937173
1676677936063,1676677937186
1676677935951,1676677937197
1676677935555,1676677937204
1676677935759,1676677937269
1676677935651,1676677937273
1676677935797,1676677937275
1676677936059,1676677937289
1676677936167,1676677937297
1676677935615,1676677937321
1676677936339,1676677937329
1676677935711,1676677937337
1676677935339,1676677937385
1676677936279,1676677937401
1676677935819,1676677937413
1676677935995,1676677937429
1676677936087,1676677937441
1676677936383,1676677937505
1676677936235,1676677937505
1676677936551,1676677937505
1676677935935,1676677937509
1676677936724,1676677937554
1676677936423,1676677937705
1676677936647,1676677937729
1676677936247,1676677937769
1676677936151,1676677937801
1676677936146,1676677937813
1676677936367,1676677937846
1676677936827,1676677937873
1676677936159,1676677937889
1676677936211,1676677937977
1676677936179,1676677937993
1676677936387,1676677938005
1676677936715,1676677938009
1676677936242,1676677938009
1676677936499,1676677938021
1676677936815,1676677938033
1676677936542,1676677938033
1676677936923,1676677938117
1676677936515,1676677938129
1676677936751,1676677938141
1676677936595,1676677938177
1676677936875,1676677938189
1676677936655,1676677938197
1676677936899,1676677938205
1676677936834,1676677938225
1676677937118,1676677938245
1676677936807,1676677938261
1676677936691,1676677938289
1676677937015,1676677938313
1676677937130,1676677938357
1676677937291,1676677938373
1676677937067,1676677938393
1676677937150,1676677938493
1676677937188,1676677938529
1676677937095,1676677938561
1676677937322,1676677938613
1676677936267,1676677938617
1676677936786,1676677938629
1676677937070,1676677938657
1676677936526,1676677938673
1676677937555,1676677938705
1676677937431,1676677938729
1676677937274,1676677938733
1676677937507,1676677938733
1676677937511,1676677938737
1676677937339,1676677938737
1676677937387,1676677938737
1676677937507,1676677938801
1676677937123,1676677938821
1676677937100,1676677938857
1676677937199,1676677938889
1676677937770,1676677938897
1676677937331,1676677938917
1676677937731,1676677938925
1676677937507,1676677938953
1676677937403,1676677938961
1676677937874,1676677938965
1676677938143,1676677938973
1676677937271,1676677938981
1676677937277,1676677939033
1676677937415,1676677939061
1676677937891,1676677939061
1676677937443,1676677939153
1676677938034,1676677939157
1676677937174,1676677939197
1676677937298,1676677939213
1676677937848,1676677939241
1676677938263,1676677939301
1676677937803,1676677939317
1676677938011,1676677939325
1676677937995,1676677939325
1676677938190,1676677939353
1676677937205,1676677939361
1676677938206,1676677939361
1676677938246,1676677939385
1676677937979,1676677939493
1676677938198,1676677939573
1676677938531,1676677939573
1676677938315,1676677939601
1676677938675,1676677939633
1676677938023,1676677939633
1676677938007,1676677939641
1676677938179,1676677939645
1676677938011,1676677939757
1676677937815,1676677939797
1676677938131,1676677939797
1676677938739,1676677939825
1676677938290,1676677939901
1676677938035,1676677939901
1676677938739,1676677939933
1676677938659,1676677939934
1676677938227,1676677939934
1676677938119,1676677939941
1676677938983,1676677939941
1676677937707,1676677939961
1676677938975,1676677939985
1676677938899,1676677939997
1676677938359,1676677940002
1676677938495,1676677940069
1676677938615,1676677940093
1676677938739,1676677940105
1676677939063,1676677940125
1676677938631,1676677940137
1676677938735,1676677940141
1676677938963,1676677940189
1676677938563,1676677940201
1676677939362,1676677940233
1676677939158,1676677940237
1676677938823,1676677940273
1676677938395,1676677940313
1676677938859,1676677940361
1676677939063,1676677940366
1676677939318,1676677940381
1676677938919,1676677940397
1676677938891,1676677940413
1676677938618,1676677940437
1676677938927,1676677940457
1676677939386,1676677940513
1676677939355,1676677940561
1676677939327,1676677940561
1676677938803,1676677940561
1676677938967,1676677940565
1676677939643,1676677940581
1676677939035,1676677940581
1676677938707,1676677940601
1676677939198,1676677940609
1676677939635,1676677940632
1676677939155,1676677940653
1676677939362,1676677940669
1676677939602,1676677940706
1676677938731,1676677940769
1676677939494,1676677940773
1676677939574,1676677940801
1676677939963,1676677940845
1676677939999,1676677940881
1676677939302,1676677940921
1676677939635,1676677940961
1676677938735,1676677940966
1676677938375,1676677940969
1676677939758,1676677940970
1676677939214,1676677940981
1676677939798,1676677941025
1676677938955,1676677941037
1676677939903,1676677941057
1676677939242,1676677941097
1676677939574,1676677941117
1676677940004,1676677941121
1676677939647,1676677941121
1676677939326,1676677941157
1676677939798,1676677941165
1676677939936,1676677941205
1676677940139,1676677941277
1676677939827,1676677941285
1676677940127,1676677941301
1676677940071,1676677941369
1676677939903,1676677941373
1676677940238,1676677941397
1676677940363,1676677941401
1676677939943,1676677941409
1676677939934,1676677941457
1676677940107,1676677941465
1676677940191,1676677941473
1676677940315,1676677941505
1676677940633,1676677941541
1676677940203,1676677941581
1676677940095,1676677941617
1676677940459,1676677941669
1676677939936,1676677941701
1676677939987,1676677941705
1676677940399,1676677941753
1676677940515,1676677941793
1676677939943,1676677941829
1676677940563,1676677941861
1676677940583,1676677941877
1676677940234,1676677941893
1676677940583,1676677941913
1676677940275,1676677941929
1676677940603,1676677941965
1676677940415,1676677941965
1676677940439,1676677941977
1676677940611,1676677941993
1676677940563,1676677942045
1676677940968,1676677942145
1676677940383,1676677942145
1676677940847,1676677942157
1676677940923,1676677942209
1676677940563,1676677942237
1676677940671,1676677942269
1676677940143,1676677942283
1676677941099,1676677942301
1676677941039,1676677942309
1676677941279,1676677942313
1676677940708,1676677942341
1676677940771,1676677942381
1676677941303,1676677942393
1676677941027,1676677942437
1676677940655,1676677942469
1676677941059,1676677942477
1676677941399,1676677942497
1676677941167,1676677942577
1676677941119,1676677942593
1676677940368,1676677942605
1676677940982,1676677942613
1676677941287,1676677942625
1676677941371,1676677942649
1676677940883,1676677942657
1676677940567,1676677942677
1676677941123,1676677942705
1676677941467,1676677942709
1676677940803,1676677942761
1676677940971,1676677942797
1676677941507,1676677942809
1676677940963,1676677942853
1676677941671,1676677942861
1676677941159,1676677942873
1676677941459,1676677942896
1676677940775,1676677942897
1676677940972,1676677942909
1676677941375,1676677942913
1676677941755,1676677942921
1676677941123,1676677942929
1676677941707,1676677943009
1676677941543,1676677943021
1676677942147,1676677943025
1676677941619,1676677943069
1676677941879,1676677943137
1676677941967,1676677943197
1676677941403,1676677943229
1676677941583,1676677943249
1676677941411,1676677943266
1676677941979,1676677943345
1676677941207,1676677943353
1676677941703,1676677943357
1676677941831,1676677943373
1676677941795,1676677943397
1676677942303,1676677943397
1676677941895,1676677943445
1676677942395,1676677943469
1676677941995,1676677943473
1676677942615,1676677943477
1676677941931,1676677943481
1676677941475,1676677943485
1676677941863,1676677943497
1676677942270,1676677943537
1676677941915,1676677943537
1676677942383,1676677943573
1676677942579,1676677943577
1676677942343,1676677943629
1676677941967,1676677943649
1676677942147,1676677943653
1676677942311,1676677943679
1676677942284,1676677943685
1676677942239,1676677943714
1676677942211,1676677943741
1676677942659,1676677943753
1676677942479,1676677943757
1676677942627,1676677943761
1676677942047,1676677943801
1676677942651,1676677943869
1676677942863,1676677943893
1676677942159,1676677943893
1676677942470,1676677943905
1676677942763,1676677943957
1676677942679,1676677943957
1676677942595,1676677943973
1676677942607,1676677943997
1676677942439,1676677944013
1676677942930,1676677944065
1676677942315,1676677944077
1676677942897,1676677944085
1676677942707,1676677944089
1676677942499,1676677944097
1676677942911,1676677944113
1676677942899,1676677944137
1676677942799,1676677944165
1676677942811,1676677944229
1676677943138,1676677944229
1676677942915,1676677944237
1676677942711,1676677944353
1676677943027,1676677944373
1676677943487,1676677944397
1676677943268,1676677944449
1676677943071,1676677944477
1676677943230,1676677944541
1676677943575,1676677944557
1676677942923,1676677944573
1676677943250,1676677944573
1676677943023,1676677944629
1676677943199,1676677944657
1676677943355,1676677944721
1676677943359,1676677944757
1676677943375,1676677944793
1676677943471,1676677944813
1676677943478,1676677944853
1676677942875,1676677944861
1676677943871,1676677944869
1676677943347,1676677944881
1676677943655,1676677944897
1676677943763,1676677944961
1676677943538,1676677944997
1676677943759,1676677945013
1676677943959,1676677945061
1676677943907,1676677945085
1676677943717,1676677945097
1676677943631,1676677945117
1676677943687,1676677945117
1676677943399,1676677945133
1676677943483,1676677945185
1676677943399,1676677945185
1676677943475,1676677945193
1676677943999,1676677945253
1676677943895,1676677945277
1676677943959,1676677945277
1676677943579,1676677945301
1676677943651,1676677945322
1676677943743,1676677945337
1676677944079,1676677945369
1676677944115,1676677945369
1676677943499,1676677945405
1676677942855,1676677945413
1676677943447,1676677945425
1676677944231,1676677945449
1676677944479,1676677945469
1676677943681,1676677945477
1676677943803,1676677945481
1676677944559,1676677945513
1676677944087,1676677945545
1676677943539,1676677945561
1676677943895,1676677945577
1676677943755,1676677945601
1676677944167,1676677945625
1676677944067,1676677945637
1676677944099,1676677945645
1676677944543,1676677945657
1676677944632,1676677945677
1676677944015,1676677945693
1676677944231,1676677945701
1676677944375,1676677945709
1676677944399,1676677945721
1676677944355,1676677945777
1676677944239,1676677945817
1676677943975,1676677945829
1676677944451,1676677945921
1676677944139,1676677945933
1676677945339,1676677945993
1676677944659,1676677946001
1676677944795,1676677946033
1676677944899,1676677946033
1676677945015,1676677946126
1676677944575,1676677946185
1676677944871,1676677946205
1676677945135,1676677946213
1676677944855,1676677946241
1676677944882,1676677946293
1676677945303,1676677946337
1676677945639,1676677946389
1676677944815,1676677946401
1676677945087,1676677946421
1676677945119,1676677946433
1676677944863,1676677946449
1676677944091,1676677946481
1676677944999,1676677946525
1676677945371,1676677946525
1676677945279,1676677946532
1676677944575,1676677946549
1676677945415,1676677946593
1676677945187,1676677946601
1676677944759,1676677946617
1676677945451,1676677946625
1676677945279,1676677946737
1676677945119,1676677946769
1676677945479,1676677946805
1676677945471,1676677946805
1676677945547,1676677946813
1676677945324,1676677946817
1676677945820,1676677946817
1676677945563,1676677946848
1676677945194,1676677946849
1676677945703,1676677946905
1676677945659,1676677946917
1676677945711,1676677946945
1676677944963,1676677946973
1676677945187,1676677946985
1676677945371,1676677947065
1676677945647,1676677947069
1676677945483,1676677947085
1676677945627,1676677947125
1676677945679,1676677947129
1676677945255,1676677947141
1676677945603,1676677947145
1676677945923,1676677947145
1676677945099,1676677947145
1676677945723,1676677947169
1676677945779,1676677947173
1676677945515,1676677947179
1676677944723,1676677947185
1676677945935,1676677947197
1676677945695,1676677947220
1676677946035,1676677947269
1676677945427,1676677947285
1676677946243,1676677947301
1676677945063,1676677947317
1676677945407,1676677947325
1676677946339,1676677947381
1676677945831,1676677947485
1676677946602,1676677947517
1676677946003,1676677947517
1676677946403,1676677947517
1676677946391,1676677947554
1676677946187,1676677947561
1676677946533,1676677947565
1676677945579,1676677947579
1676677945995,1676677947617
1676677946294,1676677947645
1676677946850,1676677947705
1676677946215,1676677947709
1676677946551,1676677947733
1676677946739,1676677947734
1676677946527,1676677947761
1676677946127,1676677947773
1676677946815,1676677947865
1676677946435,1676677947869
1676677946819,1676677947949
1676677946619,1676677947997
1676677946207,1676677948030
1676677946975,1676677948041
1676677946947,1676677948041
1676677946807,1676677948052
1676677946987,1676677948058
1676677946771,1676677948165
1676677947199,1676677948169
1676677946483,1676677948185
1676677946422,1676677948213
1676677946919,1676677948217
1676677946451,1676677948241
1676677946807,1676677948265
1676677947303,1676677948285
1676677946851,1676677948341
1676677947287,1676677948349
1676677947175,1676677948361
1676677946820,1676677948369
1676677946595,1676677948385
1676677947087,1676677948473
1676677946527,1676677948493
1676677947147,1676677948501
1676677947187,1676677948520
1676677946035,1676677948525
1676677947071,1676677948565
1676677947181,1676677948570
1676677946627,1676677948629
1676677946907,1676677948669
1676677947067,1676677948681
1676677947147,1676677948685
1676677947127,1676677948701
1676677947147,1676677948729
1676677947271,1676677948745
1676677947222,1676677948753
1676677947737,1676677948765
1676677947327,1676677948789
1676677947143,1676677948829
1676677947519,1676677948849
1676677947736,1676677948877
1676677947318,1676677948897
1676677947171,1676677948913
1676677947383,1676677948921
1676677948043,1676677948925
1676677947563,1676677948957
1676677947519,1676677949014
1676677947763,1676677949037
1676677947999,1676677949041
1676677948032,1676677949060
1676677947867,1676677949061
1676677947519,1676677949065
1676677947131,1676677949085
1676677947775,1676677949096
1676677947581,1676677949129
1676677947871,1676677949133
1676677948215,1676677949169
1676677947711,1676677949193
1676677947706,1676677949240
1676677947556,1676677949305
1676677947951,1676677949305
1676677947487,1676677949317
1676677947619,1676677949361
1676677947647,1676677949433
1676677947567,1676677949445
1676677948171,1676677949521
1676677948371,1676677949549
1676677948218,1676677949557
1676677948527,1676677949609
1676677948495,1676677949637
1676677948187,1676677949638
1676677948266,1676677949649
1676677948703,1676677949693
1676677948054,1676677949717
1676677948060,1676677949717
1676677948747,1676677949745
1676677948167,1676677949749
1676677948287,1676677949757
1676677948503,1676677949885
1676677948343,1676677949921
1676677948387,1676677949937
1676677948687,1676677949941
1676677948831,1676677950001
1676677948899,1676677950009
1676677949171,1676677950029
1676677948671,1676677950041
1676677948522,1676677950042
1676677948363,1676677950076
1676677949039,1676677950105
1676677948475,1676677950137
1676677949043,1676677950177
1676677948731,1676677950181
1676677948351,1676677950209
1676677948683,1676677950221
1676677949098,1676677950273
1676677948567,1676677950281
1676677948959,1676677950305
1676677948043,1676677950321
1676677948879,1676677950353
1676677949062,1676677950365
1676677948767,1676677950365
1676677949363,1676677950369
1676677948926,1676677950377
1676677949135,1676677950417
1676677949242,1676677950426
1676677948791,1676677950501
1676677948631,1676677950525
1676677948923,1676677950553
1676677949318,1676677950581
1676677948573,1676677950581
1676677948755,1676677950581
1676677949131,1676677950605
1676677949067,1676677950613
1676677949306,1676677950661
1676677949559,1676677950701
1676677948851,1676677950713
1676677949435,1676677950729
1676677949447,1676677950737
1676677949195,1676677950749
1676677948915,1676677950809
1676677949887,1676677950810
1676677949551,1676677950836
1676677949063,1676677950845
1676677949307,1676677950849
1676677949695,1676677950861
1676677949523,1676677950885
1676677949759,1676677950921
1676677950211,1676677951021
1676677949611,1676677951029
1676677949639,1676677951041
1676677950011,1676677951073
1676677949087,1676677951077
1676677949939,1676677951101
1676677949651,1676677951117
1676677949016,1676677951125
1676677949923,1676677951133
1676677950275,1676677951161
1676677949750,1676677951256
1676677950283,1676677951277
1676677949943,1676677951313
1676677950183,1676677951317
1676677949719,1676677951329
1676677950043,1676677951365
1676677949719,1676677951369
1676677950583,1676677951369
1676677949640,1676677951433
1676677950031,1676677951453
1676677950307,1676677951553
1676677950223,1676677951573
1676677950428,1676677951583
1676677950003,1676677951603
1676677950107,1676677951655
1676677950583,1676677951657
1676677950139,1676677951673
1676677950078,1676677951681
1676677950583,1676677951701
1676677950379,1676677951789
1676677950355,1676677951805
1676677950043,1676677951810
1676677950663,1676677951885
1676677950607,1676677951953
1676677950367,1676677951969
1676677950323,1676677951973
1676677950731,1676677952001
1676677950739,1676677952013
1676677950847,1676677952069
1676677950615,1676677952097
1676677950371,1676677952113
1676677950851,1676677952125
1676677950715,1676677952133
1676677950555,1676677952161
1676677951163,1676677952173
1676677950367,1676677952229
1676677950703,1676677952241
1676677950811,1676677952281
1676677951079,1676677952309
1676677950751,1676677952313
1676677950863,1676677952349
1676677951119,1676677952405
1676677950922,1676677952469
1676677951371,1676677952485
1676677950503,1676677952489
1676677950179,1676677952509
1676677951103,1676677952569
1676677951043,1676677952571
1676677950527,1676677952617
1676677951127,1676677952629
1676677951031,1676677952641
1676677951075,1676677952673
1676677951135,1676677952701
1676677951455,1676677952705
1676677950419,1676677952713
1676677951331,1676677952721
1676677951023,1676677952725
1676677951555,1676677952729
1676677949746,1676677952733
1676677950887,1676677952765
1676677950812,1676677952845
1676677951367,1676677952884
1676677951703,1676677952885
1676677951657,1676677952941
1676677951812,1676677952941
1676677951605,1676677952969
1676677951675,1676677952969
1676677951435,1676677952969
1676677951371,1676677953037
1676677951315,1676677953049
1676677952163,1676677953081
1676677951575,1676677953097
1676677952071,1676677953101
1676677951955,1676677953109
1676677951257,1676677953134
1676677952099,1676677953169
1676677951279,1676677953181
1676677951807,1676677953181
1676677951585,1676677953193
1676677951659,1676677953225
1676677952282,1676677953245
1676677951975,1676677953293
1676677952003,1676677953317
1676677951683,1676677953453
1676677952134,1676677953497
1676677952487,1676677953501
1676677952630,1676677953501
1676677952127,1676677953568
1676677951791,1676677953581
1676677950837,1676677953589
1676677951887,1676677953601
1676677952491,1676677953625
1676677951971,1676677953641
1676677952351,1676677953661
1676677952510,1676677953665
1676677952407,1676677953685
1676677952311,1676677953737
1676677952175,1676677953761
1676677952242,1676677953781
1676677952887,1676677953785
1676677952573,1676677953805
1676677952015,1676677953813
1676677952315,1676677953837
1676677952115,1676677953849
1676677952735,1676677953929
1676677952674,1676677954001
1676677952971,1676677954005
1676677952619,1676677954017
1676677952230,1676677954021
1676677952727,1676677954029
1676677952471,1676677954109
1676677952571,1676677954113
1676677952707,1676677954117
1676677952847,1676677954181
1676677952971,1676677954209
1676677952643,1676677954209
1676677953136,1676677954236
1676677953183,1676677954241
1676677952730,1676677954253
1676677952971,1676677954297
1676677952714,1676677954337
1676677953183,1676677954341
1676677952943,1676677954373
1676677953051,1676677954433
1676677953455,1676677954481
1676677953039,1676677954509
1676677953083,1676677954537
1676677953171,1676677954637
1676677953627,1676677954665
1676677952944,1676677954681
1676677953246,1676677954689
1676677952767,1676677954689
1676677952886,1676677954717
1676677953195,1676677954717
1676677952723,1676677954717
1676677953319,1676677954733
1676677953099,1676677954741
1676677953687,1676677954769
1676677953583,1676677954789
1676677953111,1676677954822
1676677953763,1676677954822
1676677953663,1676677954833
1676677952703,1676677954873
1676677953591,1676677954943
1676677953503,1676677954973
1676677953103,1676677954989
1676677954007,1676677955053
1676677953499,1676677955053
1676677953851,1676677955065
1676677953815,1676677955069
1676677953503,1676677955081
1676677953295,1676677955105
1676677954243,1676677955161
1676677953739,1676677955193
1676677953603,1676677955265
1676677953931,1676677955277
1676677954435,1676677955293
1676677953787,1676677955301
1676677953807,1676677955301
1676677954483,1676677955349
1676677954111,1676677955373
1676677953643,1676677955385
1676677954211,1676677955417
1676677953570,1676677955429
1676677953227,1676677955445
1676677953667,1676677955453
1676677954003,1676677955469
1676677954023,1676677955505
1676677954031,1676677955553
1676677954299,1676677955629
1676677954115,1676677955674
1676677954255,1676677955705
1676677954718,1676677955789
1676677954119,1676677955789
1676677954667,1676677955829
1676677954019,1676677955837
1676677954375,1676677955841
1676677954639,1676677955873
1676677954183,1676677955881
1676677954770,1676677955909
1676677954875,1676677956025
1676677954691,1676677956053
1676677954211,1676677956073
1676677954237,1676677956089
1676677954339,1676677956105
1676677954790,1676677956113
1676677954718,1676677956141
1676677954719,1676677956165
1676677955055,1676677956185
1676677954539,1676677956185
1676677954734,1676677956233
1676677955071,1676677956265
1676677953839,1676677956269
1676677955163,1676677956269
1676677954975,1676677956273
1676677954343,1676677956289
1676677954683,1676677956321
1676677954824,1676677956329
1676677954511,1676677956357
1676677954691,1676677956385
1676677955083,1676677956397
1676677955067,1676677956397
1676677954824,1676677956481
1676677955107,1676677956489
1676677955351,1676677956505
1676677954835,1676677956525
1676677954742,1676677956537
1676677955431,1676677956537
1676677955455,1676677956541
1676677955267,1676677956565
1676677955055,1676677956573
1676677955375,1676677956577
1676677954991,1676677956597
1676677954944,1676677956655
1676677955303,1676677956685
1676677955507,1676677956729
1676677955555,1676677956757
1676677955707,1676677956781
1676677955279,1676677956818
1676677955387,1676677956841
1676677955419,1676677956845
1676677955195,1676677956873
1676677955630,1676677956925
1676677955447,1676677956945
1676677955791,1676677956945
1676677955676,1676677956977
1676677956076,1676677957037
1676677955883,1676677957077
1676677955843,1676677957081
1676677955839,1676677957089
1676677956143,1676677957109
1676677955303,1676677957141
1676677955831,1676677957145
1676677955471,1676677957169
1676677955875,1676677957225
1676677955295,1676677957289
1676677956107,1676677957313
1676677956115,1676677957333
1676677955791,1676677957352
1676677956235,1676677957385
1676677956491,1676677957429
1676677956187,1676677957437
1676677956267,1676677957485
1676677956567,1676677957509
1676677956271,1676677957521
1676677956055,1676677957529
1676677956027,1676677957529
1676677956398,1676677957601
1676677956291,1676677957605
1676677956271,1676677957613
1676677956166,1676677957657
1676677955911,1676677957669
1676677956091,1676677957697
1676677956507,1676677957725
1676677956323,1676677957749
1676677956187,1676677957821
1676677956687,1676677957841
1676677956483,1676677957849
1676677956275,1676677957849
1676677956579,1676677957890
1676677956359,1676677957913
1676677956399,1676677957937
1676677956387,1676677957937
1676677956543,1676677958074
1676677956874,1676677958093
1676677957038,1676677958101
1676677956657,1676677958101
1676677956539,1676677958125
1676677957111,1676677958161
1676677956527,1676677958193
1676677957147,1676677958193
1676677956820,1676677958197
1676677956979,1676677958230
1676677957078,1676677958237
1676677956927,1676677958289
1676677956759,1676677958337
1676677956731,1676677958357
1676677956783,1676677958361
1676677956847,1676677958365
1676677957083,1676677958377
1676677956599,1676677958381
1676677956947,1676677958449
1676677957291,1676677958461
1676677956539,1676677958473
1676677957487,1676677958481
1676677957091,1676677958677
1676677957171,1676677958713
1676677956331,1676677958725
1676677956947,1676677958737
1676677956843,1676677958749
1676677957531,1676677958749
1676677957143,1676677958749
1676677957511,1676677958765
1676677957315,1676677958769
1676677957603,1676677958793
1676677957523,1676677958797
1676677957334,1676677958801
1676677957699,1676677958825
1676677957751,1676677958869
1676677957615,1676677958901
1676677957891,1676677958933
1676677957354,1676677958957
1676677957439,1676677958965
1676677957531,1676677959001
1676677957823,1676677959061
1676677957671,1676677959105
1676677958103,1676677959153
1676677957607,1676677959165
1676677957387,1676677959173
1676677958199,1676677959189
1676677957851,1676677959229
1676677957227,1676677959233
1676677957659,1676677959325
1676677957939,1676677959365
1676677957915,1676677959373
1676677957431,1676677959377
1676677958077,1676677959385
1676677958127,1676677959424
1676677958379,1676677959457
1676677957939,1676677959489
1676677958451,1676677959493
1676677957851,1676677959493
1676677958095,1676677959553
1676677957843,1676677959557
1676677958103,1676677959565
1676677958239,1676677959581
1676677957727,1676677959581
1676677958463,1676677959605
1676677958195,1676677959625
1676677958339,1676677959685
1676677958290,1676677959709
1676677958195,1676677959725
1676677958715,1676677959757
1676677958871,1676677959769
1676677958367,1676677959865
1676677958475,1676677959905
1676677958383,1676677959925
1676677958799,1676677959953
1676677958363,1676677960021
1676677958679,1676677960025
1676677959063,1676677960090
1676677958739,1676677960125
1676677959003,1676677960165
1676677958803,1676677960177
1676677958232,1676677960185
1676677958163,1676677960225
1676677958751,1676677960309
1676677959107,1676677960329
1676677958903,1676677960357
1676677958771,1676677960373
1676677959191,1676677960417
1676677959155,1676677960445
1676677958767,1676677960449
1676677959231,1676677960469
1676677958727,1676677960521
1676677958795,1676677960521
1676677959559,1676677960525
1676677958751,1676677960551
1676677958827,1676677960557
1676677958483,1676677960589
1676677958959,1676677960597
1676677958751,1676677960617
1676677958935,1676677960621
1676677959583,1676677960657
1676677958967,1676677960661
1676677959495,1676677960665
1676677959235,1676677960673
1676677959459,1676677960697
1676677959167,1676677960713
1676677959175,1676677960725
1676677959426,1676677960729
1676677959327,1676677960785
1676677959495,1676677960837
1676677960027,1676677960881
1676677959687,1676677960909
1676677959375,1676677960929
1676677959727,1676677960933
1676677959367,1676677960957
1676677959583,1676677960957
1676677959387,1676677960989
1676677959627,1676677960997
1676677959607,1676677960997
1676677959907,1676677961105
1676677959771,1676677961137
1676677960167,1676677961161
1676677959555,1676677961165
1676677960023,1676677961245
1676677960226,1676677961293
1676677959927,1676677961325
1676677959955,1676677961337
1676677959378,1676677961369
1676677960127,1676677961405
1676677959491,1676677961417
1676677960330,1676677961505
1676677959567,1676677961533
1676677959711,1676677961545
1676677959759,1676677961549
1676677960471,1676677961581
1676677960179,1676677961593
1676677960523,1676677961617
1676677960310,1676677961621
1676677960675,1676677961709
1676677960451,1676677961753
1676677960659,1676677961757
1676677959867,1676677961769
1676677960375,1676677961769
1676677960447,1676677961769
1676677960591,1676677961793
1676677960527,1676677961885
1676677960727,1676677961909
1676677960418,1676677961977
1676677960358,1676677961981
1676677960699,1676677962021
1676677960715,1676677962029
1676677961107,1676677962057
1676677960935,1676677962113
1676677960623,1676677962129
1676677960667,1676677962141
1676677960554,1676677962145
1676677960959,1676677962145
1676677960187,1676677962149
1676677960663,1676677962205
1676677960559,1676677962229
1676677960599,1676677962237
1676677960731,1676677962249
1676677960959,1676677962287
1676677960931,1676677962305
1676677960999,1676677962329
1676677960883,1676677962345
1676677960787,1676677962381
1676677961247,1676677962414
1676677961295,1676677962441
1676677960619,1676677962445
1676677960839,1676677962485
1676677961139,1676677962537
1676677960911,1676677962541
1676677961371,1676677962553
1676677961771,1676677962593
1676677961582,1676677962617
1676677961167,1676677962621
1676677961339,1676677962653
1676677960991,1676677962701
1676677961162,1676677962801
1676677960092,1676677962813
1676677961595,1676677962857
1676677961622,1676677962909
1676677962031,1676677962909
1676677961327,1676677962933
1676677961407,1676677962949
1676677961759,1676677962953
1676677961419,1676677962957
1676677961711,1676677962963
1676677961547,1676677963045
1676677961755,1676677963104
1676677960999,1676677963109
1676677961887,1676677963225
1676677961618,1676677963237
1676677961551,1676677963249
1676677962131,1676677963257
1676677961979,1676677963285
1676677962251,1676677963309
1676677961795,1676677963333
1676677962115,1676677963357
1676677961771,1676677963377
1676677962023,1676677963381
1676677961983,1676677963393
1676677962059,1676677963397
1676677962383,1676677963437
1676677962307,1676677963517
1676677962147,1676677963541
1676677962543,1676677963597
1676677962207,1676677963641
1676677962231,1676677963661
1676677962289,1676677963705
1676677962331,1676677963705
1676677961911,1676677963725
1676677962239,1676677963738
1676677962655,1676677963749
1676677962151,1676677963765
1676677962447,1676677963801
1676677961507,1676677963817
1676677961535,1676677963821
1676677962555,1676677963833
1676677962416,1676677963893
1676677962143,1676677963953
1676677962951,1676677963961
1676677962147,1676677964013
1676677962595,1676677964025
1676677962911,1676677964073
1676677962487,1676677964093
1676677962443,1676677964105
1676677962911,1676677964110
1676677962703,1676677964121
1676677962803,1676677964185
1676677962958,1676677964209
1676677962539,1676677964221
1676677962619,1676677964229
1676677962815,1676677964265
1676677961771,1676677964281
1676677962955,1676677964285
1676677962623,1676677964337
1676677963395,1676677964409
1676677962347,1676677964477
1676677963106,1676677964481
1676677963379,1676677964493
1676677963227,1676677964521
1676677963643,1676677964567
1676677962935,1676677964609
1676677963259,1676677964613
1676677962965,1676677964625
1676677963663,1676677964633
1676677963803,1676677964677
1676677962859,1676677964690
1676677963047,1676677964713
1676677963543,1676677964713
1676677963727,1676677964717
1676677963251,1676677964733
1676677963823,1676677964757
1676677963359,1676677964766
1676677963399,1676677964785
1676677963519,1676677964825
1676677963955,1676677964893
1676677963707,1676677965021
1676677963287,1676677965021
1676677963751,1676677965057
1676677963895,1676677965089
1676677963439,1676677965121
1676677963239,1676677965141
1676677963707,1676677965197
1676677964123,1676677965237
1676677963963,1676677965241
1676677963311,1676677965269
1676677963383,1676677965273
1676677964095,1676677965289
1676677964016,1676677965293
1676677964027,1676677965358
1676677964112,1676677965369
1676677964106,1676677965393
1676677964615,1676677965441
1676677964075,1676677965469
1676677964223,1676677965537
1676677964483,1676677965549
1676677964495,1676677965577
1676677964211,1676677965609
1676677963740,1676677965621
1676677963767,1676677965633
1676677964569,1676677965673
1676677964338,1676677965733
1676677963335,1676677965733
1676677963819,1676677965821
1676677964266,1676677965833
1676677964523,1676677965869
1676677964715,1676677965877
1676677963835,1676677965881
1676677964187,1676677965885
1676677964627,1676677965893
1676677964231,1676677965910
1676677964679,1676677965929
1676677965023,1676677965989
1676677964787,1676677965989
1676677964411,1676677966025
1676677964768,1676677966039
1676677964283,1676677966061
1676677964715,1676677966081
1676677965059,1676677966122
1676677964827,1676677966133
1676677963599,1676677966193
1676677964692,1676677966197
1676677964287,1676677966205
1676677964759,1676677966205
1676677964635,1676677966290
1676677965199,1676677966293
1676677964479,1676677966321
1676677965023,1676677966377
1676677965143,1676677966381
1676677964735,1676677966389
1676677965091,1676677966445
1676677964611,1676677966517
1676677965291,1676677966565
1676677965239,1676677966609
1676677965271,1676677966677
1676677965123,1676677966677
1676677964895,1676677966701
1676677965360,1676677966725
1676677965294,1676677966777
1676677965611,1676677966789
1676677965394,1676677966797
1676677965243,1676677966829
1676677965675,1676677966901
1676677965579,1676677966913
1676677965471,1676677967033
1676677965735,1676677967105
1676677965823,1676677967109
1676677965895,1676677967153
1676677965443,1676677967173
1676677965371,1676677967176
1676677965879,1676677967193
1676677966063,1676677967201
1676677965991,1676677967225
1676677965871,1676677967253
1676677965883,1676677967265
1676677965551,1676677967281
1676677965735,1676677967301
1676677965623,1676677967333
1676677965931,1676677967365
1676677966207,1676677967369
1676677965887,1676677967373
1676677965835,1676677967393
1676677965912,1676677967405
1676677966382,1676677967425
1676677966124,1676677967457
1676677966083,1676677967469
1676677966195,1676677967481
1676677966379,1676677967513
1676677966041,1676677967513
1676677966727,1676677967521
1676677966135,1676677967525
1676677966199,1676677967545
1676677965635,1676677967625
1676677966447,1676677967649
1676677966680,1676677967685
1676677966323,1676677967693
1676677966519,1676677967749
1676677965539,1676677967837
1676677966391,1676677967901
1676677966207,1676677967905
1676677966291,1676677967921
1676677966791,1676677967993
1676677965991,1676677967993
1676677966703,1676677968013
1676677966567,1676677968101
1676677966779,1676677968110
1676677966903,1676677968189
1676677966799,1676677968245
1676677967178,1676677968317
1676677966295,1676677968317
1676677967515,1676677968362
1676677966027,1676677968409
1676677967035,1676677968413
1676677966679,1676677968417
1676677967111,1676677968465
1676677967195,1676677968549
1676677967267,1676677968553
1676677967427,1676677968641
1676677967407,1676677968645
1676677967471,1676677968661
1676677967155,1676677968681
1676677967255,1676677968737
1676677967335,1676677968757
1676677967907,1676677968785
1676677967374,1676677968785
1676677967483,1676677968861
1676677967527,1676677968897
1676677967370,1676677968909
1676677967695,1676677968917
1676677967366,1676677968917
1676677967515,1676677968917
1676677967651,1676677968973
1676677966611,1676677968981
1676677967227,1676677968997
1676677967175,1676677969011
1676677967459,1676677969013
1676677967523,1676677969045
1676677967995,1676677969105
1676677967107,1676677969141
1676677967750,1676677969161
1676677966831,1676677969173
1676677967547,1676677969233
1676677967394,1676677969249
1676677968363,1676677969254
1676677966915,1676677969281
1676677967203,1676677969301
1676677967995,1676677969333
1676677967839,1676677969361
1676677968319,1676677969385
1676677967283,1676677969401
1676677968015,1676677969417
1676677968103,1676677969429
1676677968113,1676677969430
1676677968191,1676677969481
1676677967687,1676677969491
1676677967903,1676677969549
1676677968411,1676677969577
1676677968246,1676677969657
1676677967303,1676677969689
1676677967922,1676677969701
1676677968415,1676677969745
1676677968555,1676677969773
1676677968551,1676677969781
1676677968467,1676677969801
1676677968419,1676677969817
1676677968663,1676677969885
1676677968319,1676677969945
1676677968759,1676677969957
1676677968683,1676677970029
1676677968739,1676677970045
1676677968919,1676677970049
1676677968919,1676677970053
1676677969015,1676677970105
1676677968787,1676677970221
1676677968647,1676677970257
1676677968983,1676677970365
1676677969047,1676677970369
1676677969386,1676677970381
1676677969250,1676677970401
1676677969303,1676677970521
1676677969143,1676677970525
1676677968919,1676677970529
1676677968787,1676677970529
1676677968863,1676677970569
1676677969283,1676677970593
1676677969235,1676677970597
1676677969492,1676677970605
1676677969551,1676677970609
1676677969579,1676677970629
1676677969363,1676677970665
1676677969013,1676677970673
1676677969432,1676677970674
1676677969163,1676677970681
1676677969402,1676677970685
1676677968999,1676677970701
1676677969175,1676677970753
1676677969782,1676677970781
1676677968975,1676677970789
1676677968911,1676677970805
1676677968643,1676677970829
1676677969659,1676677970861
1676677969703,1676677970905
1676677969775,1676677970945
1676677969255,1676677971033
1676677970055,1676677971053
1676677970031,1676677971069
1676677969431,1676677971093
1676677969482,1676677971125
1676677969691,1676677971133
1676677969418,1676677971185
1676677969335,1676677971213
1676677969959,1676677971253
1676677968899,1676677971270
1676677969818,1676677971273
1676677970051,1676677971277
1676677970259,1676677971281
1676677969802,1676677971301
1676677970047,1676677971353
1676677969947,1676677971389
1676677970367,1676677971389
1676677969887,1676677971429
1676677970383,1676677971493
1676677970523,1676677971525
1676677970371,1676677971565
1676677970595,1676677971649
1676677970107,1676677971673
1676677969747,1676677971765
1676677970783,1676677971841
1676677970527,1676677972005
1676677970675,1676677972069
1676677970571,1676677972117
1676677970223,1676677972169
1676677970631,1676677972269
1676677970807,1676677972277
1676677970791,1676677972297
1676677970607,1676677972345
1676677971255,1676677972349
1676677970402,1676677972381
1676677970683,1676677972413
1676677970755,1676677972441
1676677970667,1676677972445
1676677971275,1676677972457
1676677970862,1676677972529
1676677970611,1676677972573
1676677971187,1676677972593
1676677970599,1676677972613
1676677970531,1676677972613
1676677971135,1676677972649
1676677971390,1676677972701
1676677971279,1676677972705
1676677970703,1676677972709
1676677971055,1676677972717
1676677971431,1676677972733
1676677970676,1676677972789
1676677971567,1676677972797
1676677970831,1676677972857
1676677971127,1676677972869
1676677971272,1676677972937
1676677971675,1676677972953
1676677970947,1676677972957
1676677971303,1676677972973
1676677971035,1676677973009
1676677971283,1676677973013
1676677970907,1676677973075
1676677971095,1676677973077
1676677971495,1676677973085
1676677971391,1676677973121
1676677971355,1676677973134
1676677971215,1676677973145
1676677971527,1676677973157
1676677970687,1676677973217
1676677971767,1676677973281
1676677972119,1676677973305
1676677972383,1676677973353
1676677972279,1676677973381
1676677972414,1676677973381
1676677972171,1676677973385
1676677972071,1676677973385
1676677972615,1676677973421
1676677972351,1676677973461
1676677971651,1676677973473
1676677972459,1676677973556
1676677971844,1676677973557
1676677972711,1676677973573
1676677972271,1676677973637
1676677972347,1676677973646
1676677972575,1676677973717
1676677972651,1676677973777
1676677972446,1676677973805
1676677972615,1676677973833
1676677972531,1676677973949
1676677972938,1676677973949
1676677972442,1676677973973
1676677972975,1676677974009
1676677972955,1676677974065
1676677972595,1676677974075
1676677973146,1676677974089
1676677972959,1676677974137
1676677973123,1676677974178
1676677972007,1676677974201
1676677973011,1676677974201
1676677972799,1676677974225
1676677972707,1676677974305
1676677972703,1676677974321
1676677973014,1676677974353
1676677972791,1676677974401
1676677973079,1676677974445
1676677973387,1676677974485
1676677973136,1676677974509
1676677973219,1676677974553
1676677973283,1676677974573
1676677972299,1676677974653
1676677972735,1676677974657
1676677973779,1676677974721
1676677973076,1676677974744
1676677972859,1676677974769
1676677973475,1676677974857
1676677972871,1676677974965
1676677973559,1676677975005
1676677973975,1676677975021
1676677973719,1676677975029
1676677973307,1676677975045
1676677973087,1676677975083
1676677972719,1676677975085
1676677973355,1676677975109
1676677973639,1676677975117
1676677974180,1676677975161
1676677973423,1676677975169
1676677973574,1676677975182
1676677973158,1676677975197
1676677973807,1676677975221
1676677973383,1676677975233
1676677973951,1676677975273
1676677974226,1676677975277
1676677973558,1676677975313
1676677974203,1676677975325
1676677973951,1676677975325
1676677974011,1676677975341
1676677973383,1676677975349
1676677974403,1676677975413
1676677974067,1676677975509
1676677973463,1676677975545
1676677974076,1676677975577
1676677974323,1676677975581
1676677974355,1676677975617
1676677974091,1676677975645
1676677973835,1676677975685
1676677974447,1676677975693
1676677974487,1676677975805
1676677974203,1676677975817
1676677974575,1676677975865
1676677975007,1676677975881
1676677974511,1676677975885
1676677974555,1676677975909
1676677974859,1676677975925
1676677975085,1676677975953
1676677974306,1676677976021
1676677974722,1676677976101
1676677974655,1676677976165
1676677973648,1676677976170
1676677974771,1676677976185
1676677974139,1676677976217
1676677975031,1676677976321
1676677975327,1676677976381
1676677974967,1676677976393
1676677975547,1676677976449
1676677975119,1676677976509
1676677975047,1676677976533
1676677975695,1676677976569
1676677974745,1676677976585
1676677975275,1676677976597
1676677975279,1676677976633
1676677975415,1676677976661
1676677975111,1676677976681
1676677975619,1676677976681
1676677975171,1676677976685
1676677975163,1676677976745
1676677975184,1676677976825
1676677975867,1676677976917
1676677975343,1676677976933
1676677975199,1676677976937
1676677975647,1676677976986
1676677975023,1676677977025
1676677975327,1676677977073
1676677975583,1676677977089
1676677975687,1676677977093
1676677976167,1676677977125
1676677975911,1676677977129
1676677975883,1676677977157
1676677975087,1676677977169
1676677975235,1676677977173
1676677975818,1676677977177
1676677975351,1676677977181
1676677975887,1676677977305
1676677976383,1676677977313
1676677976323,1676677977333
1676677976451,1676677977425
1676677975927,1676677977449
1676677975315,1676677977481
1676677976023,1676677977481
1676677976219,1676677977489
1676677976103,1676677977594
1676677976511,1676677977613
1676677975511,1676677977617
1676677975579,1676677977637
1676677976635,1676677977641
1676677976395,1676677977737
1676677975955,1676677977741
1676677976172,1676677977745
1676677976187,1676677977929
1676677976570,1676677977933
1676677976939,1676677977981
1676677976535,1676677977989
1676677976827,1676677978037
1676677976747,1676677978081
1676677976919,1676677978105
1676677976663,1676677978149
1676677976598,1676677978149
1676677976687,1676677978173
1676677976683,1676677978205
1676677975807,1676677978221
1676677976682,1676677978289
1676677976587,1676677978301
1676677977095,1676677978337
1676677976987,1676677978421
1676677977483,1676677978477
1676677977131,1676677978477
1676677977075,1676677978489
1676677977027,1676677978501
1676677977171,1676677978513
1676677977127,1676677978557
1676677977159,1676677978669
1676677977091,1676677978685
1676677977179,1676677978697
1676677977427,1676677978741
1676677977335,1676677978753
1676677977619,1676677978773
1676677977307,1676677978785
1676677977183,1676677978829
1676677977747,1676677978837
1676677977315,1676677978853
1676677977615,1676677978869
1676677977175,1676677978957
1676677977491,1676677978989
1676677976935,1676677979001
1676677977643,1676677979045
1676677977743,1676677979045
1676677978083,1676677979061
1676677977739,1676677979105
1676677977451,1676677979145
1676677977991,1676677979161
1676677977638,1676677979193
1676677977596,1676677979233
1676677978151,1676677979329
1676677977935,1676677979333
1676677978303,1676677979353
1676677977931,1676677979361
1676677978039,1676677979373
1676677978223,1676677979461
1676677978339,1676677979501
1676677978207,1676677979536
1676677978151,1676677979554
1676677978423,1676677979573
1676677977983,1676677979597
1676677978671,1676677979613
1676677978775,1676677979709
1676677978291,1676677979729
1676677978479,1676677979745
1676677978107,1676677979765
1676677978787,1676677979773
1676677978491,1676677979781
1676677978755,1676677979857
1676677978479,1676677979929
1676677978503,1676677979989
1676677979047,1676677980009
1676677978855,1676677980125
1676677978991,1676677980162
1676677978687,1676677980169
1676677978175,1676677980181
1676677978831,1676677980217
1676677978699,1676677980217
1676677978558,1676677980231
1676677979503,1676677980298
1676677979163,1676677980341
1676677979003,1676677980346
1676677978839,1676677980373
1676677978959,1676677980545
1676677979355,1676677980549
1676677979747,1676677980553
1676677979047,1676677980576
1676677979334,1676677980585
1676677979537,1676677980625
1676677978514,1676677980633
1676677979331,1676677980677
1676677979107,1676677980677
1676677979195,1676677980692
1676677978871,1676677980785
1676677979463,1676677980845
1676677979731,1676677980897
1676677979615,1676677980905
1676677979234,1676677980910
1676677978743,1676677980952
1676677979363,1676677980965
1676677979599,1676677981013
1676677979783,1676677981021
1676677979711,1676677981061
1676677979555,1676677981093
1676677979375,1676677981201
1676677980164,1676677981217
1676677980011,1676677981261
1676677979767,1676677981293
1676677979575,1676677981305
1676677979991,1676677981349
1676677979775,1676677981401
1676677979931,1676677981433
1676677980219,1676677981517
1676677980347,1676677981549
1676677980127,1676677981561
1676677980219,1676677981564
1676677980635,1676677981617
1676677980554,1676677981641
1676677980375,1676677981645
1676677980578,1676677981645
1676677980551,1676677981777
1676677980300,1676677981777
1676677980343,1676677981857
1676677980627,1676677981877
1676677980183,1676677981889
1676677980847,1676677981977
1676677980171,1676677981985
1676677980587,1676677981989
1676677980232,1676677982057
1676677981015,1676677982073
1676677980954,1676677982081
1676677980679,1676677982137
1676677980787,1676677982225
1676677979859,1676677982243
1676677980899,1676677982245
1676677980967,1676677982265
1676677981203,1676677982301
1676677981023,1676677982401
1676677981219,1676677982405
1676677980694,1676677982417
1676677980912,1676677982489
1676677980546,1676677982509
1676677980679,1676677982537
1676677981519,1676677982577
1676677981403,1676677982753
1676677981435,1676677982777
1676677980907,1676677982797
1676677981351,1676677982821
1676677981647,1676677982821
1676677981647,1676677982825
1676677981563,1676677982869
1676677981307,1676677982933
1676677981095,1676677982953
1676677981566,1676677982973
1676677981986,1676677983037
1676677981295,1676677983049
1676677981063,1676677983073
1676677981991,1676677983129
1676677981779,1676677983185
1676677981859,1676677983233
1676677981550,1676677983289
1676677981879,1676677983293
1676677982075,1676677983341
1676677982083,1676677983349
1676677981643,1676677983389
1676677981979,1676677983489
1676677981619,1676677983549
1676677982244,1676677983573
1676677982578,1676677983637
1676677982139,1676677983677
1676677982059,1676677983709
1676677981891,1676677983761
1676677982779,1676677983769
1676677982823,1676677983825
1676677982267,1676677983869
1676677982538,1676677983881
1676677982303,1676677983897
1676677982755,1676677983917
1676677982511,1676677983925
1676677982955,1676677983929
1676677982490,1676677983941
1676677981779,1676677983961
1676677982227,1676677983989
1676677982407,1676677984013
1676677983051,1676677984045
1676677983075,1676677984141
1676677982935,1676677984174
1676677982247,1676677984193
1676677982823,1676677984201
1676677982799,1676677984217
1676677983131,1676677984229
1676677983291,1676677984265
1676677983039,1676677984305
1676677982827,1676677984357
1676677983343,1676677984481
1676677983391,1676677984486
1676677983575,1676677984569
1676677982975,1676677984621
1676677983295,1676677984621
1676677983351,1676677984637
1676677983871,1676677984685
1676677982871,1676677984705
1676677982419,1676677984744
1676677983639,1676677984761
1676677983550,1676677984770
1676677983491,1676677984917
1676677983679,1676677984998
1676677983963,1676677985025
1676677983235,1676677985101
1676677984219,1676677985141
1676677983711,1676677985153
1676677983927,1676677985189
1676677984143,1676677985227
1676677983187,1676677985277
1676677983883,1676677985289
1676677983943,1676677985361
1676677983763,1676677985397
1676677983899,1676677985421
1676677983919,1676677985429
1676677983991,1676677985473
1676677984202,1676677985490
1676677983931,1676677985529
1676677984639,1676677985541
1676677983771,1676677985589
1676677984195,1676677985617
1676677984267,1676677985693
1676677984488,1676677985697
1676677984359,1676677985709
1676677984047,1676677985793
1676677984307,1676677985809
1676677984231,1676677985817
1676677984706,1676677985861
1676677985027,1676677985869
1676677984623,1676677985901
1676677984745,1676677985917
1676677984015,1676677985941
1676677984687,1676677986081
1676677984762,1676677986089
1676677984176,1676677986121
1676677984483,1676677986121
1676677984570,1676677986147
1676677984623,1676677986178
1676677985000,1676677986281
1676677984771,1676677986374
1676677985103,1676677986421
1676677985362,1676677986430
1676677985229,1676677986469
1676677985155,1676677986477
1676677985143,1676677986485
1676677985191,1676677986581
1676677984919,1676677986609
1676677985542,1676677986641
1676677985591,1676677986677
1676677985863,1676677986705
1676677985475,1676677986709
1676677985291,1676677986737
1676677985279,1676677986777
1676677985711,1676677986793
1676677985423,1676677986835
1676677985531,1676677986941
1676677985699,1676677986957
1676677985795,1676677987005
1676677985811,1676677987065
1676677985943,1676677987137
1676677985695,1676677987141
1676677986091,1676677987165
1676677985919,1676677987201
1676677986180,1676677987326
1676677985492,1676677987357
1676677986423,1676677987417
1676677986149,1676677987469
1676677985619,1676677987477
1676677986431,1676677987505
1676677985399,1676677987561
1676677985903,1676677987637
1676677985431,1676677987649
1676677986487,1676677987713
1676677986471,1676677987726
1676677986479,1676677987749
1676677986123,1676677987781
1676677986711,1676677987805
1676677985871,1676677987805
1676677985819,1676677987825
1676677986779,1676677987893
1676677986959,1676677987941
1676677986376,1676677987997
1676677986611,1676677988077
1676677986083,1676677988137
1676677986795,1676677988161
1676677986282,1676677988169
1676677986583,1676677988217
1676677986643,1676677988325
1676677986739,1676677988349
1676677986943,1676677988349
1676677986707,1676677988405
1676677986837,1676677988517
1676677987203,1676677988521
1676677987007,1676677988525
1676677986679,1676677988565
1676677987143,1676677988617
1676677987507,1676677988625
1676677987167,1676677988757
1676677987067,1676677988761
1676677987715,1676677988761
1676677987470,1676677988821
1676677987827,1676677988853
1676677987807,1676677988961
1676677987359,1676677988969
1676677987639,1676677989001
1676677987807,1676677989013
1676677987728,1676677989017
1676677987479,1676677989089
1676677988139,1676677989117
1676677987650,1676677989128
1676677987419,1676677989137
1676677987327,1676677989221
1676677987563,1676677989289
1676677988627,1676677989365
1676677988520,1676677989409
1676677988163,1676677989417
1676677988219,1676677989461
1676677988351,1676677989553
1676677988079,1676677989693
1676677988527,1676677989789
1676677988971,1676677989797
1676677988327,1676677989869
1676677988171,1676677989965
1676677987783,1676677989985
1676677988407,1676677989997
1676677988763,1676677990013
1676677988618,1676677990029
1676677988763,1676677990033
1676677987999,1676677990037
1676677988823,1676677990069
1676677989015,1676677990077
1676677987895,1676677990137
1676677988351,1676677990253
1676677989018,1676677990253
1676677988567,1676677990285
1676677988523,1676677990289
1676677989003,1676677990425
1676677988854,1676677990497
1676677989139,1676677990549
1676677989411,1676677990593
1676677988963,1676677990609
1676677989130,1676677990669
1676677989091,1676677990725
1676677989291,1676677990725
1676677989999,1676677990773
1676677989791,1676677990821
1676677989463,1676677990845
1676677989555,1676677990861
1676677989223,1676677990921
1676677990015,1676677990965
1676677989419,1676677991077
1676677989871,1676677991089
1676677989695,1676677991121
1676677990079,1676677991193
1676677989367,1676677991257
1676677989119,1676677991273
1676677990255,1676677991385
1676677990071,1676677991413
1676677988759,1676677991445
1676677990035,1676677991449
1676677989967,1676677991501
1676677989987,1676677991505
1676677990287,1676677991645
1676677989799,1676677991785
1676677990139,1676677991805
1676677990823,1676677991829
1676677990031,1676677991845
1676677990727,1676677991861
1676677990499,1676677991873
1676677990727,1676677991889
1676677990291,1676677992017
1676677990551,1676677992029
1676677990427,1676677992101
1676677991091,1676677992257
1676677990671,1676677992301
1676677990923,1676677992337
1676677990610,1676677992378
1676677991123,1676677992413
1676677990775,1676677992449
1676677991275,1676677992461
1676677990039,1676677992489
1676677990595,1676677992513
1676677991259,1676677992525
1676677991415,1676677992541
1676677991447,1676677992541
1676677990255,1676677992569
1676677990863,1676677992577
1676677990967,1676677992589
1676677991451,1676677992641
1676677991507,1676677992750
1676677991195,1676677992751
1676677991387,1676677992893
1676677992019,1676677993069
1676677991847,1676677993153
1676677991807,1676677993157
1676677991787,1676677993201
1676677992030,1676677993201
1676677991503,1676677993209
1676677991831,1676677993281
1676677992259,1676677993345
1676677990847,1676677993397
1676677991875,1676677993397
1676677992103,1676677993425
1676677992463,1676677993509
1676677991863,1676677993529
1676677992303,1676677993569
1676677991891,1676677993585
1676677992543,1676677993661
1676677992527,1676677993677
1676677992543,1676677993715
1676677992579,1676677993721
1676677992571,1676677993729
1676677992339,1676677993745
1676677992591,1676677993821
1676677991647,1676677993825
1676677992491,1676677993885
1676677992381,1676677993905
1676677992515,1676677993961
1676677992753,1676677993965
1676677993155,1676677993977
1676677993158,1676677994033
1676677993203,1676677994206
1676677992894,1676677994241
1676677992752,1676677994253
1676677992451,1676677994317
1676677993399,1676677994345
1676677993211,1676677994621
1676677993203,1676677994649
1676677993071,1676677994681
1676677993571,1676677994710
1676677993531,1676677994837
1676677993887,1676677994849
1676677993827,1676677994989
1676677993427,1676677994997
1676677993587,1676677995025
1676677993511,1676677995053
1676677993399,1676677995089
1676677993723,1676677995097
1676677993663,1676677995101
1676677993907,1676677995153
1676677993823,1676677995241
1676677993679,1676677995245
1676677993730,1676677995361
1676677993967,1676677995373
1676677993963,1676677995373
1676677994255,1676677995381
1676677993283,1676677995445
1676677993717,1676677995469
1676677994347,1676677995497
1676677993747,1676677995521
1676677994683,1676677995589
1676677994651,1676677995645
1676677994035,1676677995693
1676677992643,1676677995757
1676677993979,1676677995913
1676677994623,1676677995961
1676677994318,1676677995961
1676677994243,1676677995969
1676677994713,1676677996076
1676677994839,1676677996205
1676677994851,1676677996281
1676677995103,1676677996381
1676677994208,1676677996425
1676677995055,1676677996425
1676677994999,1676677996441
1676677995155,1676677996473
1676677995091,1676677996489
1676677994991,1676677996537
1676677995523,1676677996553
1676677995375,1676677996633
1676677995383,1676677996641
1676677995499,1676677996681
1676677995246,1676677996744
1676677995027,1676677996809
1676677995243,1676677996913
1676677995363,1676677996969
1676677995695,1676677996997
1676677995447,1676677997085
1676677995591,1676677997249
1676677995471,1676677997353
1676677995971,1676677997405
1676677996475,1676677997573
1676677996643,1676677997645
1676677995759,1676677997653
1676677996383,1676677997717
1676677996283,1676677997717
1676677995647,1676677997781
1676677996491,1676677997813
1676677995915,1676677997825
1676677996427,1676677997825
1676677995963,1676677997833
1676677996539,1676677997865
1676677996683,1676677997933
1676677996555,1676677997981
1676677996207,1676677998045
1676677996443,1676677998045
1676677996971,1676677998069
1676677995963,1676677998069
1676677996999,1676677998093
1676677996078,1676677998109
1676677996746,1676677998117
1676677996635,1676677998141
1676677996427,1676677998261
1676677996915,1676677998285
1676677997087,1676677998289
1676677996811,1676677998585
1676677997719,1676677998625
1676677997783,1676677998913
1676677997251,1676677998937
1676677997655,1676677999101
1676677998111,1676677999149
1676677997815,1676677999225
1676677997827,1676677999237
1676677997646,1676677999239
1676677998095,1676677999329
1676677997575,1676677999409
1676677998047,1676677999437
1676677997719,1676677999473
1676677997983,1676677999481
1676677998263,1676677999497
1676677998071,1676677999637
1676677997935,1676677999674
1676677997827,1676677999698
1676677998287,1676677999736
1676677998587,1676677999816
1676677998071,1676677999825
1676677997835,1676677999841
1676677998143,1676677999885
1676677998119,1676677999897
1676677998047,1676677999957
1676677998940,1676677999977
1676677997407,1676678000025
1676677998627,1676678000065
1676677998915,1676678000145
1676677997867,1676678000149
1676677998291,1676678000153
1676677999239,1676678000277
1676677999151,1676678000293
1676677999475,1676678000465
1676677999483,1676678000473
1676677999411,1676678000490
1676677999439,1676678000505
1676677999102,1676678000553
1676677999499,1676678000645
1676677999227,1676678000841
1676677999639,1676678000849
1676677999899,1676678000969
1676677999817,1676678000985
1676677999676,1676678001021
1676678000026,1676678001185
1676678000151,1676678001241
1676677999843,1676678001241
1676677999737,1676678001297
1676677999331,1676678001309
1676677999887,1676678001565
1676677999979,1676678001577
1676677999700,1676678001613
1676678000555,1676678001631
1676678000076,1676678001657
1676677999826,1676678001673
1676678000154,1676678001693
1676678000278,1676678001769
1676678000146,1676678001829
1676678000492,1676678001873
1676678000474,1676678001877
1676678000507,1676678002065
1676677999959,1676678002149
1676678000295,1676678002181
1676678001187,1676678002353
1676678000987,1676678002364
1676678000843,1676678002373
1676678000971,1676678002385
1676678000646,1676678002389
1676678000851,1676678002429
1676678001567,1676678002457
1676678001299,1676678002525
1676678001023,1676678002577
1676678001243,1676678002686
1676678001659,1676678002837
1676678001675,1676678002869
1676678001615,1676678002953
1676678001579,1676678003177
1676678002391,1676678003193
1676678001243,1676678003221
1676678002375,1676678003245
1676678001695,1676678003373
1676678001875,1676678003413
1676678001831,1676678003455
1676678002151,1676678003569
1676678002579,1676678003605
1676678002430,1676678003637
1676678001633,1676678003661
1676678002183,1676678003809
1676678001879,1676678003825
1676678002459,1676678003845
1676678002386,1676678003864
1676678002067,1676678003889
1676678002688,1676678003897
1676678001771,1676678003973
1676678002355,1676678003981
1676678002526,1676678004077
1676678002365,1676678004189
1676678003223,1676678004189
1676678003375,1676678004237
1676678002871,1676678004357
1676678003195,1676678004477
1676678003247,1676678004625
1676678002956,1676678004693
1676678003639,1676678004753
1676678003607,1676678004761
1676678003415,1676678004797
1676678003571,1676678004921
1676678003811,1676678005025
1676678003827,1676678005081
1676678003899,1676678005221
1676678003984,1676678005249
1676678003847,1676678005401
1676678003890,1676678005413
1676678003179,1676678005429
1676678003457,1676678005441
1676678003975,1676678005445
1676678003663,1676678005497
1676678004079,1676678005573
1676678004239,1676678005605
1676678004479,1676678005653
1676678003866,1676678005677
1676678004359,1676678005757
1676678004191,1676678005757
1676678004754,1676678006073
1676678004923,1676678006113
1676678005223,1676678006161
1676678005083,1676678006433
1676678005027,1676678006565
1676678005447,1676678006617
1676678005607,1676678006633
1676678005443,1676678006641
1676678005499,1676678006697
1676678004763,1676678006785
1676678005403,1676678006861
1676678005759,1676678006865
1676678004627,1676678006881
1676678005431,1676678006901
1676678005415,1676678006949
1676678005251,1676678006977
1676678005575,1676678007005
1676678005655,1676678007005
1676678005759,1676678007089
1676678006075,1676678007189
1676678005679,1676678007201
1676678004799,1676678007222
1676678006435,1676678007453
1676678006162,1676678007461
1676678006643,1676678007577
1676678006115,1676678007653
1676678006567,1676678007653
1676678006699,1676678007893
1676678006635,1676678008109
1676678006863,1676678008245
1676678007007,1676678008333
1676678006867,1676678008357
1676678007007,1676678008365
1676678007203,1676678008445
1676678006951,1676678008449
1676678006979,1676678008565
1676678006883,1676678008581
1676678006619,1676678008605
1676678007224,1676678008648
1676678007191,1676678008689
1676678007091,1676678008769
1676678007455,1676678008809
1676678007895,1676678008845
1676678006903,1676678008929
1676678007655,1676678009042
1676678008111,1676678009049
1676678008359,1676678009260
1676678007579,1676678009489
1676678008367,1676678009521
1676678008451,1676678009677
1676678008247,1676678009729
1676678008607,1676678009813
1676678007463,1676678009828
1676678008583,1676678009861
1676678008335,1676678009949
1676678008447,1676678010053
1676678008691,1676678010077
1676678008931,1676678010169
1676678008649,1676678010217
1676678008847,1676678010257
1676678008811,1676678010345
1676678009044,1676678010409
1676678007655,1676678010429
1676678008567,1676678010482
1676678009051,1676678010585
1676678009262,1676678010637
1676678009491,1676678010933
1676678008771,1676678011073
1676678010055,1676678011193
1676678009951,1676678011405
1676678010219,1676678011405
1676678009863,1676678011482
1676678010171,1676678011485
1676678009523,1676678011533
1676678009731,1676678011581
1676678010079,1676678011613
1676678009830,1676678011789
1676678009815,1676678011869
1676678010411,1676678011945
1676678010484,1676678011961
1676678010587,1676678011993
1676678010347,1676678012017
1676678010431,1676678012025
1676678010639,1676678012109
1676678010935,1676678012229
1676678011075,1676678012333
1676678011407,1676678012545
1676678011614,1676678012569
1676678011407,1676678012661
1676678011487,1676678012741
1676678011535,1676678012849
1676678011195,1676678012853
1676678011484,1676678012965
1676678011583,1676678013061
1676678011871,1676678013081
1676678011791,1676678013109
1676678012027,1676678013229
1676678012231,1676678013357
1676678011963,1676678013521
1676678012547,1676678013525
1676678012019,1676678013573
1676678012334,1676678013601
1676678011947,1676678013649
1676678012663,1676678013853
1676678012111,1676678013909
1676678012967,1676678013961
1676678012743,1676678014169
1676678013527,1676678014653
1676678013063,1676678014862
1676678012571,1676678014889
1676678012855,1676678014965
1676678013575,1676678015037
1676678013083,1676678015182
1676678013963,1676678015233
1676678013111,1676678015237
1676678012851,1676678015249
1676678013911,1676678015445
1676678013523,1676678015453
1676678013231,1676678015505
1676678013359,1676678015513
1676678013603,1676678015556
1676678013854,1676678015589
1676678014171,1676678015777
1676678015039,1676678015849
1676678014655,1676678016013
1676678014864,1676678016213
1676678015184,1676678016229
1676678014891,1676678016305
1676678015239,1676678016665
1676678014967,1676678016689
1676678015235,1676678016821
1676678015251,1676678016837
1676678015447,1676678017205
1676678015557,1676678017213
1676678015515,1676678017341
1676678016015,1676678017341
1676678015507,1676678017353
1676678015779,1676678017381
1676678015850,1676678017509
1676678016231,1676678017541
1676678015591,1676678017589
1676678016215,1676678017621
1676678016307,1676678017669
1676678016691,1676678017885
1676678016823,1676678017989
1676678016667,1676678018189
1676678017215,1676678018309
1676678016839,1676678018381
1676678017383,1676678018609
1676678017623,1676678018757
1676678017354,1676678018773
1676678017671,1676678018941
1676678017343,1676678019005
1676678017887,1676678019057
1676678017991,1676678019145
1676678017591,1676678019221
1676678017207,1676678019241
1676678017543,1676678019317
1676678017511,1676678019425
1676678017343,1676678019573
1676678018775,1676678019673
1676678018611,1676678019757
1676678018191,1676678019949
1676678018383,1676678020125
1676678019007,1676678020209
1676678018942,1676678020353
1676678018759,1676678020729
1676678019243,1676678020929
1676678019059,1676678020945
1676678019147,1676678020949
1676678019951,1676678021065
1676678019427,1676678021105
1676678019223,1676678021133
1676678019675,1676678021249
1676678019575,1676678021297
1676678019319,1676678021389
1676678020127,1676678021481
1676678020355,1676678021609
1676678020731,1676678021929
1676678020931,1676678021977
1676678020947,1676678022305
1676678021107,1676678022337
1676678021135,1676678023069
1676678021391,1676678023133
1676678021611,1676678023241
1676678020951,1676678023297
1676678021483,1676678023421
1676678021067,1676678023429
1676678021931,1676678023609
1676678021251,1676678023649
1676678020211,1676678023685
1676678021979,1676678023777
1676678021298,1676678023781
1676678022307,1676678023965
1676678023070,1676678024001
1676678022339,1676678024053
1676678023299,1676678024393
1676678023423,1676678024450
1676678023243,1676678024597
1676678023687,1676678024633
1676678023651,1676678024921
1676678023431,1676678025104
1676678023783,1676678025193
1676678023779,1676678025305
1676678023611,1676678025413
1676678023967,1676678025561
1676678024599,1676678025921
1676678024055,1676678025989
1676678024395,1676678026013
1676678024922,1676678026053
1676678024635,1676678026069
1676678024452,1676678026098
1676678025106,1676678026361
1676678024003,1676678026565
1676678025307,1676678026573
1676678025415,1676678026705
1676678025563,1676678026733
1676678025923,1676678027145
1676678025195,1676678027185
1676678026014,1676678027482
1676678025991,1676678027505
1676678026099,1676678027613
1676678026055,1676678027941
1676678026567,1676678028201
1676678026363,1676678028245
1676678026707,1676678028281
1676678026735,1676678028341
1676678026575,1676678028349
1676678027147,1676678028529
1676678027484,1676678028641
1676678027187,1676678029073
1676678028247,1676678029669
1676678027943,1676678029797
1676678028351,1676678029897
1676678028643,1676678029937
1676678028343,1676678029981
1676678027507,1676678029989
1676678028283,1676678030113
1676678029075,1676678030233
1676678028203,1676678030237
1676678027615,1676678030541
1676678028531,1676678030689
1676678029798,1676678030769
1676678029671,1676678030897
1676678030115,1676678031157
1676678030543,1676678031265
1676678029990,1676678031305
1676678030235,1676678031333
1676678029939,1676678031549
1676678030239,1676678031558
1676678030691,1676678032125
1676678029899,1676678032185
1676678030771,1676678032357
1676678029983,1676678032401
1676678030899,1676678032477
1676678031307,1676678032817
1676678031158,1676678032985
1676678031335,1676678033189
1676678032187,1676678033225
1676678031560,1676678033229
1676678031267,1676678033497
1676678032127,1676678033705
1676678032359,1676678033990
1676678032403,1676678034013
1676678032987,1676678034129
1676678032819,1676678034177
1676678032479,1676678034185
1676678033231,1676678034477
1676678033227,1676678034609
1676678033707,1676678035059
1676678033191,1676678035085
1676678033992,1676678035153
1676678034015,1676678035261
1676678034187,1676678035465
1676678034131,1676678035529
1676678034179,1676678035789
1676678034479,1676678035829
1676678033499,1676678035861
1676678034611,1676678036325
1676678035263,1676678036509
1676678035087,1676678036765
1676678035061,1676678036793
1676678035155,1676678037057
1676678035863,1676678037085
1676678035791,1676678037153
1676678035467,1676678037257
1676678035531,1676678037265
1676678035831,1676678037325
1676678036327,1676678037565
1676678036767,1676678037717
1676678036511,1676678037769
1676678036795,1676678037885
1676678037267,1676678038437
1676678037087,1676678038537
1676678037059,1676678038977
1676678037155,1676678038981
1676678037259,1676678039209
1676678037719,1676678039289
1676678037567,1676678039567
1676678037326,1676678039645
1676678037771,1676678039648
1676678038439,1676678039813
1676678037887,1676678039877
1676678038983,1676678040217
1676678038979,1676678040257
1676678038539,1676678040509
1676678039647,1676678040813
1676678039211,1676678041037
1676678039815,1676678041145
1676678039650,1676678041245
1676678040259,1676678041357
1676678039879,1676678041381
1676678039291,1676678041581
1676678040219,1676678041597
1676678039569,1676678041740
1676678040815,1676678042045
1676678040511,1676678042061
1676678041039,1676678042341
1676678041383,1676678042394
1676678041359,1676678042781
1676678041147,1676678042877
1676678041599,1676678042897
1676678041247,1676678043101
1676678042063,1676678043361
1676678041583,1676678043469
1676678041742,1676678043701
1676678042047,1676678043773
1676678042343,1676678043917
1676678043103,1676678044221
1676678043363,1676678044673
1676678042899,1676678044805
1676678042879,1676678044989
1676678042395,1676678045065
1676678043703,1676678045165
1676678042783,1676678045169
1676678043471,1676678045337
1676678043919,1676678045369
1676678043775,1676678045425
1676678044223,1676678045545
1676678044675,1676678046349
1676678045166,1676678046525
1676678044991,1676678046545
1676678045547,1676678046649
1676678045067,1676678046673
1676678044935,1676678046777
1676678045427,1676678046953
1676678045339,1676678047037
1676678044806,1676678047073
1676678045170,1676678047073
1676678045371,1676678047077
1676678046351,1676678047477
1676678046547,1676678048049
1676678046527,1676678048052
1676678047075,1676678048053
1676678046783,1676678048189
1676678047075,1676678048281
1676678047039,1676678048289
1676678046675,1676678048329
1676678046955,1676678048669
1676678047079,1676678048681
1676678046651,1676678048809
1676678047479,1676678048897
1676678048055,1676678048941
1676678048291,1676678049217
1676678048191,1676678049309
1676678048054,1676678049405
1676678048331,1676678049597
1676678048051,1676678049713
1676678048283,1676678049933
1676678048811,1676678050093
1676678048671,1676678050141
1676678048943,1676678050461
1676678048683,1676678050485
1676678048899,1676678050517
1676678049219,1676678050725
1676678049407,1676678050761
1676678049311,1676678050921
1676678049715,1676678051005
1676678049599,1676678051113
1676678049935,1676678051169
1676678050143,1676678051375
1676678050095,1676678051493
1676678050763,1676678052021
1676678050463,1676678052069
1676678050519,1676678052113
1676678050487,1676678052243
1676678050923,1676678052265
1676678051007,1676678052409
1676678051171,1676678052461
1676678050727,1676678052469
1676678049964,1676678052761
1676678051114,1676678052953
1676678051495,1676678052981
1676678052115,1676678053065
1676678051377,1676678053133
1676678052071,1676678053368
1676678052245,1676678053393
1676678052411,1676678053429
1676678052471,1676678053981
1676678052463,1676678054041
1676678052955,1676678054045
1676678052983,1676678054209
1676678053135,1676678054293
1676678052267,1676678054325
1676678052023,1676678054333
1676678052767,1676678054429
1676678053067,1676678054601
1676678053370,1676678054809
1676678053395,1676678054869
1676678054327,1676678055321
1676678053431,1676678055325
1676678053983,1676678055369
1676678054335,1676678055485
1676678054043,1676678055625
1676678054047,1676678055801
1676678054431,1676678055873
1676678052983,1676678055893
1676678054210,1676678055945
1676678054294,1676678055997
1676678055323,1676678056545
1676678054603,1676678056561
1676678055327,1676678056597
1676678054871,1676678056697
1676678055627,1676678056853
1676678055371,1676678057005
1676678054811,1676678057021
1676678056003,1676678057109
1676678055899,1676678057193
1676678055803,1676678057301
1676678055487,1676678057349
1676678055998,1676678057424
1676678056547,1676678057469
1676678055875,1676678057515
1676678056563,1676678057709
1676678055947,1676678057773
1676678056699,1676678057889
1676678056855,1676678058485
1676678057115,1676678058573
1676678057471,1676678058689
1676678057195,1676678058853
1676678057023,1676678058865
1676678057351,1676678058913
1676678057007,1676678059205
1676678057303,1676678059261
1676678057426,1676678059289
1676678056599,1676678059489
1676678057711,1676678059521
1676678057517,1676678059625
1676678057891,1676678059785
1676678058017,1676678059809
1676678058575,1676678059821
1676678057775,1676678059921
1676678058915,1676678059997
1676678058691,1676678060061
1676678058487,1676678060237
1676678058867,1676678060333
1676678059263,1676678060337
1676678059291,1676678060417
1676678059491,1676678060568
1676678058855,1676678060661
1676678059207,1676678060941
1676678059999,1676678061421
1676678059787,1676678061461
1676678059523,1676678061557
1676678060570,1676678061609
1676678060419,1676678061809
1676678059814,1676678061817
1676678059923,1676678061825
1676678060063,1676678061825
1676678060239,1676678061941
1676678059627,1676678062069
1676678060335,1676678062114
1676678060032,1676678062161
1676678059823,1676678062329
1676678060339,1676678062346
1676678060663,1676678062365
1676678060943,1676678062405
1676678061463,1676678062481
1676678061559,1676678062597
1676678061943,1676678063209
1676678061811,1676678063257
1676678061423,1676678063381
1676678062071,1676678063397
1676678062051,1676678063461
1676678061827,1676678063473
1676678062407,1676678063597
1676678062331,1676678063697
1676678061611,1676678063805
1676678062367,1676678063937
1676678061827,1676678063993
1676678061819,1676678064081
1676678062599,1676678064101
1676678062115,1676678064245
1676678062348,1676678064309
1676678062483,1676678064349
1676678063210,1676678064429
1676678062167,1676678064509
1676678063383,1676678064525
1676678063259,1676678064817
1676678063467,1676678064937
1676678063399,1676678064945
1676678063599,1676678065113
1676678063475,1676678065149
1676678063807,1676678065401
1676678064103,1676678065457
1676678063939,1676678065457
1676678063995,1676678065525
1676678063699,1676678065525
1676678064311,1676678065561
1676678064083,1676678065589
1676678064511,1676678065669
1676678064066,1676678065673
1676678064247,1676678065725
1676678064351,1676678065885
1676678064819,1676678066013
1676678064947,1676678066217
1676678064940,1676678066253
1676678064431,1676678066361
1676678064527,1676678066405
1676678065151,1676678066517
1676678065591,1676678066597
1676678065459,1676678066701
1676678065403,1676678066717
1676678065563,1676678066841
1676678065527,1676678066842
1676678065115,1676678066857
1676678065459,1676678066957
1676678066219,1676678067161
1676678065671,1676678067297
1676678065727,1676678067301
1676678065678,1676678067309
1676678065527,1676678067369
1676678066015,1676678067409
1676678065887,1676678067493
1676678066081,1676678067565
1676678066519,1676678067769
1676678066407,1676678067769
1676678066599,1676678067841
1676678066363,1676678067849
1676678066703,1676678067933
1676678066256,1676678067957
1676678066719,1676678068005
1676678066843,1676678068101
1676678066959,1676678068189
1676678067093,1676678068233
1676678066844,1676678068321
1676678067311,1676678068545
1676678067411,1676678068677
1676678067163,1676678068701
1676678067495,1676678068713
1676678067303,1676678068901
1676678066859,1676678068957
1676678067299,1676678069057
1676678067570,1676678069169
1676678067771,1676678069257
1676678067959,1676678069341
1676678067771,1676678069353
1676678067371,1676678069373
1676678068323,1676678069445
1676678068191,1676678069497
1676678068239,1676678069585
1676678068103,1676678069661
1676678067935,1676678069761
1676678068703,1676678069821
1676678068715,1676678069829
1676678068007,1676678069829
1676678068679,1676678069945
1676678067843,1676678069961
1676678067851,1676678070025
1676678068903,1676678070249
1676678068547,1676678070301
1676678069112,1676678070485
1676678069259,1676678070509
1676678069059,1676678070521
1676678068959,1676678070569
1676678069447,1676678070645
1676678069171,1676678070949
1676678069963,1676678071041
1676678069499,1676678071169
1676678069663,1676678071185
1676678069763,1676678071197
1676678069343,1676678071205
1676678069355,1676678071297
1676678069375,1676678071337
1676678069588,1676678071345
1676678070251,1676678071353
1676678069947,1676678071369
1676678069831,1676678071449
1676678070303,1676678071593
1676678070126,1676678071617
1676678069823,1676678071633
1676678070491,1676678071837
1676678069831,1676678071853
1676678070523,1676678071953
1676678071199,1676678072005
1676678070571,1676678072021
1676678071207,1676678072133
1676678070027,1676678072169
1676678070511,1676678072197
1676678070647,1676678072365
1676678071186,1676678072525
1676678071370,1676678072529
1676678070952,1676678072533
1676678071298,1676678072549
1676678071043,1676678072757
1676678071451,1676678072797
1676678071839,1676678072905
1676678071346,1676678072975
1676678071338,1676678073089
1676678071623,1676678073089
1676678071854,1676678073193
1676678071955,1676678073241
1676678072135,1676678073277
1676678071354,1676678073285
1676678071635,1676678073541
1676678072367,1676678073561
1676678071595,1676678073605
1676678072007,1676678073669
1676678071171,1676678073682
1676678072171,1676678073745
1676678072023,1676678073857
1676678072551,1676678074017
1676678072140,1676678074017
1676678072535,1676678074021
1676678072531,1676678074121
1676678072198,1676678074165
1676678072759,1676678074217
1676678072977,1676678074249
1676678072799,1676678074281
1676678073091,1676678074305
1676678073195,1676678074305
1676678073279,1676678074453
1676678073153,1676678074493
1676678072527,1676678074545
1676678073543,1676678074718
1676678072907,1676678074737
1676678073607,1676678074801
1676678073243,1676678074897
1676678073091,1676678074997
1676678073859,1676678075141
1676678073671,1676678075185
1676678073684,1676678075245
1676678073287,1676678075245
1676678073563,1676678075349
1676678074023,1676678075373
1676678074019,1676678075449
1676678073747,1676678075453
1676678074283,1676678075553
1676678074219,1676678075581
1676678074123,1676678075665
1676678074499,1676678075697
1676678074307,1676678075701
1676678074307,1676678075737
1676678074739,1676678075797
1676678074023,1676678075813
1676678074547,1676678075914
1676678074803,1676678075949
1676678074251,1676678076017
1676678074899,1676678076129
1676678074720,1676678076265
1676678075247,1676678076317
1676678075143,1676678076321
1676678074455,1676678076413
1676678074167,1676678076505
1676678075375,1676678076573
1676678075170,1676678076585
1676678075187,1676678076605
1676678075246,1676678076613
1676678075351,1676678076625
1676678074999,1676678076725
1676678075815,1676678076725
1676678075703,1676678076797
1676678075555,1676678077041
1676678075739,1676678077061
1676678075451,1676678077137
1676678075700,1676678077213
1676678075667,1676678077224
1676678075951,1676678077353
1676678076131,1676678077368
1676678075799,1676678077385
1676678075916,1676678077465
1676678076627,1676678077481
1676678075455,1676678077501
1676678076591,1676678077701
1676678076019,1676678077789
1676678076267,1676678077829
1676678076319,1676678077841
1676678076615,1676678077857
1676678075583,1676678077893
1676678076415,1676678077941
1676678076181,1676678078005
1676678076575,1676678078021
1676678076323,1676678078037
1676678076507,1676678078093
1676678077194,1676678078225
1676678076727,1676678078233
1676678076607,1676678078281
1676678077215,1676678078321
1676678077370,1676678078377
1676678076727,1676678078389
1676678076799,1676678078429
1676678077355,1676678078625
1676678077467,1676678078721
1676678077063,1676678078749
1676678077704,1676678078909
1676678077225,1676678079009
1676678077831,1676678079053
1676678077791,1676678079093
1676678077387,1676678079137
1676678077843,1676678079153
1676678078039,1676678079177
1676678077503,1676678079185
1676678077483,1676678079221
1676678077139,1676678079241
1676678077859,1676678079249
1676678077043,1676678079301
1676678077943,1676678079309
1676678078023,1676678079421
1676678078323,1676678079445
1676678078011,1676678079489
1676678078095,1676678079569
1676678078431,1676678079645
1676678078283,1676678079669
1676678078235,1676678079717
1676678077896,1676678079781
1676678078231,1676678079837
1676678078723,1676678079977
1676678078912,1676678079997
1676678079095,1676678080133
1676678078627,1676678080157
1676678078751,1676678080161
1676678078391,1676678080265
1676678078379,1676678080305
1676678079139,1676678080357
1676678079251,1676678080437
1676678079209,1676678080525
1676678079243,1676678080609
1676678079179,1676678080661
1676678079223,1676678080689
1676678079571,1676678080697
1676678079155,1676678080725
1676678079647,1676678080729
1676678079423,1676678080769
1676678079447,1676678080833
1676678079055,1676678080875
1676678079491,1676678080877
1676678079671,1676678080937
1676678079999,1676678081037
1676678079719,1676678081109
1676678079011,1676678081125
1676678080163,1676678081161
1676678079187,1676678081216
1676678080159,1676678081301
1676678079839,1676678081337
1676678079311,1676678081339
1676678079783,1676678081503
1676678079979,1676678081522
1676678080359,1676678081537
1676678080531,1676678081557
1676678080135,1676678081621
1676678080771,1676678081657
1676678080267,1676678081665
1676678080699,1676678081733
1676678080307,1676678081757
1676678080439,1676678081797
1676678080663,1676678081853
1676678080226,1676678081873
1676678081111,1676678081933
1676678080611,1676678081945
1676678080731,1676678081973
1676678079302,1676678082029
1676678080691,1676678082121
1676678080727,1676678082177
1676678080939,1676678082236
1676678081127,1676678082281
1676678081218,1676678082317
1676678081340,1676678082341
1676678080877,1676678082453
1676678081039,1676678082469
1676678080879,1676678082501
1676678081524,1676678082513
1676678081559,1676678082541
1676678080835,1676678082617
1676678081163,1676678082657
1676678081623,1676678082765
1676678081339,1676678082877
1676678081667,1676678082885
1676678081505,1676678082945
1676678081759,1676678082989
1676678081659,1676678083017
1676678081735,1676678083017
1676678081947,1676678083141
1676678081975,1676678083149
1676678081303,1676678083203
1676678081935,1676678083213
1676678081539,1676678083227
1676678081879,1676678083261
1676678082179,1676678083289
1676678082283,1676678083445
1676678082238,1676678083509
1676678082030,1676678083617
1676678081235,1676678083621
1676678082503,1676678083633
1676678081799,1676678083693
1676678082343,1676678083817
1676678082319,1676678083829
1676678082471,1676678083829
1676678082455,1676678083849
1676678082515,1676678083853
1676678082619,1676678083889
1676678082123,1676678083934
1676678082767,1676678083949
1676678082659,1676678084069
1676678081855,1676678084093
1676678083019,1676678084217
1676678082543,1676678084237
1676678082879,1676678084249
1676678083019,1676678084437
1676678082887,1676678084449
1676678082947,1676678084465
1676678083229,1676678084533
1676678083143,1676678084573
1676678082991,1676678084596
1676678083291,1676678084597
1676678083151,1676678084629
1676678083855,1676678084713
1676678083263,1676678084761
1676678083627,1676678084960
1676678083447,1676678085037
1676678083511,1676678085069
1676678083205,1676678085089
1676678083831,1676678085141
1676678083619,1676678085149
1676678083695,1676678085189
1676678083635,1676678085229
1676678083215,1676678085241
1676678083254,1676678085357
1676678083891,1676678085361
1676678083851,1676678085393
1676678083936,1676678085429
1676678083831,1676678085437
1676678083819,1676678085525
1676678084439,1676678085621
1676678084251,1676678085641
1676678083951,1676678085657
1676678084095,1676678085702
1676678084631,1676678085717
1676678084239,1676678085777
1676678084535,1676678085793
1676678084715,1676678085873
1676678084268,1676678085941
1676678084219,1676678086013
1676678084451,1676678086053
1676678084961,1676678086085
1676678084597,1676678086121
1676678085091,1676678086209
1676678085231,1676678086261
1676678084071,1676678086305
1676678084763,1676678086453
1676678084575,1676678086517
1676678085191,1676678086553
1676678084599,1676678086561
1676678085623,1676678086617
1676678085143,1676678086629
1676678085038,1676678086645
1676678084467,1676678086657
1676678085283,1676678086689
1676678085362,1676678086725
1676678085659,1676678086789
1676678085395,1676678086793
1676678085071,1676678086814
1676678085527,1676678086941
1676678085643,1676678086953
1676678085431,1676678087070
1676678085439,1676678087077
1676678086015,1676678087161
1676678086087,1676678087189
1676678085779,1676678087193
1676678085363,1676678087205
1676678086055,1676678087305
1676678085704,1676678087324
1676678085150,1676678087365
1676678085243,1676678087462
1676678085947,1676678087473
1676678085719,1676678087497
1676678086123,1676678087573
1676678086647,1676678087657
1676678086211,1676678087701
1676678085795,1676678087745
1676678086659,1676678087801
1676678086307,1676678087837
1676678086519,1676678087883
1676678086563,1676678087981
1676678086695,1676678087993
1676678086955,1676678088025
1676678086455,1676678088137
1676678086943,1676678088189
1676678086728,1676678088205
1676678087079,1676678088277
1676678087207,1676678088281
1676678086263,1676678088325
1676678086619,1676678088337
1676678087191,1676678088397
1676678087072,1676678088405
1676678086791,1676678088413
1676678086816,1676678088481
1676678086795,1676678088485
1676678087306,1676678088561
1676678086555,1676678088633
1676678087194,1676678088705
1676678087367,1676678088705
1676678087659,1676678088705
1676678087499,1676678088741
1676678087163,1676678088817
1676678087299,1676678088821
1676678085875,1676678088825
1676678087575,1676678088913
1676678087325,1676678088925
1676678087803,1676678089001
1676678087475,1676678089033
1676678087839,1676678089061
1676678087747,1676678089089
1676678088027,1676678089129
1676678087885,1676678089165
1676678087463,1676678089165
1676678088207,1676678089325
1676678088310,1676678089329
1676678087995,1676678089365
1676678086631,1676678089445
1676678088563,1676678089453
1676678087703,1676678089465
1676678088191,1676678089497
1676678088326,1676678089501
1676678088407,1676678089653
1676678088279,1676678089701
1676678088339,1676678089734
1676678088283,1676678089769
1676678088707,1676678089853
1676678088139,1676678089853
1676678088827,1676678089861
1676678088915,1676678089939
1676678088706,1676678089985
1676678088707,1676678089989
1676678087983,1676678090025
1676678088487,1676678090037
1676678088635,1676678090193
1676678088483,1676678090193
1676678088826,1676678090209
1676678088927,1676678090217
1676678088743,1676678090241
1676678088399,1676678090333
1676678089091,1676678090337
1676678089063,1676678090397
1676678089035,1676678090413
1676678089131,1676678090481
1676678088415,1676678090525
1676678089447,1676678090545
1676678089003,1676678090577
1676678089167,1676678090705
1676678089503,1676678090737
1676678089736,1676678090745
1676678089367,1676678090793
1676678089703,1676678090889
1676678089167,1676678090893
1676678089499,1676678090893
1676678089855,1676678091057
1676678089854,1676678091121
1676678089327,1676678091149
1676678089334,1676678091181
1676678089991,1676678091181
1676678090195,1676678091213
1676678089455,1676678091225
1676678088819,1676678091233
1676678090195,1676678091245
1676678090211,1676678091281
1676678089987,1676678091333
1676678089326,1676678091385
1676678089656,1676678091405
1676678089467,1676678091421
1676678090415,1676678091437
1676678089862,1676678091497
1676678090483,1676678091557
1676678090335,1676678091597
1676678090243,1676678091633
1676678090527,1676678091677
1676678090219,1676678091685
1676678090399,1676678091697
1676678089771,1676678091797
1676678090795,1676678091829
1676678090547,1676678091877
1676678090747,1676678091877
1676678091059,1676678091945
1676678090027,1676678091953
1676678089941,1676678091985
1676678091227,1676678092013
1676678090340,1676678092017
1676678090039,1676678092045
1676678090339,1676678092109
1676678090579,1676678092129
1676678090739,1676678092205
1676678090895,1676678092305
1676678091335,1676678092428
1676678090891,1676678092441
1676678091423,1676678092505
1676678091183,1676678092545
1676678091235,1676678092561
1676678091559,1676678092597
1676678091151,1676678092625
1676678091183,1676678092709
1676678091215,1676678092861
1676678091699,1676678092889
1676678091635,1676678092921
1676678090895,1676678092941
1676678091498,1676678092949
1676678090707,1676678092973
1676678091123,1676678093021
1676678091439,1676678093113
1676678091947,1676678093149
1676678091283,1676678093165
1676678091247,1676678093169
1676678091407,1676678093173
1676678091679,1676678093197
1676678092015,1676678093205
1676678092022,1676678093209
1676678091955,1676678093285
1676678091879,1676678093297
1676678091799,1676678093309
1676678091390,1676678093417
1676678091599,1676678093433
1676678092207,1676678093469
1676678091687,1676678093473
1676678091987,1676678093477
1676678092047,1676678093529
1676678091831,1676678093557
1676678092507,1676678093561
1676678092429,1676678093645
1676678092131,1676678093673
1676678092307,1676678093741
1676678092563,1676678093745
1676678092627,1676678093781
1676678091879,1676678093805
1676678092443,1676678093829
1676678092111,1676678093913
1676678092353,1676678094009
1676678092891,1676678094053
1676678093211,1676678094061
1676678092975,1676678094081
1676678093115,1676678094097
1676678092547,1676678094105
1676678093167,1676678094249
1676678092599,1676678094337
1676678093171,1676678094365
1676678092951,1676678094505
1676678093435,1676678094565
1676678093207,1676678094573
1676678093531,1676678094601
1676678092863,1676678094606
1676678092943,1676678094621
1676678092923,1676678094649
1676678092711,1676678094673
1676678093151,1676678094709
1676678093475,1676678094773
1676678093287,1676678094809
1676678093747,1676678094817
1676678093479,1676678094881
1676678093366,1676678094889
1676678093022,1676678094897
1676678093311,1676678094921
1676678093419,1676678094937
1676678093559,1676678094941
1676678093915,1676678095053
1676678093807,1676678095081
1676678093743,1676678095097
1676678093563,1676678095117
1676678093647,1676678095137
1676678093831,1676678095169
1676678093783,1676678095201
1676678093675,1676678095245
1676678094055,1676678095293
1676678094015,1676678095297
1676678093199,1676678095357
1676678093175,1676678095377
1676678094099,1676678095393
1676678093471,1676678095393
1676678094083,1676678095413
1676678094063,1676678095509
1676678094603,1676678095553
1676678094566,1676678095613
1676678094367,1676678095657
1676678093299,1676678095657
1676678094608,1676678095669
1676678094107,1676678095689
1676678094507,1676678095741
1676678094251,1676678095828
1676678094575,1676678095937
1676678094775,1676678095969
1676678094675,1676678096005
1676678094899,1676678096009
1676678094622,1676678096021
1676678094943,1676678096073
1676678094382,1676678096149
1676678095203,1676678096153
1676678094894,1676678096181
1676678094339,1676678096225
1676678095083,1676678096297
1676678095379,1676678096338
1676678094650,1676678096353
1676678095395,1676678096388
1676678095055,1676678096389
1676678094711,1676678096521
1676678095360,1676678096617
1676678094883,1676678096641
1676678095119,1676678096715
1676678094819,1676678096717
1676678095171,1676678096757
1676678094939,1676678096769
1676678095295,1676678096825
1676678095659,1676678096837
1676678095415,1676678096861
1676678095511,1676678096865
1676678095395,1676678096877
1676678095299,1676678096889
1676678095099,1676678096925
1676678095139,1676678096937
1676678095830,1676678097002
1676678095742,1676678097077
1676678095615,1676678097081
1676678094811,1676678097090
1676678095555,1676678097137
1676678094923,1676678097165
1676678095671,1676678097213
1676678095659,1676678097221
1676678095691,1676678097237
1676678096075,1676678097265
1676678095939,1676678097265
1676678095971,1676678097426
1676678096183,1676678097485
1676678095247,1676678097509
1676678096007,1676678097521
1676678096397,1676678097525
1676678096643,1676678097569
1676678096022,1676678097593
1676678096227,1676678097593
1676678096155,1676678097753
1676678096340,1676678097765
1676678096155,1676678097801
1676678096390,1676678097853
1676678096717,1676678097853
1676678096391,1676678097905
1676678096719,1676678097917
1676678096523,1676678097977
1676678096619,1676678097981
1676678096771,1676678098013
1676678096879,1676678098073
1676678096355,1676678098081
1676678096827,1676678098089
1676678096927,1676678098229
1676678097239,1676678098259
1676678097083,1676678098337
1676678096299,1676678098337
1676678096939,1676678098361
1676678096839,1676678098425
1676678096867,1676678098445
1676678097139,1676678098469
1676678096891,1676678098481
1676678097215,1676678098505
1676678096863,1676678098565
1676678097511,1676678098613
1676678097530,1676678098641
1676678097267,1676678098662
1676678097092,1676678098673
1676678097079,1676678098705
1676678097223,1676678098769
1676678097523,1676678098773
1676678097767,1676678098809
1676678097919,1676678098845
1676678097409,1676678098853
1676678097004,1676678098885
1676678097595,1676678098901
1676678096011,1676678098977
1676678097428,1676678098997
1676678097855,1676678099045
1676678097803,1676678099045
1676678096759,1676678099049
1676678097487,1676678099169
1676678097595,1676678099229
1676678098261,1676678099245
1676678097267,1676678099317
1676678097167,1676678099333
1676678097979,1676678099369
1676678097756,1676678099401
1676678098083,1676678099485
1676678098363,1676678099504
1676678098091,1676678099509
1676678097983,1676678099513
1676678097855,1676678099593
1676678098422,1676678099622
1676678097571,1676678099698
1676678098075,1676678099817
1676678098483,1676678099845
1676678098447,1676678099857
1676678098339,1676678099861
1676678098427,1676678099949
1676678098811,1676678099981
1676678098339,1676678099989
1676678098664,1676678099997
1676678098231,1676678100009
1676678098567,1676678100025
1676678097907,1676678100053
1676678098847,1676678100065
1676678098471,1676678100221
1676678098643,1676678100237
1676678098859,1676678100245
1676678099047,1676678100273
1676678098015,1676678100293
1676678098707,1676678100305
1676678098887,1676678100305
1676678099247,1676678100317
1676678098775,1676678100329
1676678098979,1676678100353
1676678099171,1676678100381
1676678098507,1676678100381
1676678099334,1676678100389
1676678098903,1676678100449
1676678099371,1676678100525
1676678098615,1676678100571
1676678099487,1676678100629
1676678099231,1676678100669
1676678098999,1676678100674
1676678098771,1676678100717
1676678098675,1676678100729
1676678099318,1676678100789
1676678099627,1676678100805
1676678099051,1676678100829
1676678099515,1676678100885
1676678099047,1676678100921
1676678099510,1676678100933
1676678099403,1676678100977
1676678099700,1676678101014
1676678099847,1676678101069
1676678099595,1676678101101
1676678099863,1676678101121
1676678100247,1676678101133
1676678099950,1676678101142
1676678099859,1676678101229
1676678099998,1676678101229
1676678100011,1676678101253
1676678099819,1676678101261
1676678100295,1676678101269
1676678100055,1676678101369
1676678099983,1676678101377
1676678100319,1676678101377
1676678100307,1676678101432
1676678100027,1676678101477
1676678099505,1676678101549
1676678100391,1676678101561
1676678100434,1676678101569
1676678100307,1676678101641
1676678100382,1676678101645
1676678100331,1676678101665
1676678100223,1676678101701
1676678099991,1676678101741
1676678100572,1676678101769
1676678100066,1676678101817
1676678100383,1676678101877
1676678100631,1676678101881
1676678100935,1676678101893
1676678100275,1676678101977
1676678100354,1676678102017
1676678100239,1676678102029
1676678100831,1676678102033
1676678100527,1676678102049
1676678100676,1676678102109
1676678101263,1676678102141
1676678100450,1676678102157
1676678100979,1676678102181
1676678100791,1676678102261
1676678100807,1676678102277
1676678100719,1676678102281
1676678101071,1676678102297
1676678101271,1676678102325
1676678101231,1676678102377
1676678101017,1676678102457
1676678101379,1676678102482
1676678101379,1676678102525
1676678100671,1676678102581
1676678100887,1676678102593
1676678101123,1676678102601
1676678100731,1676678102617
1676678101646,1676678102657
1676678101445,1676678102685
1676678101144,1676678102689
1676678100923,1676678102689
1676678101643,1676678102705
1676678101255,1676678102773
1676678101563,1676678102829
1676678101135,1676678102829
1676678101666,1676678102845
1676678101103,1676678102861
1676678101818,1676678102897
1676678102019,1676678102909
1676678101433,1676678102909
1676678101478,1676678102965
1676678102031,1676678103021
1676678102035,1676678103025
1676678101770,1676678103061
1676678101551,1676678103065
1676678101231,1676678103081
1676678101879,1676678103081
1676678102143,1676678103141
1676678102283,1676678103165
1676678101743,1676678103201
1676678101703,1676678103237
1676678102158,1676678103293
1676678101979,1676678103348
1676678101883,1676678103369
1676678102263,1676678103405
1676678102527,1676678103493
1676678102327,1676678103501
1676678101573,1676678103569
1676678102379,1676678103589
1676678102279,1676678103617
1676678102457,1676678103621
1676678102183,1676678103633
1676678101370,1676678103697
1676678102691,1676678103733
1676678102691,1676678103749
1676678102299,1676678103749
1676678102459,1676678103777
1676678102111,1676678103782
1676678102659,1676678103801
1676678102595,1676678103877
1676678101895,1676678103949
1676678102911,1676678103957
1676678102691,1676678103973
1676678102775,1676678104037
1676678102911,1676678104049
1676678102863,1676678104061
1676678102707,1676678104142
1676678102831,1676678104169
1676678102051,1676678104221
1676678103083,1676678104261
1676678102831,1676678104261
1676678102603,1676678104277
1676678102619,1676678104293
1676678103067,1676678104317
1676678102583,1676678104361
1676678103495,1676678104389
1676678103295,1676678104417
1676678103063,1676678104441
1676678103407,1676678104445
1676678103167,1676678104457
1676678103083,1676678104525
1676678103143,1676678104573
1676678102847,1676678104577
1676678102899,1676678104617
1676678103619,1676678104621
1676678103503,1676678104637
1676678102967,1676678104637
1676678103027,1676678104645
1676678102484,1676678104669
1676678103351,1676678104713
1676678103239,1676678104717
1676678103203,1676678104817
1676678103023,1676678104829
1676678103591,1676678104849
1676678103803,1676678104861
1676678103371,1676678104877
1676678103627,1676678104929
1676678103751,1676678104937
1676678103571,1676678104961
1676678104051,1676678105017
1676678103735,1676678105048
1676678103699,1676678105057
1676678103952,1676678105061
1676678103975,1676678105089
1676678103635,1676678105101
1676678103751,1676678105149
1676678104263,1676678105197
1676678103784,1676678105285
1676678104263,1676678105357
1676678104459,1676678105393
1676678104223,1676678105433
1676678104063,1676678105481
1676678104639,1676678105529
1676678104039,1676678105546
1676678104319,1676678105589
1676678103779,1676678105617
1676678104443,1676678105673
1676678104391,1676678105713
1676678104527,1676678105809
1676678104363,1676678105817
1676678104575,1676678105829
1676678104295,1676678105841
1676678104618,1676678105857
1676678104279,1676678105862
1676678104145,1676678105925
1676678104647,1676678105933
1676678104830,1676678105977
1676678104623,1676678105981
1676678104862,1676678106005
1676678104719,1676678106021
1676678104171,1676678106065
1676678103959,1676678106085
1676678103879,1676678106085
1676678104419,1676678106093
1676678104474,1676678106205
1676678104579,1676678106212
1676678104931,1676678106257
1676678105091,1676678106285
1676678104939,1676678106297
1676678105063,1676678106397
1676678105395,1676678106425
1676678104639,1676678106468
1676678105019,1676678106472
1676678104447,1676678106473
1676678105590,1676678106489
1676678104715,1676678106497
1676678105151,1676678106509
1676678105103,1676678106541
1676678105435,1676678106581
1676678104671,1676678106593
1676678105359,1676678106621
1676678104850,1676678106661
1676678105487,1676678106665
1676678105199,1676678106705
1676678104963,1676678106717
1676678105619,1676678106737
1676678105287,1676678106773
1676678104818,1676678106781
1676678105715,1676678106785
1676678105530,1676678106797
1676678105483,1676678106837
1676678105050,1676678106845
1676678105811,1676678106873
1676678105675,1676678106905
1676678105548,1676678106921
1676678105979,1676678106925
1676678105059,1676678106937
1676678106023,1676678106996
1676678104879,1676678107024
1676678106087,1676678107129
1676678105859,1676678107133
1676678105864,1676678107135
1676678105983,1676678107201
1676678106007,1676678107229
1676678105935,1676678107249
1676678106543,1676678107261
1676678106067,1676678107333
1676678105831,1676678107381
1676678106473,1676678107457
1676678105927,1676678107469
1676678106259,1676678107481
1676678106299,1676678107488
1676678106214,1676678107585
1676678106595,1676678107642
1676678106087,1676678107657
1676678106211,1676678107661
1676678105819,1676678107673
1676678106671,1676678107745
1676678106927,1676678107813
1676678106287,1676678107813
1676678106839,1676678107873
1676678106511,1676678107881
1676678107026,1676678107981
1676678106719,1676678107997
1676678106739,1676678107997
1676678106923,1676678108049
1676678106095,1676678108061
1676678106623,1676678108069
1676678107131,1676678108077
1676678106399,1676678108100
1676678106583,1676678108105
1676678106499,1676678108121
1676678106491,1676678108165
1676678106775,1676678108221
1676678106875,1676678108257
1676678107203,1676678108257
1676678106907,1676678108269
1676678106787,1676678108349
1676678106783,1676678108365
1676678106427,1676678108385
1676678106707,1676678108413
1676678107137,1676678108453
1676678106998,1676678108453
1676678106847,1676678108485
1676678106663,1676678108513
1676678106470,1676678108541
1676678106475,1676678108562
1676678107334,1676678108585
1676678105843,1676678108597
1676678107134,1676678108633
1676678107489,1676678108725
1676678107483,1676678108729
1676678107471,1676678108753
1676678107230,1676678108757
1676678107263,1676678108785
1676678107250,1676678108821
1676678107663,1676678108933
1676678106799,1676678108934
1676678107383,1676678108945
1676678107659,1676678109005
1676678107674,1676678109029
1676678107458,1676678109037
1676678107644,1676678109101
1676678107747,1676678109121
1676678107815,1676678109145
1676678108123,1676678109145
1676678107815,1676678109145
1676678106939,1676678109181
1676678107883,1676678109205
1676678107586,1676678109241
1676678107999,1676678109265
1676678107983,1676678109305
1676678108223,1676678109306
1676678107875,1676678109369
1676678108051,1676678109377
1676678107499,1676678109393
1676678108063,1676678109409
1676678108351,1676678109433
1676678108259,1676678109469
1676678108102,1676678109481
1676678108387,1676678109557
1676678108107,1676678109581
1676678108271,1676678109597
1676678108079,1676678109617
1676678108415,1676678109665
1676678108167,1676678109669
1676678108515,1676678109713
1676678108787,1676678109737
1676678107999,1676678109805
1676678108455,1676678109865
1676678108598,1676678109871
1676678108935,1676678109877
1676678108564,1676678109895
1676678108487,1676678109913
1676678108587,1676678109937
1676678108367,1676678109941
1676678108635,1676678109969
1676678108515,1676678109977
1676678108071,1676678110009
1676678109242,1676678110053
1676678108455,1676678110102
1676678109399,1676678110125
1676678108731,1676678110293
1676678108727,1676678110309
1676678108259,1676678110325
1676678108823,1676678110337
1676678109267,1676678110381
1676678109207,1676678110409
1676678109183,1676678110437
1676678108543,1676678110445
1676678109031,1676678110469
1676678109307,1676678110473
1676678109147,1676678110473
1676678109147,1676678110477
1676678109039,1676678110501
1676678108755,1676678110521
1676678109147,1676678110533
1676678109103,1676678110550
1676678108935,1676678110553
1676678108947,1676678110561
1676678109471,1676678110601
1676678109123,1676678110617
1676678109371,1676678110661
1676678109879,1676678110713
1676678109619,1676678110741
1676678108759,1676678110769
1676678109007,1676678110770
1676678109599,1676678110789
1676678109435,1676678110849
1676678110055,1676678110905
1676678109897,1676678110909
1676678109559,1676678110913
1676678109308,1676678110954
1676678109379,1676678110973
1676678109411,1676678111005
1676678109807,1676678111017
1676678109739,1676678111093
1676678110104,1676678111101
1676678109873,1676678111121
1676678109667,1676678111145
1676678109583,1676678111181
1676678109867,1676678111185
1676678109715,1676678111229
1676678109483,1676678111249
1676678109671,1676678111289
1676678109943,1676678111345
1676678109983,1676678111373
1676678110439,1676678111565
1676678110411,1676678111565
1676678110663,1676678111573
1676678110552,1676678111573
1676678109915,1676678111581
1676678110447,1676678111589
1676678110311,1676678111605
1676678110602,1676678111681
1676678109971,1676678111685
1676678110475,1676678111685
1676678110295,1676678111697
1676678109938,1676678111701
1676678110851,1676678111797
1676678110475,1676678111833
1676678110127,1676678111866
1676678110479,1676678111901
1676678110327,1676678111929
1676678110563,1676678111973
1676678110384,1676678111973
1676678110791,1676678111981
1676678110771,1676678112045
1676678110531,1676678112045
1676678110535,1676678112061
1676678110743,1676678112081
1676678110523,1676678112105
1676678110911,1676678112117
1676678110956,1676678112141
1676678110619,1676678112141
1676678111007,1676678112164
1676678110555,1676678112197
1676678111183,1676678112209
1676678110471,1676678112253
1676678110503,1676678112265
1676678111103,1676678112289
1676678110772,1676678112309
1676678110011,1676678112341
1676678110715,1676678112401
1676678111019,1676678112405
1676678110339,1676678112429
1676678111606,1676678112453
1676678110907,1676678112501
1676678110915,1676678112525
1676678111699,1676678112557
1676678111591,1676678112597
1676678111231,1676678112665
1676678111123,1676678112733
1676678110975,1676678112777
1676678111095,1676678112797
1676678111291,1676678112804
1676678111575,1676678112805
1676678111574,1676678112809
1676678111187,1676678112813
1676678111687,1676678112821
1676678111147,1676678112913
1676678111251,1676678112965
1676678111931,1676678112969
1676678111567,1676678112981
1676678111682,1676678112981
1676678111347,1676678113013
1676678111983,1676678113017
1676678111583,1676678113021
1676678111375,1676678113021
1676678112083,1676678113161
1676678111975,1676678113261
1676678111799,1676678113277
1676678111703,1676678113281
1676678111903,1676678113313
1676678111867,1676678113341
1676678112047,1676678113341
1676678111835,1676678113341
1676678111567,1676678113349
1676678112166,1676678113361
1676678112211,1676678113365
1676678112143,1676678113445
1676678112143,1676678113469
1676678112051,1676678113521
1676678112199,1676678113557
1676678111544,1676678113569
1676678112267,1676678113577
1676678112255,1676678113585
1676678112107,1676678113613
1676678112527,1676678113625
1676678112343,1676678113701
1676678112407,1676678113735
1676678112119,1676678113825
1676678111975,1676678113833
1676678112806,1676678113853
1676678111686,1676678113865
1676678112063,1676678113917
1676678112403,1676678113925
1676678112311,1676678114001
1676678112735,1676678114029
1676678112431,1676678114037
1676678112503,1676678114069
1676678112982,1676678114081
1676678112814,1676678114105
1676678112967,1676678114125
1676678112667,1676678114133
1676678112598,1676678114169
1676678112971,1676678114225
1676678112558,1676678114253
1676678113019,1676678114293
1676678113015,1676678114305
1676678112799,1676678114345
1676678113351,1676678114349
1676678113263,1676678114361
1676678112823,1676678114373
1676678112811,1676678114381
1676678112779,1676678114413
1676678113163,1676678114417
1676678113283,1676678114497
1676678113343,1676678114529
1676678112455,1676678114565
1676678113447,1676678114565
1676678112915,1676678114602
1676678112807,1676678114621
1676678113579,1676678114665
1676678113523,1676678114677
1676678113703,1676678114745
1676678113343,1676678114757
1676678113559,1676678114761
1676678113315,1676678114781
1676678112983,1676678114861
1676678113562,1676678114881
1676678112291,1676678114929
1676678113827,1676678114989
1676678113023,1676678115005
1676678113367,1676678115019
1676678113615,1676678115077
1676678113919,1676678115085
1676678113343,1676678115093
1676678113627,1676678115113
1676678114083,1676678115117
1676678113363,1676678115120
1676678113867,1676678115205
1676678113737,1676678115209
1676678114039,1676678115249
1676678113023,1676678115345
1676678113573,1676678115352
1676678113279,1676678115381
1676678113927,1676678115385
1676678114003,1676678115477
1676678114135,1676678115477
1676678113835,1676678115561
1676678114375,1676678115589
1676678114419,1676678115601
1676678114295,1676678115641
1676678114031,1676678115681
1676678113471,1676678115721
1676678113587,1676678115729
1676678114351,1676678115729
1676678114383,1676678115745
1676678114623,1676678115785
1676678114415,1676678115833
1676678114603,1676678115857
1676678114863,1676678115889
1676678114107,1676678115901
1676678114566,1676678115909
1676678114567,1676678115929
1676678114347,1676678115941
1676678114307,1676678115949
1676678114254,1676678115957
1676678114763,1676678116081
1676678114499,1676678116085
1676678114363,1676678116093
1676678114227,1676678116113
1676678113855,1676678116121
1676678114071,1676678116129
1676678114783,1676678116141
1676678114127,1676678116169
1676678114887,1676678116217
1676678115119,1676678116249
1676678114171,1676678116305
1676678114991,1676678116309
1676678115121,1676678116313
1676678115211,1676678116377
1676678114759,1676678116405
1676678115079,1676678116421
1676678114679,1676678116429
1676678115251,1676678116477
1676678114531,1676678116501
1676678115354,1676678116509
1676678115115,1676678116597
1676678115021,1676678116617
1676678114667,1676678116637
1676678115723,1676678116645
1676678115207,1676678116657
1676678115731,1676678116689
1676678114931,1676678116701
1676678115383,1676678116717
1676678115581,1676678116814
1676678115387,1676678116841
1676678115347,1676678116933
1676678115087,1676678116946
1676678115479,1676678116989
1676678114747,1676678116989
1676678115007,1676678116997
1676678115095,1676678117037
1676678115603,1676678117057
1676678115903,1676678117061
1676678115958,1676678117069
1676678115747,1676678117121
1676678116171,1676678117129
1676678115479,1676678117133
1676678115731,1676678117153
1676678116083,1676678117229
1676678116123,1676678117233
1676678115858,1676678117297
1676678115643,1676678117309
1676678115683,1676678117349
1676678116115,1676678117353
1676678115835,1676678117381
1676678116095,1676678117401
1676678116307,1676678117409
1676678116131,1676678117425
1676678115931,1676678117445
1676678116087,1676678117486
1676678116311,1676678117491
1676678115591,1676678117529
1676678116719,1676678117533
1676678115891,1676678117577
1676678116219,1676678117577
1676678115787,1676678117609
1676678116503,1676678117613
1676678116690,1676678117660
1676678116251,1676678117681
1676678116315,1676678117705
1676678115563,1676678117725
1676678115911,1676678117781
1676678115951,1676678117781
1676678115943,1676678117789
1676678116407,1676678117833
1676678116143,1676678117837
1676678116511,1676678117873
1676678116479,1676678117885
1676678116431,1676678117893
1676678116703,1676678117961
1676678116843,1676678118037
1676678116647,1676678118137
1676678116659,1676678118141
1676678116598,1676678118173
1676678116423,1676678118173
1676678116935,1676678118233
1676678116991,1676678118233
1676678116639,1676678118305
1676678116991,1676678118317
1676678117231,1676678118337
1676678116379,1676678118393
1676678117071,1676678118397
1676678116820,1676678118457
1676678117134,1676678118473
1676678117039,1676678118473
1676678117059,1676678118537
1676678116999,1676678118573
1676678117403,1676678118577
1676678116619,1676678118625
1676678117123,1676678118637
1676678117488,1676678118645
1676678117131,1676678118653
1676678116948,1676678118654
1676678117447,1676678118665
1676678117298,1676678118685
1676678117611,1676678118705
1676678117155,1676678118729
1676678117234,1676678118789
1676678117427,1676678118801
1676678117383,1676678118853
1676678117311,1676678118877
1676678117411,1676678118921
1676678117351,1676678118937
1676678117063,1676678118953
1676678117661,1676678119045
1676678117727,1676678119065
1676678117875,1676678119065
1676678117493,1676678119069
1676678117783,1676678119069
1676678117706,1676678119085
1676678117887,1676678119133
1676678117964,1676678119141
1676678117791,1676678119149
1676678117603,1676678119161
1676678117579,1676678119165
1676678117531,1676678119188
1676678117355,1676678119205
1676678117683,1676678119229
1676678117783,1676678119329
1676678117579,1676678119337
1676678117615,1676678119346
1676678117839,1676678119357
1676678117895,1676678119432
1676678117535,1676678119438
1676678118235,1676678119462
1676678117835,1676678119463
1676678118575,1676678119537
1676678118339,1676678119557
1676678118307,1676678119565
1676678118143,1676678119601
1676678118459,1676678119669
1676678118656,1676678119681
1676678118039,1676678119685
1676678118475,1676678119753
1676678118647,1676678119837
1676678118627,1676678119841
1676678118707,1676678119929
1676678118539,1676678119993
1676678118139,1676678119993
1676678118638,1676678120049
1676678118395,1676678120053
1676678118319,1676678120126
1676678119151,1676678120137
1676678118579,1676678120137
1676678118234,1676678120189
1676678118175,1676678120209
1676678119046,1676678120218
1676678118399,1676678120221
1676678119143,1676678120229
1676678119189,1676678120249
1676678118175,1676678120261
1676678118855,1676678120341
1676678118654,1676678120353
1676678119087,1676678120369
1676678118939,1676678120387
1676678118955,1676678120405
1676678118687,1676678120429
1676678119207,1676678120449
1676678119071,1676678120481
1676678119067,1676678120489
1676678119167,1676678120585
1676678118879,1676678120596
1676678118803,1676678120637
1676678119166,1676678120637
1676678119434,1676678120649
1676678119440,1676678120658
1676678119067,1676678120676
1676678119339,1676678120677
1676678119135,1676678120685
1676678118475,1676678120696
1676678119559,1676678120705
1676678118791,1676678120705
1676678118923,1676678120720
1676678119071,1676678120745
1676678119539,1676678120845
1676678119843,1676678120869
1676678118667,1676678120885
1676678119686,1676678120913
1676678119231,1676678120957
1676678119995,1676678120973
1676678119347,1676678120981
1676678119622,1676678121001
1676678119465,1676678121030
1676678119331,1676678121085
1676678119465,1676678121089
1676678120191,1676678121169
1676678119838,1676678121173
1676678119755,1676678121193
1676678120232,1676678121213
1676678119682,1676678121221
1676678118730,1676678121353
1676678119359,1676678121408
1676678119931,1676678121413
1676678120220,1676678121425
1676678120389,1676678121433
1676678120263,1676678121437
1676678120223,1676678121456
1676678120055,1676678121497
1676678120051,1676678121505
1676678120343,1676678121521
1676678120128,1676678121529
1676678120660,1676678121601
1676678120371,1676678121681
1676678119995,1676678121689
1676678120407,1676678121801
1676678120721,1676678121825
1676678120678,1676678121841
1676678119603,1676678121881
1676678120959,1676678121909
1676678120483,1676678121985
1676678120211,1676678121993
1676678120639,1676678121993
1676678119566,1676678122033
1676678120587,1676678122033
1676678120871,1676678122053
1676678121032,1676678122098
1676678120846,1676678122101
1676678120698,1676678122109
1676678120639,1676678122133
1676678119671,1676678122173
1676678120491,1676678122189
1676678120687,1676678122201
1676678120139,1676678122205
1676678120451,1676678122233
1676678120679,1676678122253
1676678120983,1676678122269
1676678120707,1676678122281
1676678120915,1676678122285
1676678120251,1676678122289
1676678120975,1676678122297
1676678120747,1676678122313
1676678120706,1676678122349
1676678120431,1676678122361
1676678120355,1676678122365
1676678120887,1676678122377
1676678121506,1676678122433
1676678120598,1676678122485
1676678121087,1676678122501
1676678120139,1676678122513
1676678121007,1676678122523
1676678121091,1676678122537
1676678121215,1676678122557
1676678121223,1676678122605
1676678120651,1676678122665
1676678121499,1676678122665
1676678121458,1676678122673
1676678121175,1676678122733
1676678121803,1676678122748
1676678121639,1676678122785
1676678121426,1676678122821
1676678121414,1676678122869
1676678121195,1676678122893
1676678121434,1676678122961
1676678121171,1676678122981
1676678121530,1676678122985
1676678121410,1676678123025
1676678121355,1676678123045
1676678121439,1676678123106
1676678122207,1676678123141
1676678121602,1676678123141
1676678121682,1676678123169
1676678121843,1676678123193
1676678121691,1676678123237
1676678122235,1676678123269
1676678121882,1676678123281
1676678122035,1676678123301
1676678122035,1676678123320
1676678121523,1676678123337
1676678122100,1676678123369
1676678121827,1676678123389
1676678122055,1676678123397
1676678122175,1676678123441
1676678122103,1676678123461
1676678122191,1676678123497
1676678122525,1676678123553
1676678122255,1676678123569
1676678122366,1676678123601
1676678121995,1676678123605
1676678122299,1676678123605
1676678121986,1676678123609
1676678121995,1676678123617
1676678122315,1676678123693
1676678122282,1676678123705
1676678122271,1676678123709
1676678122539,1676678123709
1676678122111,1676678123721
1676678122503,1676678123761
1676678121910,1676678123777
1676678122135,1676678123781
1676678122286,1676678123805
1676678122291,1676678123841
1676678122362,1676678123861
1676678122378,1676678123869
1676678122749,1676678123889
1676678122667,1676678123897
1676678122203,1676678123905
1676678122350,1676678123913
1676678122983,1676678123969
1676678122823,1676678123985
1676678122675,1676678124141
1676678122963,1676678124145
1676678123047,1676678124181
1676678122559,1676678124185
1676678122735,1676678124253
1676678123108,1676678124263
1676678122487,1676678124301
1676678122435,1676678124305
1676678123171,1676678124337
1676678123143,1676678124377
1676678122515,1676678124384
1676678123027,1676678124413
1676678123195,1676678124429
1676678122667,1676678124465
1676678123321,1676678124549
1676678122986,1676678124553
1676678123571,1676678124565
1676678123611,1676678124785
1676678123711,1676678124805
1676678123338,1676678124817
1676678122871,1676678124841
1676678123723,1676678124869
1676678123695,1676678124889
1676678123607,1676678124889
1676678123462,1676678124909
1676678123271,1676678124933
1676678123303,1676678124945
1676678122792,1676678124946
1676678123619,1676678124977
1676678123371,1676678124985
1676678122607,1676678124985
1676678122895,1676678125013
1676678123239,1676678125017
1676678123143,1676678125021
1676678123391,1676678125041
1676678123398,1676678125085
1676678123987,1676678125133
1676678123899,1676678125141
1676678123442,1676678125173
1676678123711,1676678125200
1676678123607,1676678125212
1676678123499,1676678125217
1676678123971,1676678125229
1676678123807,1676678125229
1676678123907,1676678125285
1676678123555,1676678125309
1676678124415,1676678125313
1676678123763,1676678125373
1676678123707,1676678125389
1676678123603,1676678125417
1676678123779,1676678125441
1676678124187,1676678125485
1676678124386,1676678125489
1676678124143,1676678125497
1676678123871,1676678125509
1676678123283,1676678125521
1676678124307,1676678125569
1676678124184,1676678125577
1676678123891,1676678125597
1676678124379,1676678125598
1676678124567,1676678125613
1676678123915,1676678125621
1676678124303,1676678125629
1676678124555,1676678125637
1676678123782,1676678125713
1676678124255,1676678125764
1676678123863,1676678125777
1676678123843,1676678125837
1676678124147,1676678125865
1676678124467,1676678125929
1676678124911,1676678125965
1676678124948,1676678126013
1676678124843,1676678126021
1676678124807,1676678126086
1676678124431,1676678126101
1676678124987,1676678126125
1676678124871,1676678126145
1676678124339,1676678126205
1676678124265,1676678126205
1676678124819,1676678126225
1676678125287,1676678126305
1676678124947,1676678126317
1676678124787,1676678126381
1676678124979,1676678126393
1676678125143,1676678126433
1676678125391,1676678126477
1676678124665,1676678126497
1676678124935,1676678126501
1676678125311,1676678126537
1676678125779,1676678126548
1676678124891,1676678126549
1676678125175,1676678126585
1676678125023,1676678126585
1676678124987,1676678126609
1676678125087,1676678126621
1676678125839,1676678126637
1676678125214,1676678126670
1676678125443,1676678126705
1676678125523,1676678126713
1676678125043,1676678126737
1676678124551,1676678126761
1676678125135,1676678126777
1676678125202,1676678126809
1676678125615,1676678126857
1676678124891,1676678126857
1676678125219,1676678126869
1676678125599,1676678126873
1676678125375,1676678126893
1676678125511,1676678126909
1676678125315,1676678126917
1676678125491,1676678126937
1676678125601,1676678126949
1676678125578,1676678126973
1676678125015,1676678126973
1676678125231,1676678127061
1676678125487,1676678127117
1676678125019,1676678127125
1676678125571,1676678127134
1676678125419,1676678127145
1676678125631,1676678127169
1676678125499,1676678127237
1676678125715,1676678127257
1676678125639,1676678127297
1676678126103,1676678127353
1676678126147,1676678127361
1676678126207,1676678127373
1676678126015,1676678127381
1676678126127,1676678127393
1676678126307,1676678127393
1676678125967,1676678127421
1676678126088,1676678127472
1676678125231,1676678127473
1676678125931,1676678127521
1676678126023,1676678127526
1676678126395,1676678127577
1676678125765,1676678127609
1676678126319,1676678127685
1676678125867,1676678127697
1676678126587,1676678127733
1676678125623,1676678127737
1676678126738,1676678127737
1676678126610,1676678127761
1676678126550,1676678127764
1676678126227,1676678127789
1676678126639,1676678127841
1676678126707,1676678127841
1676678126479,1676678127845
1676678126859,1676678127862
1676678126551,1676678127977
1676678126503,1676678127991
1676678126207,1676678127993
1676678126778,1676678128009
1676678126672,1676678128029
1676678126623,1676678128093
1676678126859,1676678128133
1676678126503,1676678128149
1676678126919,1676678128153
1676678126587,1676678128221
1676678126435,1676678128253
1676678126951,1676678128289
1676678126911,1676678128293
1676678126875,1676678128321
1676678126871,1676678128378
1676678127395,1676678128381
1676678126763,1676678128433
1676678126975,1676678128441
1676678126714,1676678128473
1676678127375,1676678128497
1676678126975,1676678128513
1676678126811,1676678128513
1676678127147,1676678128540
1676678126895,1676678128589
1676678126939,1676678128609
1676678126539,1676678128625
1676678127528,1676678128657
1676678127063,1676678128665
1676678126383,1676678128673
1676678127363,1676678128693
1676678127611,1676678128705
1676678127240,1676678128717
1676678127119,1676678128753
1676678127299,1676678128777
1676678127136,1676678128825
1676678127383,1676678128833
1676678127423,1676678128845
1676678127523,1676678128886
1676678127699,1676678128905
1676678127579,1676678128905
1676678127395,1676678128913
1676678127127,1676678128961
1676678127687,1676678128965
1676678127763,1676678128965
1676678127843,1676678128977
1676678127791,1676678128981
1676678128095,1676678129001
1676678127843,1676678129097
1676678128135,1676678129101
1676678127171,1676678129121
1676678127355,1676678129144
1676678127739,1676678129157
1676678128155,1676678129169
1676678128031,1676678129177
1676678128011,1676678129253
1676678127259,1676678129305
1676678127864,1676678129309
1676678128151,1676678129349
1676678127847,1676678129355
1676678127735,1676678129385
1676678127475,1676678129393
1676678127993,1676678129393
1676678128542,1676678129445
1676678127683,1676678129480
1676678128223,1676678129525
1676678127739,1676678129537
1676678127474,1676678129549
1676678128675,1676678129589
1676678127765,1676678129677
1676678128515,1676678129701
1676678128323,1676678129709
1676678128380,1676678129741
1676678128295,1676678129757
1676678128659,1676678129797
1676678127995,1676678129853
1676678128383,1676678129869
1676678128627,1676678129881
1676678128755,1676678129885
1676678128827,1676678129925
1676678128611,1676678129953
1676678128291,1676678129973
1676678128443,1676678129986
1676678128707,1676678130005
1676678128515,1676678130009
1676678127979,1676678130029
1676678128474,1676678130041
1676678128967,1676678130053
1676678128719,1676678130089
1676678128695,1676678130101
1676678128666,1676678130129
1676678128499,1676678130157
1676678128847,1676678130157
1676678128907,1676678130197
1676678128887,1676678130237
1676678128835,1676678130253
1676678128778,1676678130297
1676678128983,1676678130309
1676678128255,1676678130373
1676678128916,1676678130377
1676678128979,1676678130377
1676678129539,1676678130425
1676678129123,1676678130465
1676678129103,1676678130485
1676678129356,1676678130513
1676678129099,1676678130517
1676678128591,1676678130572
1676678129179,1676678130585
1676678129387,1676678130585
1676678129003,1676678130645
1676678128963,1676678130657
1676678129255,1676678130673
1676678129759,1676678130708
1676678128435,1676678130721
1676678129526,1676678130773
1676678129146,1676678130781
1676678128967,1676678130797
1676678129679,1676678130800
1676678129883,1676678130801
1676678129485,1676678130841
1676678128907,1676678130857
1676678129799,1676678130857
1676678129703,1676678130897
1676678129447,1676678130905
1676678129871,1676678130933
1676678129306,1676678130941
1676678129394,1676678130969
1676678129159,1676678130985
1676678129311,1676678130989
1676678129395,1676678130990
1676678130043,1676678131021
1676678129927,1676678131061
1676678129171,1676678131075
1676678129743,1676678131089
1676678130103,1676678131209
1676678130055,1676678131265
1676678129955,1676678131281
1676678130299,1676678131297
1676678130199,1676678131301
1676678129711,1676678131369
1676678129855,1676678131381
1676678129591,1676678131405
1676678130379,1676678131477
1676678129887,1676678131485
1676678130311,1676678131497
1676678130379,1676678131525
1676678130254,1676678131537
1676678130091,1676678131552
1676678129551,1676678131569
1676678130518,1676678131577
1676678130011,1676678131581
1676678130159,1676678131629
1676678130515,1676678131629
1676678129975,1676678131637
1676678130007,1676678131641
1676678130427,1676678131649
1676678130131,1676678131657
1676678130467,1676678131745
1676678130159,1676678131769
1676678130802,1676678131833
1676678130899,1676678131885
1676678130774,1676678131893
1676678130239,1676678131897
1676678130987,1676678131945
1676678130647,1676678131973
1676678129988,1676678131981
1676678130031,1676678131989
1676678130859,1676678132045
1676678130573,1676678132049
1676678130935,1676678132065
1676678130487,1676678132077
1676678130375,1676678132081
1676678130586,1676678132087
1676678130971,1676678132101
1676678129351,1676678132137
1676678130709,1676678132145
1676678130843,1676678132161
1676678130783,1676678132177
1676678130586,1676678132193
1676678130992,1676678132221
1676678131077,1676678132229
1676678130801,1676678132229
1676678130659,1676678132237
1676678131063,1676678132281
1676678130675,1676678132325
1676678130722,1676678132405
1676678130859,1676678132405
1676678130942,1676678132413
1676678131571,1676678132432
1676678130798,1676678132433
1676678130991,1676678132453
1676678130907,1676678132457
1676678131283,1676678132481
1676678131579,1676678132585
1676678131211,1676678132585
1676678131303,1676678132589
1676678131651,1676678132649
1676678131631,1676678132669
1676678131383,1676678132708
1676678131771,1676678132765
1676678131091,1676678132774
1676678131499,1676678132789
1676678131539,1676678132801
1676678131487,1676678132817
1676678131947,1676678132829
1676678131371,1676678132859
1676678131407,1676678132917
1676678131643,1676678132957
1676678131659,1676678132969
1676678131746,1676678133065
1676678131631,1676678133097
1676678131299,1676678133117
1676678131023,1676678133126
1676678131895,1676678133129
1676678132047,1676678133145
1676678132089,1676678133181
1676678132079,1676678133213
1676678132231,1676678133273
1676678131527,1676678133281
1676678131887,1676678133305
1676678131554,1676678133317
1676678131899,1676678133333
1676678131638,1676678133337
1676678132103,1676678133373
1676678131583,1676678133381
1676678131983,1676678133389
1676678131975,1676678133413
1676678132139,1676678133425
1676678132223,1676678133465
1676678131268,1676678133481
1676678132239,1676678133505
1676678132051,1676678133519
1676678132147,1676678133561
1676678132283,1676678133561
1676678131479,1676678133569
1676678131991,1676678133573
1676678132483,1676678133681
1676678132459,1676678133681
1676678132670,1676678133717
1676678132179,1676678133737
1676678132067,1676678133741
1676678132591,1676678133789
1676678131835,1676678133801
1676678132083,1676678133813
1676678132407,1676678133821
1676678132231,1676678133841
1676678132455,1676678133853
1676678132163,1676678133901
1676678132803,1676678133921
1676678132587,1676678133941
1676678132327,1676678133945
1676678132194,1676678133961
1676678132434,1676678134029
1676678132775,1676678134045
1676678132414,1676678134069
1676678132790,1676678134069
1676678132406,1676678134073
1676678132707,1676678134074
1676678132651,1676678134133
1676678132861,1676678134157
1676678132587,1676678134189
1676678132919,1676678134189
1676678132767,1676678134249
1676678133099,1676678134280
1676678132435,1676678134305
1676678132819,1676678134325
1676678133182,1676678134329
1676678133307,1676678134373
1676678132971,1676678134381
1676678133318,1676678134425
1676678133067,1676678134429
1676678133215,1676678134437
1676678132709,1676678134441
1676678133119,1676678134445
1676678133390,1676678134446
1676678133339,1676678134449
1676678133147,1676678134469
1676678133743,1676678134604
1676678133506,1676678134637
1676678133127,1676678134649
1676678133335,1676678134689
1676678132831,1676678134713
1676678133383,1676678134717
1676678133427,1676678134761
1676678132959,1676678134813
1676678133282,1676678134833
1676678133466,1676678134865
1676678133719,1676678134889
1676678133275,1676678134933
1676678133947,1676678134961
1676678133843,1676678135029
1676678133822,1676678135053
1676678133563,1676678135081
1676678133683,1676678135097
1676678133130,1676678135109
1676678133375,1676678135121
1676678134080,1676678135133
1676678133482,1676678135205
1676678134071,1676678135217
1676678133803,1676678135233
1676678133415,1676678135249
1676678133815,1676678135254
1676678133562,1676678135277
1676678133683,1676678135289
1676678133571,1676678135301
1676678133855,1676678135305
1676678134282,1676678135401
1676678133923,1676678135433
1676678133943,1676678135457
1676678134159,1676678135457
1676678133963,1676678135473
1676678134327,1676678135501
1676678133739,1676678135513
1676678134191,1676678135521
1676678133903,1676678135537
1676678134071,1676678135601
1676678134191,1676678135613
1676678133520,1676678135617
1676678134451,1676678135673
1676678133575,1676678135685
1676678134135,1676678135685
1676678134251,1676678135689
1676678134375,1676678135693
1676678134031,1676678135713
1676678134447,1676678135790
1676678134307,1676678135790
1676678134935,1676678135873
1676678134431,1676678135881
1676678134331,1676678135886
1676678134427,1676678135897
1676678134890,1676678135905
1676678134448,1676678135937
1676678134383,1676678135949
1676678134443,1676678135989
1676678134047,1676678136001
1676678133790,1676678136009
1676678134606,1676678136041
1676678134762,1676678136114
1676678134691,1676678136121
1676678134075,1676678136173
1676678134471,1676678136189
1676678135031,1676678136217
1676678135099,1676678136253
1676678134651,1676678136269
1676678134639,1676678136297
1676678134867,1676678136308
1676678135111,1676678136329
1676678134439,1676678136393
1676678135207,1676678136417
1676678135083,1676678136449
1676678134963,1676678136521
1676678134835,1676678136541
1676678135291,1676678136577
1676678135135,1676678136585
1676678135459,1676678136609
1676678135279,1676678136629
1676678135403,1676678136645
1676678135307,1676678136669
1676678134719,1676678136713
1676678135235,1676678136733
1676678134814,1676678136737
1676678134715,1676678136760
1676678135055,1676678136773
1676678135687,1676678136809
1676678135218,1676678136814
1676678135523,1676678136825
1676678135691,1676678136837
1676678135251,1676678136861
1676678135303,1676678136873
1676678136003,1676678136897
1676678135435,1676678136929
1676678135475,1676678136974
1676678135792,1676678136988
1676678135514,1676678137005
1676678135695,1676678137005
1676678135503,1676678137013
1676678136011,1676678137025
1676678135256,1676678137033
1676678135539,1676678137037
1676678135459,1676678137093
1676678135792,1676678137105
1676678135883,1676678137137
1676678135899,1676678137157
1676678135123,1676678137157
1676678135687,1676678137161
1676678135603,1676678137185
1676678135875,1676678137257
1676678135939,1676678137265
1676678135715,1676678137273
1676678135888,1676678137349
1676678135615,1676678137425
1676678136116,1676678137465
1676678135675,1676678137489
1676678136270,1676678137493
1676678136330,1676678137513
1676678136123,1676678137525
1676678136219,1676678137581
1676678136043,1676678137633
1676678136191,1676678137637
1676678136255,1676678137653
1676678136671,1676678137657
1676678136418,1676678137669
1676678135619,1676678137673
1676678136395,1676678137725
1676678136299,1676678137773
1676678136761,1676678137837
1676678135907,1676678137838
1676678136810,1676678137849
1676678136175,1676678137873
1676678136309,1676678137889
1676678137107,1676678137909
1676678135951,1676678137913
1676678136450,1676678137933
1676678135991,1676678137933
1676678136587,1676678137981
1676678136611,1676678138013
1676678137159,1676678138021
1676678136827,1676678138033
1676678137027,1676678138037
1676678136631,1676678138077
1676678136523,1676678138081
1676678137035,1676678138089
1676678136875,1676678138101
1676678136815,1676678138141
1676678137007,1676678138145
1676678136839,1676678138197
1676678137275,1676678138213
1676678136714,1676678138229
1676678137095,1676678138301
1676678136775,1676678138309
1676678137039,1676678138313
1676678136931,1676678138320
1676678136990,1676678138361
1676678136738,1676678138373
1676678137007,1676678138405
1676678136863,1676678138412
1676678136542,1676678138497
1676678137259,1676678138561
1676678136579,1676678138569
1676678137351,1676678138589
1676678136735,1676678138621
1676678137187,1676678138685
1676678137015,1676678138717
1676678136646,1676678138737
1676678137267,1676678138745
1676678137139,1676678138761
1676678137675,1676678138821
1676678137583,1676678138833
1676678137163,1676678138845
1676678137655,1676678138845
1676678137427,1676678138853
1676678137491,1676678138857
1676678137635,1676678138877
1676678137467,1676678138885
1676678137775,1676678138889
1676678137659,1676678138897
1676678137495,1676678138929
1676678137639,1676678138989
1676678137159,1676678139061
1676678136976,1676678139069
1676678138083,1676678139176
1676678137671,1676678139181
1676678137727,1676678139183
1676678138015,1676678139217
1676678137983,1676678139245
1676678137875,1676678139289
1676678137915,1676678139305
1676678138091,1676678139321
1676678137514,1676678139341
1676678137851,1676678139349
1676678138147,1676678139353
1676678136899,1676678139362
1676678137840,1676678139369
1676678138023,1676678139417
1676678137839,1676678139421
1676678138303,1676678139441
1676678137911,1676678139453
1676678138591,1676678139477
1676678138199,1676678139481
1676678138363,1676678139497
1676678138215,1676678139497
1676678138414,1676678139501
1676678137527,1676678139597
1676678138407,1676678139621
1676678138103,1676678139649
1676678137891,1676678139717
1676678138143,1676678139722
1676678138375,1676678139765
1676678138571,1676678139789
1676678138315,1676678139801
1676678137935,1676678139813
1676678138079,1676678139841
1676678137934,1676678139889
1676678138887,1676678139921
1676678138687,1676678139925
1676678138747,1676678139965
1676678138322,1676678139993
1676678138035,1676678140005
1676678138623,1676678140033
1676678138739,1676678140061
1676678138879,1676678140065
1676678138563,1676678140073
1676678139183,1676678140081
1676678138835,1676678140085
1676678138931,1676678140093
1676678138822,1676678140121
1676678138231,1676678140181
1676678138891,1676678140189
1676678138498,1676678140197
1676678139247,1676678140201
1676678138311,1676678140241
1676678138899,1676678140305
1676678139364,1676678140305
1676678138847,1676678140309
1676678138763,1676678140313
1676678138039,1676678140377
1676678139178,1676678140385
1676678138991,1676678140435
1676678139219,1676678140481
1676678139455,1676678140481
1676678138846,1676678140489
1676678139323,1676678140521
1676678139483,1676678140533
1676678139499,1676678140577
1676678139185,1676678140581
1676678139306,1676678140615
1676678138855,1676678140665
1676678138719,1676678140677
1676678139479,1676678140713
1676678138859,1676678140729
1676678139291,1676678140793
1676678139423,1676678140797
1676678139343,1676678140833
1676678139355,1676678140857
1676678139803,1676678140897
1676678139443,1676678140909
1676678139767,1676678140923
1676678139063,1676678140961
1676678140063,1676678141005
1676678139419,1676678141009
1676678139351,1676678141017
1676678139723,1676678141025
1676678139651,1676678141029
1676678139499,1676678141057
1676678139072,1676678141061
1676678139599,1676678141105
1676678139623,1676678141109
1676678140123,1676678141237
1676678140007,1676678141237
1676678139371,1676678141249
1676678139890,1676678141277
1676678139967,1676678141281
1676678140075,1676678141317
1676678140184,1676678141321
1676678139927,1676678141345
1676678140067,1676678141353
1676678140095,1676678141373
1676678140083,1676678141377
1676678139995,1676678141381
1676678139719,1676678141489
1676678140086,1676678141509
1676678140436,1676678141578
1676678140035,1676678141593
1676678139922,1676678141609
1676678140379,1676678141616
1676678140199,1676678141621
1676678140203,1676678141649
1676678139814,1676678141681
1676678140307,1676678141697
1676678140483,1676678141757
1676678139503,1676678141773
1676678140731,1676678141817
1676678140311,1676678141825
1676678140243,1676678141845
1676678140307,1676678141845
1676678140535,1676678141873
1676678139842,1676678141893
1676678140315,1676678141913
1676678139791,1676678141933
1676678140799,1676678141941
1676678140483,1676678141969
1676678140962,1676678141969
1676678140579,1676678141997
1676678141019,1676678141997
1676678140617,1676678142033
1676678141031,1676678142057
1676678140911,1676678142105
1676678140191,1676678142185
1676678140715,1676678142193
1676678140925,1676678142209
1676678141239,1676678142209
1676678141011,1676678142221
1676678140679,1676678142221
1676678140523,1676678142255
1676678140491,1676678142269
1676678140667,1676678142281
1676678140387,1676678142325
1676678140859,1676678142337
1676678141355,1676678142341
1676678140583,1676678142381
1676678141064,1676678142393
1676678141107,1676678142401
1676678141283,1676678142453
1676678141007,1676678142457
1676678140834,1676678142509
1676678141239,1676678142533
1676678141027,1676678142601
1676678141379,1676678142612
1676678140794,1676678142629
1676678141383,1676678142645
1676678141623,1676678142661
1676678140898,1676678142717
1676678141323,1676678142717
1676678141611,1676678142733
1676678141059,1676678142745
1676678141319,1676678142753
1676678141279,1676678142753
1676678141650,1676678142789
1676678141251,1676678142833
1676678141775,1676678142833
1676678141579,1676678142861
1676678141698,1676678142861
1676678141347,1676678142989
1676678141971,1676678143021
1676678141595,1676678143025
1676678141943,1676678143053
1676678141999,1676678143069
1676678142187,1676678143073
1676678141999,1676678143081
1676678141819,1676678143105
1676678142327,1676678143121
1676678141375,1676678143133
1676678141847,1676678143146
1676678141915,1676678143153
1676678141618,1676678143201
1676678142195,1676678143201
1676678141846,1676678143257
1676678141511,1676678143325
1676678142271,1676678143353
1676678141935,1676678143381
1676678142211,1676678143409
1676678142107,1676678143413
1676678141111,1676678143437
1676678142059,1676678143445
1676678142257,1676678143477
1676678141971,1676678143485
1676678142035,1676678143485
1676678142339,1676678143525
1676678142343,1676678143545
1676678141875,1676678143549
1676678142383,1676678143581
1676678141827,1676678143613
1676678141683,1676678143617
1676678142455,1676678143629
1676678141491,1676678143645
1676678142283,1676678143669
1676678142222,1676678143717
1676678142663,1676678143725
1676678142395,1676678143737
1676678142756,1676678143849
1676678141759,1676678143857
1676678142459,1676678143861
1676678142402,1676678143897
1676678142834,1676678143925
1676678142211,1676678143977
1676678142603,1676678143977
1676678142223,1676678143977
1676678142862,1676678144017
1676678142511,1676678144025
1676678142631,1676678144097
1676678142614,1676678144105
1676678142991,1676678144109
1676678141895,1676678144165
1676678142647,1676678144169
1676678142719,1676678144169
1676678143023,1676678144193
1676678142790,1676678144265
1676678143083,1676678144281
1676678143123,1676678144321
1676678143327,1676678144353
1676678143027,1676678144409
1676678142719,1676678144417
1676678143148,1676678144417
1676678143055,1676678144425
1676678142735,1676678144435
1676678143487,1676678144509
1676678143155,1676678144517
1676678142863,1676678144521
1676678143355,1676678144529
1676678142835,1676678144529
1676678143203,1676678144549
1676678143135,1676678144573
1676678143107,1676678144629
1676678142535,1676678144665
1676678143071,1676678144673
1676678143383,1676678144682
1676678143411,1676678144689
1676678143647,1676678144737
1676678142747,1676678144753
1676678143075,1676678144765
1676678143203,1676678144769
1676678143259,1676678144821
1676678143671,1676678144829
1676678143851,1676678144837
1676678144099,1676678144910
1676678143547,1676678144930
1676678143631,1676678145005
1676678143527,1676678145009
1676678142755,1676678145013
1676678143927,1676678145021
1676678143551,1676678145033
1676678143487,1676678145037
1676678143447,1676678145045
1676678143439,1676678145053
1676678143863,1676678145061
1676678143898,1676678145093
1676678143979,1676678145121
1676678143415,1676678145122
1676678143727,1676678145133
1676678143615,1676678145177
1676678143583,1676678145185
1676678143479,1676678145241
1676678143979,1676678145297
1676678144107,1676678145297
1676678143619,1676678145321
1676678143859,1676678145329
1676678143980,1676678145337
1676678144171,1676678145373
1676678144531,1676678145505
1676678143719,1676678145509
1676678144410,1676678145525
1676678144171,1676678145541
1676678144166,1676678145601
1676678144322,1676678145602
1676678144027,1676678145638
1676678144511,1676678145641
1676678144427,1676678145650
1676678144283,1676678145669
1676678144418,1676678145709
1676678144631,1676678145721
1676678144523,1676678145725
1676678144267,1676678145757
1676678144195,1676678145765
1676678144354,1676678145777
1676678145038,1676678145801
1676678144691,1676678145837
1676678144667,1676678145845
1676678144111,1676678145857
1676678144575,1676678145885
1676678143739,1676678145893
1676678144019,1676678145957
1676678144831,1676678146049
1676678144531,1676678146061
1676678145055,1676678146081
1676678145015,1676678146129
1676678144419,1676678146133
1676678145023,1676678146137
1676678144675,1676678146141
1676678145035,1676678146253
1676678144771,1676678146253
1676678145323,1676678146341
1676678145123,1676678146341
1676678145178,1676678146341
1676678145047,1676678146453
1676678144437,1676678146453
1676678145007,1676678146521
1676678145339,1676678146541
1676678144684,1676678146661
1676678145652,1676678146670
1676678145243,1676678146741
1676678145124,1676678146745
1676678145187,1676678146768
1676678144931,1676678146777
1676678145603,1676678146825
1676678144551,1676678146877
1676678145299,1676678146897
1676678145375,1676678146901
1676678145640,1676678146913
1676678144823,1676678146917
1676678145331,1676678146941
1676678144739,1676678147001
1676678145299,1676678147021
1676678144519,1676678147022
1676678145723,1676678147065
1676678145063,1676678147073
1676678144755,1676678147085
1676678144839,1676678147085
1676678145095,1676678147097
1676678145671,1676678147113
1676678145135,1676678147133
1676678145011,1676678147173
1676678145767,1676678147189
1676678145527,1676678147189
1676678145507,1676678147197
1676678145858,1676678147229
1676678145604,1676678147233
1676678145759,1676678147309
1676678145887,1676678147309
1676678144912,1676678147313
1676678145839,1676678147317
1676678145727,1676678147351
1676678145846,1676678147417
1676678145779,1676678147425
1676678145959,1676678147473
1676678146135,1676678147477
1676678146131,1676678147502
1676678146063,1676678147553
1676678146083,1676678147577
1676678145543,1676678147645
1676678145643,1676678147677
1676678146343,1676678147681
1676678146342,1676678147685
1676678145802,1676678147721
1676678145511,1676678147729
1676678146747,1676678147733
1676678146255,1676678147753
1676678145711,1676678147801
1676678146143,1676678147809
1676678146255,1676678147841
1676678145895,1676678147878
1676678146523,1676678147881
1676678146743,1676678147885
1676678147023,1676678147985
1676678146052,1676678148009
1676678146663,1676678148069
1676678146455,1676678148081
1676678147191,1676678148097
1676678146455,1676678148097
1676678146139,1676678148129
1676678146543,1676678148137
1676678146943,1676678148161
1676678147135,1676678148181
1676678146770,1676678148225
1676678146919,1676678148261
1676678146343,1676678148265
1676678147075,1676678148285
1676678146899,1676678148325
1676678147087,1676678148354
1676678146827,1676678148357
1676678146779,1676678148369
1676678146915,1676678148373
1676678147319,1676678148405
1676678146879,1676678148409
1676678147235,1676678148421
1676678147191,1676678148429
1676678147199,1676678148429
1676678146673,1676678148437
1676678147115,1676678148485
1676678147353,1676678148497
1676678147003,1676678148525
1676678147555,1676678148573
1676678147311,1676678148585
1676678147099,1676678148629
1676678147175,1676678148681
1676678147842,1676678148689
1676678147067,1676678148713
1676678147475,1676678148729
1676678147503,1676678148737
1676678147427,1676678148745
1676678146903,1676678148745
1676678147579,1676678148781
1676678147419,1676678148853
1676678147315,1676678148857
1676678147687,1676678148900
1676678147803,1676678148905
1676678147024,1676678148922
1676678147087,1676678148937
1676678147311,1676678148953
1676678147731,1676678149050
1676678147647,1676678149077
1676678147683,1676678149085
1676678147754,1676678149097
1676678147231,1676678149153
1676678147735,1676678149161
1676678148131,1676678149165
1676678147679,1676678149169
1676678147810,1676678149245
1676678148139,1676678149253
1676678148083,1676678149325
1676678148407,1676678149333
1676678148359,1676678149401
1676678148011,1676678149409
1676678148287,1676678149450
1676678148099,1676678149461
1676678148183,1676678149465
1676678147880,1676678149477
1676678148099,1676678149505
1676678147882,1676678149545
1676678148071,1676678149569
1676678147479,1676678149573
1676678147987,1676678149597
1676678148263,1676678149625
1676678148783,1676678149629
1676678148631,1676678149693
1676678148439,1676678149693
1676678148431,1676678149753
1676678148327,1676678149765
1676678148907,1676678149797
1676678148411,1676678149801
1676678148163,1676678149845
1676678147723,1676678149853
1676678148575,1676678149893
1676678148371,1676678149945
1676678148431,1676678149949
1676678148375,1676678149957
1676678148267,1676678149961
1676678148747,1676678149961
1676678148739,1676678150037
1676678149052,1676678150049
1676678148227,1676678150073
1676678148356,1676678150109
1676678148855,1676678150113
1676678148715,1676678150117
1676678148747,1676678150173
1676678149163,1676678150181
1676678148939,1676678150225
1676678147886,1676678150253
1676678148499,1676678150273
1676678148527,1676678150305
1676678149087,1676678150337
1676678148423,1676678150345
1676678149155,1676678150401
1676678149403,1676678150437
1676678149167,1676678150444
1676678148487,1676678150453
1676678149411,1676678150457
1676678149079,1676678150465
1676678149452,1676678150465
1676678148683,1676678150473
1676678148859,1676678150489
1676678148691,1676678150492
1676678149571,1676678150505
1676678148902,1676678150509
1676678149547,1676678150517
1676678149335,1676678150521
1676678148955,1676678150573
1676678148731,1676678150645
1676678148924,1676678150661
1676678149099,1676678150673
1676678148587,1676678150693
1676678149507,1676678150697
1676678149172,1676678150704
1676678149255,1676678150729
1676678149575,1676678150789
1676678149247,1676678150789
1676678149846,1676678150873
1676678149630,1676678150894
1676678149462,1676678150941
1676678149479,1676678150989
1676678149696,1676678150993
1676678149599,1676678151001
1676678149327,1676678151001
1676678149855,1676678151077
1676678149895,1676678151101
1676678150039,1676678151114
1676678149466,1676678151133
1676678150227,1676678151161
1676678150119,1676678151165
1676678149963,1676678151193
1676678149947,1676678151225
1676678149627,1676678151229
1676678150115,1676678151230
1676678149755,1676678151277
1676678150111,1676678151349
1676678149962,1676678151357
1676678150339,1676678151385
1676678150183,1676678151409
1676678149799,1676678151425
1676678149695,1676678151449
1676678150075,1676678151492
1676678149951,1676678151526
1676678150275,1676678151553
1676678150347,1676678151601
1676678150307,1676678151661
1676678149766,1676678151692
1676678150575,1676678151693
1676678150474,1676678151705
1676678150458,1676678151712
1676678150518,1676678151745
1676678150175,1676678151745
1676678150698,1676678151829
1676678150523,1676678151897
1676678150466,1676678151913
1676678150491,1676678151937
1676678150255,1676678152013
1676678150647,1676678152033
1676678149959,1676678152049
1676678150051,1676678152073
1676678150663,1676678152093
1676678150454,1676678152125
1676678150731,1676678152129
1676678150896,1676678152133
1676678151003,1676678152193
1676678150467,1676678152217
1676678150403,1676678152257
1676678150493,1676678152317
1676678150791,1676678152337
1676678150695,1676678152381
1676678150510,1676678152381
1676678150874,1676678152401
1676678151359,1676678152449
1676678151003,1676678152477
1676678150674,1676678152489
1676678150445,1676678152493
1676678151103,1676678152493
1676678150990,1676678152497
1676678151135,1676678152497
1676678150507,1676678152509
1676678150791,1676678152513
1676678151227,1676678152513
1676678150943,1676678152533
1676678151116,1676678152557
1676678151387,1676678152593
1676678151195,1676678152609
1676678150995,1676678152649
1676678151079,1676678152653
1676678151279,1676678152681
1676678151695,1676678152713
1676678151167,1676678152717
1676678151231,1676678152725
1676678151714,1676678152773
1676678151694,1676678152821
1676678151707,1676678152861
1676678150438,1676678152877
1676678151603,1676678152901
1676678150706,1676678152921
1676678151411,1676678152949
1676678151163,1676678152953
1676678151231,1676678152965
1676678151747,1676678152965
1676678151351,1676678152973
1676678151494,1676678152997
1676678151427,1676678153017
1676678151528,1676678153129
1676678151663,1676678153133
1676678151899,1676678153161
1676678151939,1676678153241
1676678152135,1676678153281
1676678151555,1676678153309
1676678151451,1676678153365
1676678152127,1676678153365
1676678152015,1676678153373
1676678151915,1676678153393
1676678151747,1676678153429
1676678152219,1676678153453
1676678152515,1676678153457
1676678152075,1676678153461
1676678152382,1676678153477
1676678152535,1676678153585
1676678152511,1676678153593
1676678152051,1676678153613
1676678152259,1676678153641
1676678152499,1676678153645
1676678151831,1676678153661
1676678152035,1676678153677
1676678152611,1676678153689
1676678152195,1676678153729
1676678152491,1676678153741
1676678152595,1676678153741
1676678152515,1676678153757
1676678152318,1676678153777
1676678152095,1676678153849
1676678152495,1676678153853
1676678152382,1676678153869
1676678152967,1676678153877
1676678152339,1676678153905
1676678152402,1676678153921
1676678152478,1676678154049
1676678152495,1676678154053
1676678152651,1676678154057
1676678152775,1676678154093
1676678152879,1676678154137
1676678152726,1676678154141
1676678152683,1676678154146
1676678152923,1676678154165
1676678152862,1676678154184
1676678152967,1676678154217
1676678152451,1676678154221
1676678152559,1676678154229
1676678152999,1676678154245
1676678153367,1676678154261
1676678152715,1676678154277
1676678152654,1676678154297
1676678153375,1676678154341
1676678152951,1676678154357
1676678153131,1676678154389
1676678152498,1676678154409
1676678153243,1676678154433
1676678152955,1676678154445
1676678152719,1676678154449
1676678153019,1676678154461
1676678153366,1676678154461
1676678153135,1676678154521
1676678153163,1676678154557
1676678152131,1676678154588
1676678153743,1676678154617
1676678153455,1676678154617
1676678152903,1676678154661
1676678153587,1676678154669
1676678153395,1676678154741
1676678153595,1676678154753
1676678152975,1676678154765
1676678153663,1676678154773
1676678153283,1676678154813
1676678152822,1676678154841
1676678153479,1676678154893
1676678153431,1676678154895
1676678153691,1676678154901
1676678153646,1676678154953
1676678153459,1676678154985
1676678153759,1676678155013
1676678153871,1676678155073
1676678154186,1676678155137
1676678154143,1676678155165
1676678153311,1676678155184
1676678154140,1676678155209
1676678154223,1676678155210
1676678153643,1676678155214
1676678153907,1676678155221
1676678153679,1676678155226
1676678153854,1676678155249
1676678153879,1676678155250
1676678153463,1676678155253
1676678153731,1676678155269
1676678154219,1676678155297
1676678154095,1676678155301
1676678154167,1676678155317
1676678154343,1676678155329
1676678153851,1676678155353
1676678153614,1676678155361
1676678154148,1676678155410
1676678154359,1676678155529
1676678154435,1676678155557
1676678153923,1676678155558
1676678154059,1676678155565
1676678154523,1676678155617
1676678153779,1676678155629
1676678154671,1676678155633
1676678154590,1676678155653
1676678154055,1676678155689
1676678154391,1676678155701
1676678154451,1676678155709
1676678154463,1676678155741
1676678154051,1676678155757
1676678154462,1676678155757
1676678154756,1676678155789
1676678154231,1676678155833
1676678154279,1676678155865
1676678154955,1676678155881
1676678154663,1676678155900
1676678154743,1676678155933
1676678154767,1676678155993
1676678154299,1676678156009
1676678154897,1676678156030
1676678154619,1676678156061
1676678154447,1676678156078
1676678155223,1676678156097
1676678154619,1676678156201
1676678155251,1676678156216
1676678154411,1676678156233
1676678154903,1676678156253
1676678155186,1676678156265
1676678155075,1676678156303
1676678154775,1676678156345
1676678154263,1676678156449
1676678155015,1676678156477
1676678155412,1676678156481
1676678154559,1676678156496
1676678155210,1676678156502
1676678155558,1676678156569
1676678155319,1676678156585
1676678155255,1676678156653
1676678155167,1676678156669
1676678155363,1676678156677
1676678155531,1676678156705
1676678155251,1676678156745
1676678154843,1676678156753
1676678155212,1676678156777
1676678155567,1676678156777
1676678155867,1676678156780
1676678155271,1676678156781
1676678155216,1676678156809
1676678155835,1676678156833
1676678155759,1676678156837
1676678155299,1676678156869
1676678155228,1676678156877
1676678155331,1676678156913
1676678155635,1676678156941
1676678155995,1676678156980
1676678155303,1676678156985
1676678155935,1676678156989
1676678154247,1676678157043
1676678154987,1676678157053
1676678154815,1676678157077
1676678155139,1676678157081
1676678155791,1676678157089
1676678155711,1676678157105
1676678156031,1676678157113
1676678155901,1676678157253
1676678155355,1676678157305
1676678155743,1676678157321
1676678155631,1676678157331
1676678156063,1676678157341
1676678155759,1676678157349
1676678156305,1676678157405
1676678156011,1676678157409
1676678156080,1676678157449
1676678156479,1676678157453
1676678156255,1676678157457
1676678155655,1676678157509
1676678155703,1676678157525
1676678155691,1676678157529
1676678155559,1676678157613
1676678155619,1676678157657
1676678155883,1676678157661
1676678156811,1676678157669
1676678156203,1676678157704
1676678156499,1676678157713
1676678156483,1676678157757
1676678156504,1676678157809
1676678156783,1676678157817
1676678156586,1676678157825
1676678156267,1676678157893
1676678156782,1676678157917
1676678156451,1676678157973
1676678156779,1676678158013
1676678156671,1676678158045
1676678156839,1676678158065
1676678156099,1676678158121
1676678156218,1676678158129
1676678156990,1676678158141
1676678156747,1676678158157
1676678156915,1676678158265
1676678156835,1676678158273
1676678156879,1676678158297
1676678156570,1676678158308
1676678156943,1676678158385
1676678156707,1676678158389
1676678156755,1676678158391
1676678156871,1676678158397
1676678156779,1676678158441
1676678156679,1676678158453
1676678156982,1676678158485
1676678157343,1676678158497
1676678157455,1676678158553
1676678157307,1676678158557
1676678157659,1676678158585
1676678156347,1676678158613
1676678157055,1676678158621
1676678156655,1676678158625
1676678156987,1676678158649
1676678157459,1676678158657
1676678157091,1676678158705
1676678157045,1676678158729
1676678157671,1676678158730
1676678157079,1676678158773
1676678156235,1676678158773
1676678157115,1676678158809
1676678157615,1676678158817
1676678157407,1676678158833
1676678157511,1676678158861
1676678157706,1676678158877
1676678157333,1676678158953
1676678157451,1676678158953
1676678157351,1676678158973
1676678157255,1676678158973
1676678157107,1676678158981
1676678157894,1676678159053
1676678157663,1676678159057
1676678157083,1676678159093
1676678158142,1676678159125
1676678157323,1676678159141
1676678157759,1676678159189
1676678158014,1676678159209
1676678157531,1676678159209
1676678157827,1676678159265
1676678157819,1676678159277
1676678158067,1676678159317
1676678157974,1676678159333
1676678157527,1676678159361
1676678158299,1676678159381
1676678158275,1676678159437
1676678157715,1676678159445
1676678158158,1676678159449
1676678158131,1676678159457
1676678158393,1676678159473
1676678158122,1676678159473
1676678158046,1676678159505
1676678157918,1676678159581
1676678158615,1676678159585
1676678157811,1676678159601
1676678158391,1676678159785
1676678158499,1676678159789
1676678158775,1676678159861
1676678158309,1676678159945
1676678158587,1676678159953
1676678158443,1676678159965
1676678158555,1676678159977
1676678158623,1676678159981
1676678158775,1676678159997
1676678158399,1676678160013
1676678158811,1676678160025
1676678158455,1676678160097
1676678158863,1676678160101
1676678158835,1676678160125
1676678158627,1676678160125
1676678159143,1676678160129
1676678158267,1676678160157
1676678158487,1676678160161
1676678158559,1676678160165
1676678158731,1676678160177
1676678158707,1676678160189
1676678158983,1676678160189
1676678158955,1676678160265
1676678158651,1676678160277
1676678158955,1676678160281
1676678159095,1676678160285
1676678158387,1676678160325
1676678159055,1676678160329
1676678159363,1676678160433
1676678159319,1676678160438
1676678158659,1676678160473
1676678159267,1676678160473
1676678158819,1676678160517
1676678159507,1676678160521
1676678159447,1676678160533
1676678159059,1676678160533
1676678158731,1676678160565
1676678158975,1676678160581
1676678159211,1676678160593
1676678158974,1676678160673
1676678159439,1676678160673
1676678158879,1676678160685
1676678159127,1676678160689
1676678159459,1676678160769
1676678159211,1676678160784
1676678159191,1676678160797
1676678159475,1676678160941
1676678159383,1676678160973
1676678159999,1676678160993
1676678159475,1676678161020
1676678159603,1676678161093
1676678159791,1676678161113
1676678159335,1676678161153
1676678159967,1676678161157
1676678159451,1676678161169
1676678159279,1676678161177
1676678159787,1676678161177
1676678159955,1676678161313
1676678160191,1676678161328
1676678159587,1676678161349
1676678160099,1676678161349
1676678160131,1676678161381
1676678160163,1676678161405
1676678160127,1676678161425
1676678160287,1676678161429
1676678159583,1676678161429
1676678160015,1676678161445
1676678160440,1676678161489
1676678160519,1676678161555
1676678160567,1676678161641
1676678160103,1676678161697
1676678160027,1676678161701
1676678160283,1676678161741
1676678160327,1676678161745
1676678159947,1676678161797
1676678159863,1676678161808
1676678160799,1676678161849
1676678160167,1676678161861
1676678160595,1676678161869
1676678160535,1676678161901
1676678160771,1676678161905
1676678160267,1676678161941
1676678159983,1676678161965
1676678160523,1676678161985
1676678160675,1676678161997
1676678160279,1676678162009
1676678160179,1676678162017
1676678160127,1676678162033
1676678160535,1676678162049
1676678160475,1676678162066
1676678160583,1676678162081
1676678159979,1676678162125
1676678160159,1676678162189
1676678161178,1676678162229
1676678160435,1676678162233
1676678160975,1676678162245
1676678160191,1676678162261
1676678160943,1676678162293
1676678160995,1676678162321
1676678161171,1676678162341
1676678160687,1676678162397
1676678160786,1676678162417
1676678161159,1676678162437
1676678160331,1676678162446
1676678161315,1676678162493
1676678160691,1676678162525
1676678161115,1676678162541
1676678161022,1676678162545
1676678161095,1676678162569
1676678161330,1676678162585
1676678161351,1676678162609
1676678161351,1676678162613
1676678161747,1676678162649
1676678161871,1676678162725
1676678161407,1676678162733
1676678161903,1676678162753
1676678161154,1676678162781
1676678160675,1676678162785
1676678161179,1676678162829
1676678161743,1676678162857
1676678161643,1676678162881
1676678162051,1676678162929
1676678161427,1676678162929
1676678161431,1676678162941
1676678161986,1676678162993
1676678161556,1676678162993
1676678162068,1676678163049
1676678162083,1676678163069
1676678161447,1676678163121
1676678161698,1676678163169
1676678162127,1676678163209
1676678161431,1676678163233
1676678161907,1676678163277
1676678161863,1676678163285
1676678162235,1676678163317
1676678161966,1676678163325
1676678161999,1676678163342
1676678162263,1676678163357
1676678162323,1676678163361
1676678162247,1676678163397
1676678161703,1676678163445
1676678162191,1676678163461
1676678162035,1676678163481
1676678161851,1676678163529
1676678161810,1676678163537
1676678162495,1676678163545
1676678162419,1676678163609
1676678162526,1676678163613
1676678162295,1676678163613
1676678161491,1676678163633
1676678162543,1676678163661
1676678162019,1676678163669
1676678162399,1676678163733
1676678162727,1676678163733
1676678162755,1676678163789
1676678162011,1676678163849
1676678162547,1676678163913
1676678162231,1676678163927
1676678161943,1676678163977
1676678162448,1676678164009
1676678162930,1676678164021
1676678163123,1676678164073
1676678162614,1676678164093
1676678162650,1676678164141
1676678162831,1676678164149
1676678162859,1676678164173
1676678162439,1676678164185
1676678162587,1676678164185
1676678161383,1676678164205
1676678162942,1676678164225
1676678162611,1676678164265
1676678162786,1676678164277
1676678163319,1676678164281
1676678162343,1676678164329
1676678162930,1676678164333
1676678162883,1676678164345
1676678163663,1676678164369
1676678163071,1676678164377
1676678162783,1676678164453
1676678162570,1676678164477
1676678163211,1676678164513
1676678162734,1676678164533
1676678162994,1676678164605
1676678163235,1676678164641
1676678162994,1676678164657
1676678163171,1676678164661
1676678163539,1676678164678
1676678163463,1676678164685
1676678163735,1676678164693
1676678163483,1676678164741
1676678163671,1676678164761
1676678163344,1676678164785
1676678163050,1676678164785
1676678163327,1676678164789
1676678163615,1676678164817
1676678163979,1676678164861
1676678163851,1676678164909
1676678163363,1676678164918
1676678163359,1676678164921
1676678164075,1676678164957
1676678163279,1676678165025
1676678163399,1676678165025
1676678164207,1676678165213
1676678163447,1676678165253
1676678163791,1676678165273
1676678163547,1676678165297
1676678163531,1676678165337
1676678163915,1676678165341
1676678164175,1676678165389
1676678163615,1676678165425
1676678164227,1676678165429
1676678164023,1676678165437
1676678164379,1676678165461
1676678164283,1676678165461
1676678164335,1676678165528
1676678163287,1676678165569
1676678164187,1676678165589
1676678163635,1676678165601
1676678163929,1676678165638
1676678164535,1676678165665
1676678164011,1676678165701
1676678163735,1676678165737
1676678164095,1676678165737
1676678164347,1676678165757
1676678163611,1676678165757
1676678164331,1676678165785
1676678164607,1676678165793
1676678164515,1676678165837
1676678164743,1676678165838
1676678164371,1676678165893
1676678164267,1676678165901
1676678164659,1676678165933
1676678164791,1676678165953
1676678164151,1676678165985
1676678164455,1676678166049
1676678164279,1676678166073
1676678164479,1676678166077
1676678164143,1676678166080
1676678164687,1676678166081
1676678165027,1676678166117
1676678164959,1676678166121
1676678164863,1676678166167
1676678165339,1676678166209
1676678164187,1676678166245
1676678164922,1676678166261
1676678165215,1676678166265
1676678164663,1676678166274
1676678165255,1676678166297
1676678164643,1676678166305
1676678164763,1676678166330
1676678164787,1676678166361
1676678165027,1676678166429
1676678164920,1676678166493
1676678165639,1676678166533
1676678164695,1676678166541
1676678165343,1676678166545
1676678165427,1676678166553
1676678164787,1676678166597
1676678164679,1676678166629
1676678165431,1676678166645
1676678165463,1676678166645
1676678165275,1676678166665
1676678164910,1676678166701
1676678165591,1676678166709
1676678165667,1676678166729
1676678165392,1676678166789
1676678165703,1676678166821
1676678165895,1676678166829
1676678165571,1676678166972
1676678165739,1676678166981
1676678165839,1676678166989
1676678165529,1676678167005
1676678166051,1676678167053
1676678165603,1676678167057
1676678166082,1676678167109
1676678165954,1676678167153
1676678165795,1676678167177
1676678165987,1676678167191
1676678165439,1676678167213
1676678165299,1676678167249
1676678165739,1676678167258
1676678165463,1676678167277
1676678165903,1676678167305
1676678166083,1676678167317
1676678165787,1676678167345
1676678166277,1676678167425
1676678166267,1676678167441
1676678165840,1676678167469
1676678166554,1676678167477
1676678165759,1676678167509
1676678166332,1676678167529
1676678166307,1676678167545
1676678166211,1676678167585
1676678166547,1676678167593
1676678166079,1676678167624
1676678166631,1676678167709
1676678166363,1676678167729
1676678166431,1676678167753
1676678166119,1676678167753
1676678166535,1676678167769
1676678166075,1676678167773
1676678166543,1676678167781
1676678166247,1676678167805
1676678166703,1676678167825
1676678166168,1676678167833
1676678166599,1676678167849
1676678166495,1676678167897
1676678166299,1676678167985
1676678166123,1676678168025
1676678166667,1676678168039
1676678166647,1676678168049
1676678166823,1676678168106
1676678166731,1676678168117
1676678166831,1676678168137
1676678166982,1676678168153
1676678166263,1676678168153
1676678167059,1676678168225
1676678166647,1676678168233
1676678165759,1676678168305
1676678167055,1676678168309
1676678167279,1676678168333
1676678166791,1676678168373
1676678167479,1676678168397
1676678167155,1676678168397
1676678167006,1676678168409
1676678167215,1676678168427
1676678167251,1676678168433
1676678166711,1676678168441
1676678167319,1676678168445
1676678166975,1676678168585
1676678168051,1676678168613
1676678167755,1676678168613
1676678167443,1676678168661
1676678166991,1676678168662
1676678167260,1676678168757
1676678167193,1676678168773
1676678167595,1676678168793
1676678167531,1676678168849
1676678167307,1676678168857
1676678167346,1676678168926
1676678167111,1676678168937
1676678167179,1676678168945
1676678167511,1676678168945
1676678167626,1676678168961
1676678167783,1676678169037
1676678167731,1676678169049
1676678167775,1676678169077
1676678168041,1676678169129
1676678167427,1676678169233
1676678167771,1676678169246
1676678168307,1676678169289
1676678167899,1676678169317
1676678168027,1676678169345
1676678167755,1676678169349
1676678167711,1676678169389
1676678167835,1676678169393
1676678168435,1676678169421
1676678167827,1676678169477
1676678168155,1676678169485
1676678167851,1676678169505
1676678168399,1676678169509
1676678168399,1676678169581
1676678168119,1676678169593
1676678168108,1676678169605
1676678168155,1676678169677
1676678167547,1676678169777
1676678168443,1676678169841
1676678168139,1676678169841
1676678168375,1676678169849
1676678168429,1676678169877
1676678168447,1676678169917
1676678168663,1676678169941
1676678168311,1676678169993
1676678168411,1676678169995
1676678168235,1676678170017
1676678167807,1676678170041
1676678168851,1676678170069
1676678168226,1676678170078
1676678168759,1676678170093
1676678167587,1676678170097
1676678168795,1676678170113
1676678168859,1676678170185
1676678169079,1676678170221
1676678168664,1676678170245
1676678168335,1676678170257
1676678169131,1676678170333
1676678168587,1676678170349
1676678168928,1676678170369
1676678169347,1676678170373
1676678168615,1676678170377
1676678168947,1676678170417
1676678167987,1676678170429
1676678168615,1676678170445
1676678169291,1676678170453
1676678169391,1676678170509
1676678168962,1676678170513
1676678168939,1676678170553
1676678168775,1676678170629
1676678169039,1676678170641
1676678169319,1676678170661
1676678169507,1676678170697
1676678169595,1676678170709
1676678169051,1676678170725
1676678169487,1676678170765
1676678169248,1676678170821
1676678169351,1676678170821
1676678168947,1676678170877
1676678169423,1676678170921
1676678169919,1676678170929
1676678169843,1676678170985
1676678169943,1676678171001
1676678169395,1676678171025
1676678169607,1676678171029
1676678170019,1676678171037
1676678169879,1676678171157
1676678169679,1676678171161
1676678169511,1676678171177
1676678170186,1676678171185
1676678169779,1676678171188
1676678170099,1676678171262
1676678170115,1676678171277
1676678169995,1676678171409
1676678170080,1676678171437
1676678170350,1676678171485
1676678170095,1676678171505
1676678170259,1676678171529
1676678170223,1676678171529
1676678169843,1676678171545
1676678170447,1676678171577
1676678169997,1676678171597
1676678170419,1676678171629
1676678170431,1676678171653
1676678170043,1676678171694
1676678169583,1676678171717
1676678170727,1676678171725
1676678170375,1676678171789
1676678170247,1676678171793
1676678170515,1676678171801
1676678170335,1676678171845
1676678169851,1676678171853
1676678170555,1676678171861
1676678170643,1676678171925
1676678170631,1676678172029
1676678170711,1676678172045
1676678170378,1676678172069
1676678170371,1676678172105
1676678170987,1676678172109
1676678170823,1676678172121
1676678170071,1676678172124
1676678170511,1676678172149
1676678170663,1676678172149
1676678171031,1676678172181
1676678171190,1676678172213
1676678170767,1676678172245
1676678171003,1676678172261
1676678170699,1676678172281
1676678171187,1676678172389
1676678170455,1676678172401
1676678170823,1676678172433
1676678171163,1676678172477
1676678171599,1676678172505
1676678170879,1676678172565
1676678171487,1676678172589
1676678171159,1676678172645
1676678171179,1676678172669
1676678171696,1676678172709
1676678171531,1676678172713
1676678171439,1676678172757
1676678170923,1676678172777
1676678171027,1676678172885
1676678171264,1676678172889
1676678172071,1676678172893
1676678171411,1676678172921
1676678171631,1676678172933
1676678171507,1676678173065
1676678171531,1676678173081
1676678171547,1676678173081
1676678171803,1676678173153
1676678171863,1676678173173
1676678171727,1676678173229
1676678171038,1676678173249
1676678172215,1676678173249
1676678171927,1676678173273
1676678171655,1676678173318
1676678171791,1676678173325
1676678171795,1676678173341
1676678172111,1676678173429
1676678171719,1676678173457
1676678172126,1676678173541
1676678172151,1676678173553
1676678172107,1676678173553
1676678171847,1676678173605
1676678170931,1676678173641
1676678171855,1676678173649
1676678172263,1676678173661
1676678172435,1676678173725
1676678172247,1676678173807
1676678172123,1676678173829
1676678172591,1676678173849
1676678172283,1676678173877
1676678172403,1676678173889
1676678172478,1676678173949
1676678172031,1676678173961
1676678172567,1676678174009
1676678172183,1676678174041
1676678171279,1676678174085
1676678172895,1676678174096
1676678172647,1676678174097
1676678172671,1676678174137
1676678171579,1676678174141
1676678172391,1676678174157
1676678172891,1676678174193
1676678172923,1676678174201
1676678172507,1676678174265
1676678173327,1676678174265
1676678173251,1676678174269
1676678172711,1676678174293
1676678172047,1676678174317
1676678173083,1676678174329
1676678172888,1676678174343
1676678173459,1676678174393
1676678173431,1676678174417
1676678172715,1676678174441
1676678173083,1676678174469
1676678173320,1676678174533
1676678173663,1676678174573
1676678173155,1676678174609
1676678172935,1676678174645
1676678172759,1676678174658
1676678173543,1676678174669
1676678173231,1676678174681
1676678173343,1676678174717
1676678173651,1676678174941
1676678173175,1676678174967
1676678173555,1676678175049
1676678173250,1676678175073
1676678174010,1676678175101
1676678173066,1676678175169
1676678173607,1676678175205
1676678173851,1676678175229
1676678174098,1676678175237
1676678173275,1676678175237
1676678173808,1676678175242
1676678173555,1676678175309
1676678174195,1676678175325
1676678173963,1676678175349
1676678174143,1676678175377
1676678173879,1676678175385
1676678173831,1676678175445
1676678173951,1676678175525
1676678174419,1676678175525
1676678174203,1676678175553
1676678174087,1676678175557
1676678174443,1676678175601
1676678174295,1676678175601
1676678174159,1676678175637
1676678173643,1676678175682
1676678174270,1676678175685
1676678174139,1676678175733
1676678174318,1676678175745
1676678174683,1676678175761
1676678174671,1676678175769
1676678174611,1676678175769
1676678173727,1676678175789
1676678174267,1676678175789
1676678174535,1676678175805
1676678174331,1676678175837
1676678174267,1676678175877
1676678174344,1676678175993
1676678174395,1676678176085
1676678174099,1676678176093
1676678174647,1676678176105
1676678174660,1676678176117
1676678175075,1676678176129
1676678174471,1676678176137
1676678174944,1676678176165
1676678173891,1676678176166
1676678174718,1676678176205
1676678174043,1676678176266
1676678175311,1676678176333
1676678175207,1676678176465
1676678174969,1676678176493
1676678175239,1676678176529
1676678175327,1676678176537
1676678175171,1676678176601
1676678174575,1676678176638
1676678175051,1676678176701
1676678175602,1676678176777
1676678175684,1676678176814
1676678175763,1676678176833
1676678175639,1676678176837
1676678175879,1676678176869
1676678175103,1676678176885
1676678175239,1676678176885
1676678175839,1676678176921
1676678175387,1676678176969
1676678176119,1676678177093
1676678175379,1676678177105
1676678175351,1676678177139
1676678175447,1676678177141
1676678175559,1676678177181
1676678176207,1676678177240
1676678175995,1676678177253
1676678175555,1676678177273
1676678175527,1676678177285
1676678175735,1676678177305
1676678175791,1676678177305
1676678176107,1676678177313
1676678175771,1676678177361
1676678176087,1676678177417
1676678175687,1676678177429
1676678176167,1676678177469
1676678176167,1676678177481
1676678175791,1676678177513
1676678175603,1676678177525
1676678176268,1676678177533
1676678175807,1676678177545
1676678176779,1676678177561
1676678175245,1676678177561
1676678175747,1676678177569
1676678176131,1676678177573
1676678176139,1676678177797
1676678176466,1676678177873
1676678176539,1676678177878
1676678176335,1676678177925
1676678176703,1676678177961
1676678176494,1676678177965
1676678176640,1676678177993
1676678176603,1676678178049
1676678176923,1676678178153
1676678176095,1676678178154
1676678176835,1676678178161
1676678176531,1676678178229
1676678177242,1676678178269
1676678177140,1676678178305
1676678176887,1676678178313
1676678176971,1676678178337
1676678176887,1676678178353
1676678177095,1676678178389
1676678177515,1676678178413
1676678177183,1676678178433
1676678177107,1676678178629
1676678177255,1676678178650
1676678177527,1676678178677
1676678176839,1676678178703
1676678176817,1676678178761
1676678177419,1676678178825
1676678177275,1676678178829
1676678177547,1676678178833
1676678176871,1676678178837
1676678177431,1676678178861
1676678177307,1676678178913
1676678177571,1676678178965
1676678177363,1676678178973
1676678177287,1676678178981
1676678177471,1676678178981
1676678177995,1676678179085
1676678177307,1676678179125
1676678177967,1676678179133
1676678177799,1676678179173
1676678177483,1676678179197
1676678177575,1676678179205
1676678177875,1676678179273
1676678177927,1676678179285
1676678178315,1676678179289
1676678177963,1676678179293
1676678177143,1676678179337
1676678178705,1676678179373
1676678178155,1676678179453
1676678178271,1676678179489
1676678177563,1676678179493
1676678177315,1676678179513
1676678178231,1676678179525
1676678177563,1676678179533
1676678177881,1676678179573
1676678177535,1676678179577
1676678178156,1676678179665
1676678178435,1676678179693
1676678178415,1676678179721
1676678178863,1676678179741
1676678178050,1676678179825
1676678178983,1676678179933
1676678178355,1676678179957
1676678178339,1676678180017
1676678179127,1676678180057
1676678178391,1676678180073
1676678178763,1676678180081
1676678178827,1676678180113
1676678179199,1676678180173
1676678178835,1676678180233
1676678178631,1676678180237
1676678178915,1676678180237
1676678178679,1676678180249
1676678178839,1676678180281
1676678178307,1676678180309
1676678179135,1676678180377
1676678178975,1676678180433
1676678178967,1676678180437
1676678178163,1676678180441
1676678179375,1676678180493
1676678179495,1676678180497
1676678178983,1676678180505
1676678179575,1676678180601
1676678179275,1676678180689
1676678179579,1676678180717
1676678179295,1676678180717
1676678179535,1676678180733
1676678179455,1676678180804
1676678178831,1676678180817
1676678179339,1676678180857
1676678179515,1676678180877
1676678179175,1676678180985
1676678179207,1676678181025
1676678179287,1676678181041
1676678179491,1676678181081
1676678179291,1676678181088
1676678179935,1676678181093
1676678179087,1676678181096
1676678179742,1676678181181
1676678179667,1676678181249
1676678180074,1676678181329
1676678179723,1676678181349
1676678179695,1676678181365
1676678179826,1676678181377
1676678180083,1676678181401
1676678180379,1676678181405
1676678179527,1676678181485
1676678180443,1676678181501
1676678180239,1676678181501
1676678180175,1676678181557
1676678180439,1676678181581
1676678180059,1676678181605
1676678180311,1676678181653
1676678179959,1676678181717
1676678180283,1676678181765
1676678180507,1676678181781
1676678180019,1676678181813
1676678180115,1676678181841
1676678180435,1676678181933
1676678180499,1676678181945
1676678180719,1676678182001
1676678180987,1676678182034
1676678180818,1676678182065
1676678180495,1676678182109
1676678180719,1676678182157
1676678180235,1676678182181
1676678180239,1676678182197
1676678181183,1676678182225
1676678180879,1676678182229
1676678180603,1676678182281
1676678180806,1676678182373
1676678181098,1676678182393
1676678181367,1676678182409
1676678181083,1676678182448
1676678180691,1676678182461
1676678181403,1676678182465
1676678180735,1676678182481
1676678181331,1676678182541
1676678181503,1676678182545
1676678181027,1676678182553
1676678181251,1676678182577
1676678180859,1676678182604
1676678181655,1676678182765
1676678181583,1676678182797
1676678181379,1676678182921
1676678181503,1676678182961
1676678181043,1676678182981
1676678181487,1676678182981
1676678181843,1676678183005
1676678181090,1676678183017
1676678181607,1676678183025
1676678181718,1676678183045
1676678182159,1676678183153
1676678181767,1676678183197
1676678182003,1676678183221
1676678182182,1676678183221
1676678181559,1676678183241
1676678181783,1676678183349
1676678182226,1676678183369
1676678182066,1676678183441
1676678181407,1676678183525
1676678181935,1676678183573
1676678182467,1676678183581
1676678182411,1676678183589
1676678182111,1676678183617
1676678182230,1676678183617
1676678182605,1676678183661
1676678182035,1676678183665
1676678182483,1676678183681
1676678181947,1676678183721
1676678182198,1676678183729
1676678182579,1676678183761
1676678181351,1676678183798
1676678182375,1676678183817
1676678181815,1676678183837
1676678182395,1676678183869
1676678182983,1676678183909
1676678182554,1676678183921
1676678183019,1676678183945
1676678182463,1676678183965
1676678182282,1676678184041
1676678182450,1676678184102
1676678182923,1676678184153
1676678182546,1676678184221
1676678182963,1676678184357
1676678182767,1676678184377
1676678183047,1676678184386
1676678183027,1676678184389
1676678183619,1676678184438
1676678183155,1676678184450
1676678183443,1676678184517
1676678183007,1676678184545
1676678182983,1676678184609
1676678183371,1676678184689
1676678183223,1676678184717
1676678183199,1676678184749
1676678183583,1676678184765
1676678182799,1676678184809
1676678183683,1676678184817
1676678183619,1676678184825
1676678183667,1676678184829
1676678183591,1676678184929
1676678183223,1676678184973
1676678183575,1676678184981
1676678183351,1676678185013
1676678183527,1676678185029
1676678183839,1676678185029
1676678184043,1676678185033
1676678182542,1676678185113
1676678183819,1676678185165
1676678183763,1676678185181
1676678184391,1676678185197
1676678183911,1676678185305
1676678184223,1676678185305
1676678183731,1676678185305
1676678183723,1676678185345
1676678183243,1676678185405
1676678183663,1676678185413
1676678184154,1676678185469
1676678183871,1676678185473
1676678184547,1676678185509
1676678183923,1676678185509
1676678184451,1676678185541
1676678184103,1676678185689
1676678183947,1676678185693
1676678184691,1676678185749
1676678184751,1676678185809
1676678184440,1676678185853
1676678184379,1676678185873
1676678184811,1676678185953
1676678185347,1676678185977
1676678183967,1676678185982
1676678184611,1676678186017
1676678184767,1676678186021
1676678185031,1676678186045
1676678184983,1676678186061
1676678184519,1676678186085
1676678184819,1676678186096
1676678185015,1676678186153
1676678184827,1676678186185
1676678184831,1676678186197
1676678184388,1676678186313
1676678185035,1676678186334
1676678184975,1676678186367
1676678185167,1676678186409
1676678185307,1676678186429
1676678184359,1676678186445
1676678185307,1676678186493
1676678185031,1676678186553
1676678185751,1676678186561
1676678185115,1676678186606
1676678185407,1676678186661
1676678185415,1676678186689
1676678185307,1676678186697
1676678185183,1676678186720
1676678185199,1676678186853
1676678185475,1676678186865
1676678185855,1676678186917
1676678185471,1676678187049
1676678185510,1676678187057
1676678185691,1676678187121
1676678185984,1676678187213
1676678185695,1676678187226
1676678185511,1676678187337
1676678186063,1676678187365
1676678185811,1676678187365
1676678186447,1676678187381
1676678185979,1676678187410
1676678186187,1676678187441
1676678186047,1676678187493
1676678186019,1676678187613
1676678185955,1676678187685
1676678185875,1676678187685
1676678186315,1676678187737
1676678186721,1676678187777
1676678186097,1676678187797
1676678186495,1676678187801
1676678186087,1676678187837
1676678186199,1676678187901
1676678186431,1676678187905
1676678186554,1676678187937
1676678186563,1676678187949
1676678186663,1676678188029
1676678186368,1676678188041
1676678186023,1676678188055
1676678186155,1676678188109
1676678186699,1676678188117
1676678186608,1676678188129
1676678186336,1676678188189
1676678185543,1676678188221
1676678186919,1676678188325
1676678187228,1676678188413
1676678186691,1676678188421
1676678186867,1676678188425
1676678186410,1676678188430
1676678187123,1676678188441
1676678187383,1676678188453
1676678186855,1676678188477
1676678187367,1676678188597
1676678187367,1676678188629
1676678187799,1676678188630
1676678187411,1676678188633
1676678187615,1676678188661
1676678187495,1676678188669
1676678187803,1676678188689
1676678187779,1676678188733
1676678187051,1676678188749
1676678187903,1676678188851
1676678187215,1676678188909
1676678187339,1676678188945
1676678187907,1676678188986
1676678187687,1676678189089
1676678188119,1676678189145
1676678187443,1676678189301
1676678187839,1676678189391
1676678188031,1676678189397
1676678188223,1676678189405
1676678187939,1676678189469
1676678188056,1676678189493
1676678187687,1676678189497
1676678187739,1676678189549
1676678188427,1676678189569
1676678188479,1676678189625
1676678188635,1676678189817
1676678188131,1676678189837
1676678188415,1676678189877
1676678188443,1676678189909
1676678188191,1676678189917
1676678188432,1676678189933
1676678188327,1676678189937
1676678188043,1676678189957
1676678188423,1676678189961
1676678188111,1676678189961
1676678188853,1676678190049
1676678188671,1676678190057
1676678188735,1676678190081
1676678188691,1676678190101
1676678188455,1676678190101
1676678188911,1676678190181
1676678187951,1676678190213
1676678188632,1676678190229
1676678188599,1676678190301
1676678188663,1676678190345
1676678188631,1676678190377
1676678189091,1676678190382
1676678189393,1676678190513
1676678189303,1676678190517
1676678189398,1676678190549
1676678189495,1676678190641
1676678188947,1676678190705
1676678189963,1676678190853
1676678189147,1676678190865
1676678188988,1676678190957
1676678189407,1676678190957
1676678189879,1676678190973
1676678189551,1676678190985
1676678189471,1676678191009
1676678190103,1676678191109
1676678189935,1676678191161
1676678190051,1676678191177
1676678189919,1676678191293
1676678189819,1676678191293
1676678189627,1676678191353
1676678189911,1676678191381
1676678190059,1676678191449
1676678190214,1676678191453
1676678189571,1676678191485
1676678190183,1676678191529
1676678189939,1676678191553
1676678189499,1676678191709
1676678190707,1676678191737
1676678190231,1676678191777
1676678190551,1676678191793
1676678190384,1676678191797
1676678190519,1676678191857
1676678189963,1676678191925
1676678190103,1676678191957
1676678190303,1676678191993
1676678190379,1676678192001
1676678190515,1676678192009
1676678190867,1676678192097
1676678190855,1676678192137
1676678190987,1676678192153
1676678189839,1676678192157
1676678190347,1676678192181
1676678190083,1676678192293
1676678190643,1676678192293
1676678191011,1676678192397
1676678191487,1676678192465
1676678190975,1676678192477
1676678191111,1676678192493
1676678191295,1676678192637
1676678191455,1676678192641
1676678190959,1676678192645
1676678191451,1676678192709
1676678191355,1676678192721
1676678191163,1676678192733
1676678191555,1676678192881
1676678191739,1676678192917
1676678191383,1676678192955
1676678192011,1676678192957
1676678191927,1676678193017
1676678192099,1676678193021
1676678191295,1676678193041
1676678191531,1676678193057
1676678192295,1676678193165
1676678191859,1676678193205
1676678192295,1676678193229
1676678191711,1676678193329
1676678191795,1676678193349
1676678192003,1676678193409
1676678192183,1676678193441
1676678191995,1676678193445
1676678191959,1676678193445
1676678192399,1676678193505
1676678192159,1676678193617
1676678191179,1676678193625
1676678192495,1676678193729
1676678192155,1676678193821
1676678191799,1676678193953
1676678192139,1676678193961
1676678192643,1676678194009
1676678192883,1676678194029
1676678192723,1676678194045
1676678193167,1676678194097
1676678192919,1676678194101
1676678192647,1676678194109
1676678192479,1676678194121
1676678192639,1676678194229
1676678192958,1676678194325
1676678193231,1676678194365
1676678193043,1676678194377
1676678193507,1676678194393
1676678193059,1676678194425
1676678193447,1676678194461
1676678193206,1676678194481
1676678193019,1676678194509
1676678192711,1676678194521
1676678192467,1676678194549
1676678192735,1676678194593
1676678193443,1676678194725
1676678192957,1676678194841
1676678193447,1676678194857
1676678194011,1676678194881
1676678194047,1676678194929
1676678193351,1676678195017
1676678193627,1676678195045
1676678193955,1676678195117
1676678193023,1676678195209
1676678193823,1676678195245
1676678193731,1676678195293
1676678194103,1676678195369
1676678194523,1676678195380
1676678193619,1676678195441
1676678194231,1676678195445
1676678194111,1676678195501
1676678194511,1676678195633
1676678193411,1676678195657
1676678194395,1676678195693
1676678194427,1676678195773
1676678194099,1676678195797
1676678194483,1676678196085
1676678195019,1676678196085
1676678194367,1676678196093
1676678194031,1676678196151
1676678193963,1676678196245
1676678194379,1676678196253
1676678194595,1676678196297
1676678194463,1676678196305
1676678194883,1676678196309
1676678194843,1676678196345
1676678194551,1676678196357
1676678195047,1676678196369
1676678194859,1676678196373
1676678194931,1676678196441
1676678194727,1676678196445
1676678194327,1676678196669
1676678195119,1676678196681
1676678195381,1676678196737
1676678195659,1676678196765
1676678195443,1676678196785
1676678195635,1676678196793
1676678195447,1676678196849
1676678195295,1676678196889
1676678195211,1676678196897
1676678195695,1676678196905
1676678195247,1676678196905
1676678195799,1676678196909
1676678195371,1676678196981
1676678195775,1676678197113
1676678196311,1676678197157
1676678196153,1676678197285
1676678195503,1676678197317
1676678196095,1676678197521
1676678196371,1676678197529
1676678196087,1676678197545
1676678196247,1676678197613
1676678196307,1676678197633
1676678196767,1676678197729
1676678196299,1676678197773
1676678196255,1676678197813
1676678196087,1676678197841
1676678196443,1676678197877
1676678196347,1676678197925
1676678196683,1676678198029
1676678196795,1676678198045
1676678196671,1676678198197
1676678196787,1676678198205
1676678196911,1676678198221
1676678196447,1676678198271
1676678196891,1676678198345
1676678197159,1676678198409
1676678196907,1676678198453
1676678196359,1676678198589
1676678196851,1676678198605
1676678196983,1676678198749
1676678197615,1676678198765
1676678197775,1676678198777
1676678197531,1676678198825
1676678197287,1676678198913
1676678197547,1676678198993
1676678197522,1676678198997
1676678197843,1676678198997
1676678196739,1676678199077
1676678197730,1676678199173
1676678197635,1676678199197
1676678197815,1676678199237
1676678198207,1676678199245
1676678197927,1676678199261
1676678197319,1676678199273
1676678196907,1676678199285
1676678197115,1676678199361
1676678197879,1676678199401
1676678198031,1676678199437
1676678198047,1676678199477
1676678198347,1676678199493
1676678198591,1676678199597
1676678198455,1676678199637
1676678198607,1676678199681
1676678198223,1676678199701
1676678198273,1676678199777
1676678198779,1676678199821
1676678198767,1676678199849
1676678198999,1676678199945
1676678198199,1676678199957
1676678198827,1676678200013
1676678198411,1676678200025
1676678198999,1676678200229
1676678199287,1676678200385
1676678199239,1676678200389
1676678199275,1676678200413
1676678198751,1676678200429
1676678199479,1676678200449
1676678199175,1676678200473
1676678198995,1676678200497
1676678199439,1676678200573
1676678199851,1676678200617
1676678199363,1676678200729
1676678199247,1676678200774
1676678198915,1676678200805
1676678199199,1676678200809
1676678199599,1676678200933
1676678199959,1676678201017
1676678199638,1676678201097
1676678200386,1676678201353
1676678199495,1676678201353
1676678199263,1676678201409
1676678199703,1676678201445
1676678200027,1676678201473
1676678199779,1676678201481
1676678199947,1676678201552
1676678200431,1676678201569
1676678199683,1676678201585
1676678200015,1676678201633
1676678200391,1676678201653
1676678200499,1676678201757
1676678199823,1676678201801
1676678200575,1676678201861
1676678200811,1676678201953
1676678199403,1676678201997
1676678200619,1676678202001
1676678201099,1676678202057
1676678200475,1676678202153
1676678200231,1676678202161
1676678200776,1676678202221
1676678200807,1676678202305
1676678201019,1676678202357
1676678200451,1676678202485
1676678200731,1676678202524
1676678201411,1676678202581
1676678201355,1676678202609
1676678201759,1676678202705
1676678201635,1676678202751
1676678201447,1676678202777
1676678201554,1676678202893
1676678201475,1676678202917
1676678201483,1676678203061
1676678200935,1676678203068
1676678202003,1676678203129
1676678201955,1676678203253
1676678201586,1676678203277
1676678201999,1676678203289
1676678201570,1676678203297
1676678201803,1676678203369
1676678202155,1676678203409
1676678202059,1676678203457
1676678202611,1676678203617
1676678202306,1676678203621
1676678201863,1676678203649
1676678201655,1676678203697
1676678202526,1676678203805
1676678202583,1676678203817
1676678202358,1676678203849
1676678202163,1676678203937
1676678203063,1676678204053
1676678202223,1676678204149
1676678203070,1676678204161
1676678202919,1676678204313
1676678202753,1676678204353
1676678203291,1676678204485
1676678203131,1676678204493
1676678202895,1676678204505
1676678203411,1676678204605
1676678203299,1676678204625
1676678202707,1676678204645
1676678202487,1676678204713
1676678203279,1676678204726
1676678203699,1676678204937
1676678203807,1676678205001
1676678203371,1676678205049
1676678203851,1676678205053
1676678203651,1676678205141
1676678203819,1676678205189
1676678203623,1676678205229
1676678204163,1676678205241
1676678204055,1676678205361
1676678203619,1676678205393
1676678203939,1676678205417
1676678203255,1676678205497
1676678204487,1676678205585
1676678203459,1676678205593
1676678204715,1676678205637
1676678204607,1676678205753
1676678204314,1676678205797
1676678204151,1676678205813
1676678204355,1676678205867
1676678205143,1676678205877
1676678204627,1676678205937
1676678204727,1676678205945
1676678205050,1676678205965
1676678204507,1676678206007
1676678204939,1676678206085
1676678205191,1676678206157
1676678205003,1676678206205
1676678204495,1676678206325
1676678205055,1676678206497
1676678205243,1676678206505
1676678205755,1676678206809
1676678205595,1676678206929
1676678205639,1676678206933
1676678205419,1676678206977
1676678205815,1676678207033
1676678205587,1676678207097
1676678205869,1676678207117
1676678205395,1676678207201
1676678205499,1676678207309
1676678205939,1676678207441
1676678205231,1676678207457
1676678205967,1676678207481
1676678206207,1676678207621
1676678205946,1676678207721
1676678205879,1676678207749
1676678206327,1676678207757
1676678206159,1676678207805
1676678206499,1676678207873
1676678206009,1676678207933
1676678207035,1676678208057
1676678206507,1676678208061
1676678206811,1676678208065
1676678206087,1676678208081
1676678205799,1676678208209
1676678206935,1676678208225
1676678206931,1676678208229
1676678207099,1676678208233
1676678207311,1676678208329
1676678207203,1676678208493
1676678206979,1676678208497
1676678207807,1676678208657
1676678207119,1676678208981
1676678207759,1676678209089
1676678207875,1676678209193
1676678207934,1676678209213
1676678207483,1676678209253
1676678207723,1676678209297
1676678207623,1676678209329
1676678207459,1676678209353
1676678207443,1676678209369
1676678208211,1676678209433
1676678208083,1676678209453
1676678208063,1676678209497
1676678208059,1676678209529
1676678208331,1676678209561
1676678208495,1676678209649
1676678208231,1676678209813
1676678208235,1676678209953
1676678208499,1676678209953
1676678208227,1676678210021
1676678208067,1676678210149
1676678209255,1676678210249
1676678209435,1676678210433
1676678209215,1676678210441
1676678209371,1676678210453
1676678209299,1676678210497
1676678209195,1676678210553
1676678209331,1676678210649
1676678209355,1676678210757
1676678209562,1676678210921
1676678209498,1676678210969
1676678209091,1676678211121
1676678208659,1676678211123
1676678209814,1676678211181
1676678209651,1676678211185
1676678209955,1676678211209
1676678210151,1676678211309
1676678209455,1676678211326
1676678210023,1676678211393
1676678209531,1676678211521
1676678209955,1676678211809
1676678210251,1676678211813
1676678210499,1676678211841
1676678210759,1676678211921
1676678210651,1676678211977
1676678210455,1676678212129
1676678210435,1676678212189
1676678210971,1676678212305
1676678210923,1676678212420
1676678210555,1676678212461
1676678211125,1676678212769
1676678210443,1676678212869
1676678211211,1676678212889
1676678211183,1676678212889
1676678211187,1676678212909
1676678211395,1676678213009
1676678211523,1676678213037
1676678211923,1676678213261
1676678211811,1676678213297
1676678211843,1676678213441
1676678211328,1676678213513
1676678211815,1676678213685
1676678212191,1676678213721
1676678212421,1676678214009
1676678211979,1676678214021
1676678212462,1676678214101
1676678212307,1676678214105
1676678212131,1676678214141
1676678212891,1676678214173
1676678212771,1676678214181
1676678212891,1676678214337
1676678213039,1676678214381
1676678213011,1676678214425
1676678213515,1676678214485
1676678213299,1676678214525
1676678212871,1676678214673
1676678213442,1676678214713
1676678212911,1676678214737
1676678213263,1676678214749
1676678214011,1676678214993
1676678213723,1676678215341
1676678214183,1676678215417
1676678214143,1676678215417
1676678214339,1676678215625
1676678214427,1676678215627
1676678214107,1676678215669
1676678214675,1676678215733
1676678214175,1676678215777
1676678214383,1676678215897
1676678214739,1676678216077
1676678214487,1676678216089
1676678214527,1676678216097
1676678214023,1676678216221
1676678213687,1676678216313
1676678215419,1676678216353
1676678214995,1676678216365
1676678215342,1676678216517
1676678214751,1676678216613
1676678214715,1676678216649
1676678215418,1676678216897
1676678215734,1676678217033
1676678215626,1676678217041
1676678215629,1676678217045
1676678215779,1676678217285
1676678216223,1676678217317
1676678215899,1676678217369
1676678216079,1676678217410
1676678216099,1676678217601
1676678216091,1676678217609
1676678216355,1676678217613
1676678216367,1676678217701
1676678216315,1676678217805
1676678216519,1676678217977
1676678217371,1676678218025
1676678217035,1676678218345
1676678216899,1676678218469
1676678217043,1676678218497
1676678217703,1676678218821
1676678217047,1676678218925
1676678217611,1676678219033
1676678216615,1676678219277
1676678217412,1676678219305
1676678217603,1676678219364
1676678217287,1676678219473
1676678217807,1676678219489
1676678218027,1676678219513
1676678217615,1676678219541
1676678217979,1676678219622
1676678216650,1676678219653
1676678218347,1676678219753
1676678218471,1676678220025
1676678218823,1676678220213
1676678219366,1676678220569
1676678218499,1676678220697
1676678219543,1676678220833
1676678219279,1676678220837
1676678219491,1676678220869
1676678219475,1676678221061
1676678219515,1676678221065
1676678219624,1676678221117
1676678219035,1676678221193
1676678218927,1676678221230
1676678219755,1676678221302
1676678219655,1676678221389
1676678220027,1676678221673
1676678220699,1676678221773
1676678220839,1676678221801
1676678220571,1676678221993
1676678220871,1676678222169
1676678221063,1676678222245
1676678220215,1676678222373
1676678221067,1676678222385
1676678221119,1676678222582
1676678221303,1676678222689
1676678220835,1676678222705
1676678221391,1676678222909
1676678221232,1676678222961
1676678221675,1676678222973
1676678221775,1676678223233
1676678221803,1676678223241
1676678221995,1676678223297
1676678222247,1676678223472
1676678222374,1676678223513
1676678222386,1676678223553
1676678222690,1676678223901
1676678222707,1676678223973
1676678222583,1676678224049
1676678222171,1676678224113
1676678222911,1676678224145
1676678223243,1676678224305
1676678223298,1676678224397
1676678222974,1676678224431
1676678222963,1676678224889
1676678223903,1676678224978
1676678223554,1676678225073
1676678223975,1676678225101
1676678223235,1676678225177
1676678223514,1676678225233
1676678223474,1676678225297
1676678224051,1676678225417
1676678224307,1676678225617
1676678224433,1676678225641
1676678224115,1676678225677
1676678224147,1676678225765
1676678224891,1676678226029
1676678225179,1676678226101
1676678225299,1676678226389
1676678224398,1676678226389
1676678225419,1676678226501
1676678224980,1676678226653
1676678225619,1676678226833
1676678225103,1676678226913
1676678225075,1676678227029
1676678225767,1676678227085
1676678226031,1676678227241
1676678225679,1676678227385
1676678226103,1676678227468
1676678226391,1676678227505
1676678226391,1676678227569
1676678225643,1676678227597
1676678227087,1676678228161
1676678227031,1676678228405
1676678227243,1676678228425
1676678227469,1676678228597
1676678226835,1676678228609
1676678227386,1676678228817
1676678226503,1676678229029
1676678227571,1676678229117
1676678228163,1676678229289
1676678226655,1676678229321
1676678227599,1676678229381
1676678226915,1676678229597
1676678227507,1676678229741
1676678228611,1676678229785
1676678229031,1676678230045
1676678228427,1676678230145
1676678229119,1676678230817
1676678228599,1676678230909
1676678229322,1676678231033
1676678228819,1676678231061
1676678229787,1676678231145
1676678229383,1676678231205
1676678229743,1676678231529
1676678230147,1676678231581
1676678230047,1676678231593
1676678229291,1676678231825
1676678230819,1676678232001
1676678229599,1676678232065
1676678230911,1676678232301
1676678231063,1676678232373
1676678231147,1676678232501
1676678231035,1676678232629
1676678231207,1676678232681
1676678231531,1676678232709
1676678231594,1676678232949
1676678231583,1676678233185
1676678232067,1676678233241
1676678232375,1676678233245
1676678232003,1676678233485
1676678232303,1676678233613
1676678232683,1676678233809
1676678231827,1676678233993
1676678232631,1676678234021
1676678232711,1676678234033
1676678232951,1676678234269
1676678233243,1676678234277
1676678232503,1676678234889
1676678234035,1676678235137
1676678233487,1676678235335
1676678233995,1676678235869
1676678233247,1676678235961
1676678234023,1676678235997
1676678234891,1676678236121
1676678233615,1676678236305
1676678235337,1676678236405
1676678233811,1676678236501
1676678235139,1676678236961
1676678234271,1676678237081
1676678234279,1676678237201
1676678235999,1676678237381
1676678236123,1676678237541
1676678235963,1676678237561
1676678235871,1676678237617
1676678236407,1676678237725
1676678236503,1676678237801
1676678236307,1676678238277
1676678236963,1676678238337
1676678237203,1676678238501
1676678237083,1676678238505
1676678237563,1676678238917
1676678237542,1676678239008
1676678237383,1676678239141
1676678237803,1676678239321
1676678237727,1676678239441
1676678237619,1676678239553
1676678238279,1676678239721
1676678238339,1676678239721
1676678238503,1676678239889
1676678238507,1676678239933
1676678238919,1676678240153
1676678239010,1676678240317
1676678239323,1676678240645
1676678239443,1676678240717
1676678239723,1676678240781
1676678239143,1676678240939
1676678239723,1676678241169
1676678239555,1676678241213
1676678239935,1676678241517
1676678240155,1676678241717
1676678240319,1676678241889
1676678241214,1676678242281
1676678240719,1676678242385
1676678240647,1676678242405
1676678240941,1676678242597
1676678239891,1676678242621
1676678241719,1676678243141
1676678240783,1676678243181
1676678241891,1676678243337
1676678241519,1676678243377
1676678241171,1676678243417
1676678242283,1676678243609
1676678242407,1676678243665
1676678242598,1676678243805
1676678242623,1676678244261
1676678242387,1676678244297
1676678243143,1676678244405
1676678243182,1676678244649
1676678243419,1676678244653
1676678243339,1676678244745
1676678243378,1676678244845
1676678243611,1676678244869
1676678243807,1676678245149
1676678244263,1676678245237
1676678243667,1676678245353
1676678244407,1676678245521
1676678244299,1676678245709
1676678244747,1676678245717
1676678244655,1676678245957
1676678244651,1676678246117
1676678245151,1676678246545
1676678245239,1676678246705
1676678245711,1676678246981
1676678245523,1676678247113
1676678244871,1676678247129
1676678244847,1676678247133
1676678245719,1676678247249
1676678245355,1676678247305
1676678246119,1676678247449
1676678245959,1676678247525
1676678246518,1676678247729
1676678246707,1676678247745
1676678246547,1676678248077
1676678247135,1676678248165
1676678247115,1676678248297
1676678247251,1676678248725
1676678247131,1676678248741
1676678247307,1676678248773
1676678247451,1676678249017
1676678247527,1676678249029
1676678246983,1676678249065
1676678247735,1676678249269
1676678248167,1676678249293
1676678247747,1676678249409
1676678248299,1676678249705
1676678248743,1676678249785
1676678249019,1676678249837
1676678248079,1676678249913
1676678248727,1676678250021
1676678249031,1676678250257
1676678248775,1676678250449
1676678249294,1676678250599
1676678249271,1676678250673
1676678249067,1676678250765
1676678249787,1676678250769
1676678249411,1676678251025
1676678249839,1676678251137
1676678250771,1676678251845
1676678249707,1676678251889
1676678249915,1676678251989
1676678250451,1676678252257
1676678250675,1676678252277
1676678250023,1676678252397
1676678250259,1676678252425
1676678250601,1676678252477
1676678250767,1676678252661
1676678251139,1676678252681
1676678251027,1676678252709
1676678251891,1676678252921
1676678251847,1676678253153
1676678251991,1676678253245
1676678252279,1676678253533
1676678251541,1676678253581
1676678252259,1676678253745
1676678252399,1676678253921
1676678252479,1676678253977
1676678252662,1676678254149
1676678253247,1676678254177
1676678252427,1676678254229
1676678252683,1676678254457
1676678252923,1676678254601
1676678253155,1676678254629
1676678252711,1676678254637
1676678253747,1676678255009
1676678253535,1676678255333
1676678254151,1676678255513
1676678253586,1676678255577
1676678254231,1676678255637
1676678253979,1676678255769
1676678254631,1676678255885
1676678253923,1676678255893
1676678254559,1676678256001
1676678254179,1676678256061
1676678254639,1676678256309
1676678254459,1676678256397
1676678254603,1676678256489
1676678255579,1676678256541
1676678255335,1676678256621
1676678255011,1676678256789
1676678255638,1676678256821
1676678256063,1676678256949
1676678255515,1676678256993
1676678255895,1676678257185
1676678256399,1676678257337
1676678255887,1676678257457
1676678255771,1676678257581
1676678256007,1676678257625
1676678256623,1676678257749
1676678256950,1676678258137
1676678256543,1676678258149
1676678256822,1676678258225
1676678256311,1676678258401
1676678257187,1676678258673
1676678256791,1676678258713
1676678256491,1676678258829
1676678257576,1676678258877
1676678257583,1676678258929
1676678256995,1676678258961
1676678257627,1676678259061
1676678257459,1676678259081
1676678257751,1676678259181
1676678258139,1676678259301
1676678258227,1676678259473
1676678257338,1676678259525
1676678258151,1676678259549
1676678258715,1676678259989
1676678259083,1676678260021
1676678258403,1676678260041
1676678258963,1676678260081
1676678258831,1676678260097
1676678259183,1676678260245
1676678259063,1676678260317
1676678258675,1676678260391
1676678258931,1676678260429
1676678259303,1676678260641
1676678258883,1676678260665
1676678259527,1676678260705
1676678260043,1676678261097
1676678259475,1676678261129
1676678259592,1676678261209
1676678259551,1676678261229
1676678259991,1676678261389
1676678260247,1676678261433
1676678260319,1676678261497
1676678260099,1676678261517
1676678260393,1676678261569
1676678260643,1676678261606
1676678260083,1676678261749
1676678260707,1676678261953
1676678260023,1676678262117
1676678260430,1676678262137
1676678261099,1676678262233
1676678261215,1676678262277
1676678260667,1676678262285
1676678261571,1676678262761
1676678261750,1676678262817
1676678261607,1676678262845
1676678261231,1676678262927
1676678261436,1676678262993
1676678261499,1676678263125
1676678261131,1676678263152
1676678261607,1676678263253
1676678262279,1676678263317
1676678261519,1676678263337
1676678261955,1676678263489
1676678261391,1676678263529
1676678262119,1676678263653
1676678262235,1676678263813
1676678262139,1676678263897
1676678262763,1676678263993
1676678262287,1676678264061
1676678262819,1676678264081
1676678262850,1676678264249
1676678263254,1676678264301
1676678262995,1676678264509
1676678263491,1676678264605
1676678263531,1676678264661
1676678262929,1676678264697
1676678263319,1676678264713
1676678263127,1676678264845
1676678263654,1676678264917
1676678263624,1676678265149
1676678263153,1676678265313
1676678263899,1676678265321
1676678263995,1676678265441
1676678263339,1676678265529
1676678264607,1676678265601
1676678264251,1676678265673
1676678264063,1676678265705
1676678264083,1676678265777
1676678264511,1676678265945
1676678264699,1676678265993
1676678263815,1676678266061
1676678264715,1676678266179
1676678264663,1676678266213
1676678265315,1676678266277
1676678264919,1676678266289
1676678264303,1676678266373
1676678264847,1676678266393
1676678265154,1676678266565
1676678265323,1676678266633
1676678265603,1676678266709
1676678265675,1676678266813
1676678265948,1676678267165
1676678265531,1676678267269
1676678265443,1676678267425
1676678265779,1676678267557
1676678266374,1676678267589
1676678266215,1676678267641
1676678265640,1676678267665
1676678266063,1676678267670
1676678266181,1676678267773
1676678266395,1676678267797
1676678266815,1676678267865
1676678266567,1676678267921
1676678266278,1676678267925
1676678266711,1676678268001
1676678266291,1676678268066
1676678265995,1676678268237
1676678266635,1676678268349
1676678267271,1676678268357
1676678265707,1676678268465
1676678267167,1676678268705
1676678267643,1676678268757
1676678267775,1676678268761
1676678267591,1676678268921
1676678267427,1676678268981
1676678267799,1676678268989
1676678267559,1676678269097
1676678267671,1676678269205
1676678267657,1676678269249
1676678267923,1676678269265
1676678268467,1676678269453
1676678267867,1676678269545
1676678268351,1676678269657
1676678267927,1676678269725
1676678268068,1676678269797
1676678268003,1676678269805
1676678268239,1676678269897
1676678267671,1676678269921
1676678268763,1676678269949
1676678268707,1676678270105
1676678268983,1676678270529
1676678268359,1676678270529
1676678268759,1676678270545
1676678268991,1676678270593
1676678269659,1676678270617
1676678269455,1676678270737
1676678269267,1676678270889
1676678268670,1676678270917
1676678269207,1676678270921
1676678268923,1676678270953
1676678269547,1676678271057
1676678269099,1676678271125
1676678269923,1676678271189
1676678269806,1676678271193
1676678270107,1676678271261
1676678269255,1676678271305
1676678269798,1676678271341
1676678269727,1676678271361
1676678270595,1676678271521
1676678269899,1676678271521
1676678270531,1676678271661
1676678269951,1676678271792
1676678270531,1676678271793
1676678270955,1676678272057
1676678271127,1676678272089
1676678270891,1676678272221
1676678270618,1676678272297
1676678271343,1676678272345
1676678270739,1676678272349
1676678271191,1676678272437
1676678271195,1676678272553
1676678270547,1676678272557
1676678271059,1676678272693
1676678271307,1676678272741
1676678270923,1676678272769
1676678271363,1676678272773
1676678270687,1676678272953
1676678271263,1676678272961
1676678270922,1676678272969
1676678271663,1676678273005
1676678271523,1676678273033
1676678271794,1676678273273
1676678271696,1676678273289
1676678271523,1676678273357
1676678271795,1676678273373
1676678272347,1676678273437
1676678272351,1676678273509
1676678272299,1676678273514
1676678272223,1676678273653
1676678272091,1676678273705
1676678272743,1676678273869
1676678272971,1676678273909
1676678272963,1676678273961
1676678272771,1676678274073
1676678272555,1676678274102
1676678272439,1676678274245
1676678272059,1676678274285
1676678272559,1676678274401
1676678272774,1676678274453
1676678272959,1676678274477
1676678273007,1676678274529
1676678273275,1676678274633
1676678273516,1676678274637
1676678273439,1676678274689
1676678273035,1676678274690
1676678273511,1676678274797
1676678273655,1676678274817
1676678273294,1676678274845
1676678273375,1676678274869
1676678273707,1676678274877
1676678273711,1676678274941
1676678272695,1676678274989
1676678273359,1676678275065
1676678273911,1676678275073
1676678274075,1676678275193
1676678273871,1676678275245
1676678274479,1676678275417
1676678274247,1676678275485
1676678274104,1676678275529
1676678274403,1676678275637
1676678274635,1676678275721
1676678274724,1676678275840
1676678274287,1676678275861
1676678274799,1676678275969
1676678274639,1676678276013
1676678274847,1676678276065
1676678274879,1676678276157
1676678274946,1676678276185
1676678274691,1676678276225
1676678273963,1676678276265
1676678275195,1676678276285
1676678275075,1676678276313
1676678274991,1676678276365
1676678274691,1676678276405
1676678275419,1676678276589
1676678274819,1676678276677
1676678274531,1676678276781
1676678275531,1676678276817
1676678274455,1676678276893
1676678275067,1676678276921
1676678275845,1676678276925
1676678275639,1676678277049
1676678274871,1676678277053
1676678275247,1676678277085
1676678275862,1676678277129
1676678275723,1676678277269
1676678276267,1676678277293
1676678276287,1676678277321
1676678276187,1676678277337
1676678276067,1676678277469
1676678275971,1676678277606
1676678275487,1676678277697
1676678276367,1676678277749
1676678276783,1676678277869
1676678276591,1676678278069
1676678276315,1676678278241
1676678276407,1676678278413
1676678276015,1676678278417
1676678276679,1676678278461
1676678276159,1676678278493
1676678277087,1676678278521
1676678277051,1676678278553
1676678276927,1676678278649
1676678277323,1676678278661
1676678276227,1676678278669
1676678277131,1676678278681
1676678277055,1676678278693
1676678276819,1676678278713
1676678276743,1676678278769
1676678277471,1676678278777
1676678277608,1676678278809
1676678276895,1676678278845
1676678277754,1676678278885
1676678277339,1676678278897
1676678277699,1676678278905
1676678277295,1676678278941
1676678276923,1676678278969
1676678277751,1676678279109
1676678277271,1676678279153
1676678277871,1676678279173
1676678278071,1676678279269
1676678278243,1676678279277
1676678278463,1676678279445
1676678278523,1676678279513
1676678278415,1676678279613
1676678278651,1676678279737
1676678278695,1676678279805
1676678278890,1676678279821
1676678278419,1676678279877
1676678278715,1676678279901
1676678278672,1676678279957
1676678278663,1676678279965
1676678278774,1676678279977
1676678278766,1676678280012
1676678278683,1676678280029
1676678278555,1676678280277
1676678278907,1676678280505
1676678278811,1676678280525
1676678278899,1676678280569
1676678278971,1676678280593
1676678278495,1676678280617
1676678279739,1676678280641
1676678278846,1676678280665
1676678279447,1676678280717
1676678279111,1676678280749
1676678279271,1676678280789
1676678278943,1676678280880
1676678279979,1676678280965
1676678279615,1676678280997
1676678279155,1676678281009
1676678279959,1676678281033
1676678279175,1676678281065
1676678279279,1676678281165
1676678279515,1676678281169
1676678278779,1676678281277
1676678279879,1676678281357
1676678280279,1676678281410
1676678279807,1676678281421
1676678279823,1676678281485
1676678279903,1676678281525
1676678280619,1676678281553
1676678279967,1676678281649
1676678280017,1676678281658
1676678280031,1676678281681
1676678280595,1676678281801
1676678280507,1676678281937
1676678280667,1676678281981
1676678280751,1676678281989
1676678280784,1676678282025
1676678280643,1676678282045
1676678280571,1676678282053
1676678280527,1676678282229
1676678281035,1676678282293
1676678281171,1676678282305
1676678281167,1676678282464
1676678280791,1676678282465
1676678280882,1676678282497
1676678281487,1676678282561
1676678280967,1676678282589
1676678281067,1676678282635
1676678280719,1676678282689
1676678281683,1676678282817
1676678280999,1676678282917
1676678281011,1676678282917
1676678281526,1676678283041
1676678281279,1676678283057
1676678281411,1676678283101
1676678281359,1676678283113
1676678282047,1676678283169
1676678281983,1676678283209
1676678281660,1676678283285
1676678281794,1676678283309
1676678281555,1676678283333
1676678282055,1676678283357
1676678281423,1676678283357
1676678281939,1676678283437
1676678281991,1676678283473
1676678281651,1676678283505
1676678282307,1676678283529
1676678282231,1676678283541
1676678282563,1676678283553
1676678282466,1676678283589
1676678281803,1676678283653
1676678282468,1676678283733
1676678282030,1676678283749
1676678282637,1676678283833
1676678282918,1676678283861
1676678282691,1676678284045
1676678282295,1676678284045
1676678282591,1676678284085
1676678283059,1676678284141
1676678283115,1676678284205
1676678282807,1676678284229
1676678282819,1676678284329
1676678283439,1676678284489
1676678283543,1676678284645
1676678283315,1676678284668
1676678282919,1676678284729
1676678283591,1676678284761
1676678283359,1676678284769
1676678283103,1676678284809
1676678283043,1676678284837
1676678283835,1676678284886
1676678283359,1676678284973
1676678282499,1676678284977
1676678283171,1676678284993
1676678283335,1676678285009
1676678283531,1676678285033
1676678283863,1676678285045
1676678283655,1676678285077
1676678283475,1676678285105
1676678283211,1676678285137
1676678283287,1676678285193
1676678283735,1676678285201
1676678283555,1676678285297
1676678283751,1676678285377
1676678283507,1676678285397
1676678284047,1676678285457
1676678284234,1676678285473
1676678284669,1676678285481
1676678284143,1676678285493
1676678284207,1676678285541
1676678284087,1676678285545
1676678284839,1676678285549
1676678284491,1676678285801
1676678284763,1676678285818
1676678284995,1676678285865
1676678284771,1676678285908
1676678284975,1676678285941
1676678285011,1676678286129
1676678284047,1676678286149
1676678285107,1676678286181
1676678285203,1676678286241
1676678284731,1676678286353
1676678284811,1676678286377
1676678284647,1676678286437
1676678285495,1676678286441
1676678285551,1676678286677
1676678284819,1676678286677
1676678285547,1676678286733
1676678285047,1676678286737
1676678285459,1676678286837
1676678285475,1676678286853
1676678284887,1676678286881
1676678285138,1676678286885
1676678285195,1676678286921
1676678285079,1676678286937
1676678285543,1676678286993
1676678285034,1676678287062
1676678285379,1676678287089
1676678285803,1676678287129
1676678284331,1676678287169
1676678285399,1676678287209
1676678285483,1676678287257
1676678286243,1676678287261
1676678286131,1676678287273
1676678284979,1676678287277
1676678286183,1676678287301
1676678285299,1676678287365
1676678285910,1676678287377
1676678285834,1676678287445
1676678285867,1676678287485
1676678285820,1676678287493
1676678286443,1676678287601
1676678285943,1676678287633
1676678286355,1676678287679
1676678286151,1676678287709
1676678286679,1676678287709
1676678286883,1676678287809
1676678286439,1676678287869
1676678286735,1676678287916
1676678286855,1676678288001
1676678286683,1676678288110
1676678287064,1676678288189
1676678286939,1676678288213
1676678287090,1676678288257
1676678286839,1676678288285
1676678287367,1676678288313
1676678286739,1676678288317
1676678287303,1676678288389
1676678287259,1676678288409
1676678287279,1676678288545
1676678287379,1676678288609
1676678287131,1676678288669
1676678286923,1676678288669
1676678287275,1676678288721
1676678287495,1676678288805
1676678286851,1676678288841
1676678287450,1676678288861
1676678287263,1676678288873
1676678287171,1676678288921
1676678286379,1676678288929
1676678288003,1676678288937
1676678287635,1676678289070
1676678286887,1676678289101
1676678287711,1676678289117
1676678287918,1676678289166
1676678287487,1676678289265
1676678287711,1676678289269
1676678286995,1676678289309
1676678288319,1676678289333
1676678288112,1676678289341
1676678287811,1676678289441
1676678287211,1676678289461
1676678287603,1676678289473
1676678288315,1676678289477
1676678288391,1676678289486
1676678287681,1676678289546
1676678288411,1676678289637
1676678288191,1676678289641
1676678288215,1676678289649
1676678287871,1676678289665
1676678288259,1676678289877
1676678288922,1676678289890
1676678288287,1676678289933
1676678288863,1676678290005
1676678288723,1676678290066
1676678288861,1676678290106
1676678288547,1676678290117
1676678289168,1676678290173
1676678288670,1676678290205
1676678288671,1676678290345
1676678289271,1676678290429
1676678288846,1676678290465
1676678288807,1676678290485
1676678289103,1676678290569
1676678288874,1676678290589
1676678288939,1676678290646
1676678289071,1676678290685
1676678288611,1676678290705
1676678289639,1676678290721
1676678289479,1676678290737
1676678288930,1676678290769
1676678289343,1676678290781
1676678289879,1676678290953
1676678289935,1676678290957
1676678289335,1676678291020
1676678289488,1676678291077
1676678289311,1676678291077
1676678289267,1676678291129
1676678289547,1676678291181
1676678289475,1676678291265
1676678289892,1676678291293
1676678289119,1676678291309
1676678289667,1676678291321
1676678290119,1676678291441
1676678289651,1676678291441
1676678290347,1676678291485
1676678289643,1676678291549
1676678290007,1676678291573
1676678290068,1676678291581
1676678289463,1676678291635
1676678290175,1676678291641
1676678289443,1676678291645
1676678290571,1676678291701
1676678290111,1676678291729
1676678289879,1676678291921
1676678290739,1676678291929
1676678290467,1676678291969
1676678290648,1676678292037
1676678290955,1676678292049
1676678290783,1676678292081
1676678290207,1676678292089
1676678290591,1676678292101
1676678290771,1676678292157
1676678290687,1676678292209
1676678290723,1676678292245
1676678290891,1676678292273
1676678291079,1676678292337
1676678291323,1676678292341
1676678290487,1676678292345
1676678291183,1676678292349
1676678291487,1676678292389
1676678291311,1676678292457
1676678290959,1676678292521
1676678291731,1676678292693
1676678290431,1676678292749
1676678291443,1676678292793
1676678291703,1676678292825
1676678291443,1676678292833
1676678291131,1676678292837
1676678291267,1676678292881
1676678291079,1676678292917
1676678291551,1676678292933
1676678291927,1676678292973
1676678291643,1676678292989
1676678290707,1676678293081
1676678291903,1676678293129
1676678291637,1676678293177
1676678291022,1676678293201
1676678291575,1676678293229
1676678292039,1676678293297
1676678292051,1676678293317
1676678291295,1676678293325
1676678292083,1676678293373
1676678292343,1676678293409
1676678291971,1676678293449
1676678291647,1676678293481
1676678292211,1676678293577
1676678292247,1676678293605
1676678292391,1676678293673
1676678292159,1676678293681
1676678292279,1676678293709
1676678291931,1676678293773
1676678292339,1676678293785
1676678292975,1676678293861
1676678292751,1676678293885
1676678291583,1676678293893
1676678292695,1676678293917
1676678292839,1676678293989
1676678292795,1676678294013
1676678292459,1676678294057
1676678292347,1676678294081
1676678292523,1676678294109
1676678292351,1676678294261
1676678293319,1676678294285
1676678292827,1676678294297
1676678292103,1676678294297
1676678293202,1676678294361
1676678293375,1676678294377
1676678293179,1676678294381
1676678293134,1676678294389
1676678292935,1676678294437
1676678293483,1676678294450
1676678292091,1676678294521
1676678292919,1676678294529
1676678292991,1676678294601
1676678293083,1676678294617
1676678293327,1676678294777
1676678293607,1676678294809
1676678293711,1676678294813
1676678293451,1676678294861
1676678293299,1676678295021
1676678293675,1676678295025
1676678292883,1676678295045
1676678292835,1676678295113
1676678293411,1676678295133
1676678293919,1676678295177
1676678294015,1676678295200
1676678293579,1676678295205
1676678293231,1676678295209
1676678293887,1676678295217
1676678293991,1676678295257
1676678293895,1676678295317
1676678293921,1676678295353
1676678294262,1676678295361
1676678293683,1676678295373
1676678293863,1676678295381
1676678294391,1676678295393
1676678294299,1676678295445
1676678294287,1676678295448
1676678293775,1676678295457
1676678294059,1676678295529
1676678294083,1676678295573
1676678294299,1676678295681
1676678294111,1676678295685
1676678293787,1676678295689
1676678294439,1676678295713
1676678294383,1676678295733
1676678294363,1676678295821
1676678294379,1676678295836
1676678294523,1676678295842
1676678294779,1676678295969
1676678294811,1676678295989
1676678294451,1676678296045
1676678295023,1676678296109
1676678295383,1676678296173
1676678295202,1676678296181
1676678294619,1676678296305
1676678295027,1676678296353
1676678294863,1676678296361
1676678294603,1676678296381
1676678295375,1676678296437
1676678295047,1676678296437
1676678295211,1676678296485
1676678294815,1676678296565
1676678295219,1676678296609
1676678294531,1676678296677
1676678294935,1676678296677
1676678295115,1676678296681
1676678295531,1676678296765
1676678295450,1676678296781
1676678295459,1676678296826
1676678295319,1676678296857
1676678295179,1676678296862
1676678295363,1676678296869
1676678295683,1676678296925
1676678295447,1676678296937
1676678295207,1676678296945
1676678295687,1676678297005
1676678295691,1676678297141
1676678295359,1676678297181
1676678295715,1676678297189
1676678295259,1676678297221
1676678296111,1676678297321
1676678295844,1676678297329
1676678296047,1676678297349
1676678295951,1676678297425
1676678295991,1676678297441
1676678295395,1676678297465
1676678295575,1676678297493
1676678295838,1676678297585
1676678295735,1676678297605
1676678295823,1676678297649
1676678296183,1676678297653
1676678296439,1676678297693
1676678296859,1676678297821
1676678296487,1676678297829
1676678296439,1676678297849
1676678296175,1676678297857
1676678296767,1676678297901
1676678295135,1676678297905
1676678296567,1676678297909
1676678295970,1676678298009
1676678296683,1676678298025
1676678296683,1676678298035
1676678296939,1676678298041
1676678296679,1676678298053
1676678296947,1676678298141
1676678296363,1676678298166
1676678296307,1676678298177
1676678296611,1676678298269
1676678296783,1676678298297
1676678297006,1676678298305
1676678297183,1676678298327
1676678296863,1676678298329
1676678297223,1676678298349
1676678297431,1676678298417
1676678297323,1676678298433
1676678297351,1676678298445
1676678296828,1676678298449
1676678296927,1676678298465
1676678296355,1676678298497
1676678296383,1676678298517
1676678297331,1676678298623
1676678297191,1676678298633
1676678297143,1676678298649
1676678297495,1676678298697
1676678296871,1676678298821
1676678297859,1676678298861
1676678297695,1676678298885
1676678297851,1676678299009
1676678297467,1676678299017
1676678297655,1676678299017
1676678297587,1676678299045
1676678297903,1676678299117
1676678297911,1676678299177
1676678298055,1676678299185
1676678297607,1676678299189
1676678297443,1676678299233
1676678297823,1676678299257
1676678297907,1676678299301
1676678298037,1676678299306
1676678297831,1676678299309
1676678298027,1676678299421
1676678298419,1676678299421
1676678298043,1676678299437
1676678298011,1676678299469
1676678297651,1676678299485
1676678298299,1676678299553
1676678298447,1676678299581
1676678298168,1676678299625
1676678298331,1676678299661
1676678298635,1676678299691
1676678298307,1676678299741
1676678298179,1676678299757
1676678298143,1676678299761
1676678298499,1676678299769
1676678298468,1676678299781
1676678297967,1676678299797
1676678298823,1676678299865
1676678298863,1676678299925
1676678298351,1676678299945
1676678298271,1676678300021
1676678298651,1676678300049
1676678299179,1676678300085
1676678298699,1676678300129
1676678298329,1676678300136
1676678298451,1676678300193
1676678298435,1676678300245
1676678299259,1676678300257
1676678298625,1676678300277
1676678299047,1676678300361
1676678299311,1676678300381
1676678299019,1676678300381
1676678298887,1676678300385
1676678299118,1676678300401
1676678298519,1676678300421
1676678299235,1676678300457
1676678299423,1676678300457
1676678299011,1676678300473
1676678299663,1676678300673
1676678299303,1676678300689
1676678298980,1676678300713
1676678299019,1676678300717
1676678299191,1676678300725
1676678299487,1676678300737
1676678299187,1676678300765
1676678299555,1676678300809
1676678299866,1676678300813
1676678299471,1676678300816
1676678299802,1676678300889
1676678299693,1676678300993
1676678299424,1676678301001
1676678299439,1676678301037
1676678299308,1676678301037
1676678299759,1676678301049
1676678299927,1676678301049
1676678299583,1676678301073
1676678300138,1676678301073
1676678300023,1676678301289
1676678300247,1676678301341
1676678299762,1676678301349
1676678300051,1676678301389
1676678299947,1676678301413
1676678300258,1676678301429
1676678299771,1676678301461
1676678300383,1676678301525
1676678300195,1676678301572
1676678300383,1676678301605
1676678299627,1676678301625
1676678299783,1676678301625
1676678300279,1676678301644
1676678299743,1676678301657
1676678300131,1676678301673
1676678300423,1676678301765
1676678300402,1676678301867
1676678299990,1676678301910
1676678300719,1676678301921
1676678300767,1676678301969
1676678300815,1676678302005
1676678300387,1676678302021
1676678300727,1676678302057
1676678300475,1676678302072
1676678300458,1676678302117
1676678300739,1676678302133
1676678300692,1676678302189
1676678300719,1676678302209
1676678300812,1676678302221
1676678300818,1676678302233
1676678300995,1676678302277
1676678300459,1676678302281
1676678300087,1676678302305
1676678300675,1676678302317
1676678300892,1676678302457
1676678301003,1676678302461
1676678301075,1676678302461
1676678301051,1676678302489
1676678300363,1676678302489
1676678301075,1676678302497
1676678301352,1676678302553
1676678301051,1676678302573
1676678301039,1676678302573
1676678301291,1676678302653
1676678301343,1676678302673
1676678301415,1676678302681
1676678301527,1676678302705
1676678301627,1676678302709
1676678301767,1676678302713
1676678301391,1676678302713
1676678301431,1676678302765
1676678301038,1676678303005
1676678301659,1676678303037
1676678301463,1676678303121
1676678301675,1676678303165
1676678301646,1676678303205
1676678301607,1676678303225
1676678301627,1676678303257
1676678301573,1676678303309
1676678302191,1676678303321
1676678302319,1676678303345
1676678301922,1676678303377
1676678302006,1676678303385
1676678302283,1676678303397
1676678302491,1676678303413
1676678302074,1676678303481
1676678302135,1676678303501
1676678302307,1676678303537
1676678302499,1676678303541
1676678301869,1676678303621
1676678301971,1676678303629
1676678302211,1676678303665
1676678302119,1676678303669
1676678302007,1676678303681
1676678302655,1676678303681
1676678302279,1676678303805
1676678302555,1676678303809
1676678302235,1676678303817
1676678302059,1676678303817
1676678302223,1676678303829
1676678302463,1676678303853
1676678302715,1676678303881
1676678301916,1676678303885
1676678302575,1676678303905
1676678302463,1676678304001
1676678302023,1676678304003
1676678302491,1676678304029
1676678302674,1676678304073
1676678302575,1676678304173
1676678302715,1676678304173
1676678302683,1676678304185
1676678303259,1676678304269
1676678302459,1676678304297
1676678303007,1676678304305
1676678303207,1676678304305
1676678302707,1676678304313
1676678302767,1676678304365
1676678303123,1676678304386
1676678303399,1676678304397
1676678302711,1676678304477
1676678303819,1676678304541
1676678303323,1676678304593
1676678303379,1676678304653
1676678303227,1676678304727
1676678303347,1676678304737
1676678303539,1676678304741
1676678303622,1676678304753
1676678303020,1676678304781
1676678303039,1676678304893
1676678303543,1676678304922
1676678303311,1676678305009
1676678303683,1676678305049
1676678303502,1676678305053
1676678303167,1676678305101
1676678303830,1676678305113
1676678303819,1676678305181
1676678303682,1676678305205
1676678303667,1676678305208
1676678303887,1676678305285
1676678303811,1676678305288
1676678303483,1676678305313
1676678303415,1676678305323
1676678304187,1676678305333
1676678304315,1676678305393
1676678303883,1676678305433
1676678304175,1676678305441
1676678303391,1676678305489
1676678304004,1676678305529
1676678304031,1676678305537
1676678303907,1676678305569
1676678304299,1676678305597
1676678304175,1676678305613
1676678304595,1676678305661
1676678304075,1676678305693
1676678304399,1676678305709
1676678304388,1676678305745
1676678304271,1676678305805
1676678303807,1676678305809
1676678304367,1676678305849
1676678304307,1676678305921
1676678305207,1676678305925
1676678303630,1676678305957
1676678304786,1676678305971
1676678304003,1676678305973
1676678304479,1676678306065
1676678303855,1676678306089
1676678304743,1676678306093
1676678304027,1676678306097
1676678304755,1676678306137
1676678303670,1676678306145
1676678304655,1676678306181
1676678304895,1676678306221
1676678304924,1676678306261
1676678305011,1676678306309
1676678304543,1676678306321
1676678304307,1676678306329
1676678305051,1676678306385
1676678305103,1676678306449
1676678304728,1676678306461
1676678305210,1676678306493
1676678305531,1676678306549
1676678305055,1676678306565
1676678305571,1676678306613
1676678305315,1676678306625
1676678305115,1676678306665
1676678305324,1676678306681
1676678305491,1676678306697
1676678305599,1676678306709
1676678304739,1676678306745
1676678305289,1676678306749
1676678305435,1676678306821
1676678305695,1676678306901
1676678305443,1676678306965
1676678305287,1676678307041
1676678305663,1676678307065
1676678305335,1676678307149
1676678305973,1676678307165
1676678305811,1676678307193
1676678305711,1676678307208
1676678305539,1676678307269
1676678305183,1676678307389
1676678305927,1676678307397
1676678306139,1676678307457
1676678305747,1676678307465
1676678305923,1676678307465
1676678305975,1676678307477
1676678305395,1676678307477
1676678306263,1676678307489
1676678305959,1676678307498
1676678306102,1676678307513
1676678306387,1676678307526
1676678306147,1676678307573
1676678305615,1676678307581
1676678306048,1676678307577
1676678306091,1676678307597
1676678305851,1676678307609
1676678306323,1676678307633
1676678306223,1676678307653
1676678306183,1676678307677
1676678306463,1676678307713
1676678305807,1676678307721
1676678306495,1676678307749
1676678306551,1676678307761
1676678306567,1676678307821
1676678306067,1676678307825
1676678306095,1676678307833
1676678306331,1676678307895
1676678306311,1676678307917
1676678306683,1676678307917
1676678306615,1676678307981
1676678307067,1676678307989
1676678306667,1676678308101
1676678306711,1676678308117
1676678306903,1676678308165
1676678306967,1676678308201
1676678306451,1676678308217
1676678306699,1676678308281
1676678306823,1676678308297
1676678306627,1676678308377
1676678307042,1676678308389
1676678307210,1676678308437
1676678307467,1676678308454
1676678307166,1676678308497
1676678306747,1676678308541
1676678307399,1676678308541
1676678307479,1676678308617
1676678307271,1676678308633
1676678307059,1676678308637
1676678307151,1676678308717
1676678307392,1676678308717
1676678307528,1676678308765
1676678307515,1676678308769
1676678307599,1676678308793
1676678307751,1676678308833
1676678307575,1676678308853
1676678307195,1676678308886
1676678306751,1676678308889
1676678307919,1676678308901
1676678307583,1676678308925
1676678307823,1676678308977
1676678307611,1676678309009
1676678307897,1676678309013
1676678307479,1676678309013
1676678307635,1676678309049
1676678307983,1676678309049
1676678307583,1676678309113
1676678307491,1676678309157
1676678308283,1676678309221
1676678307919,1676678309281
1676678307655,1676678309285
1676678307500,1676678309305
1676678307459,1676678309305
1676678307763,1676678309393
1676678308119,1676678309433
1676678307723,1676678309457
1676678307467,1676678309481
1676678308391,1676678309526
1676678307991,1676678309537
1676678307715,1676678309561
1676678307835,1676678309577
1676678308167,1676678309589
1676678307679,1676678309609
1676678308299,1676678309623
1676678308439,1676678309637
1676678308499,1676678309713
1676678308203,1676678309773
1676678307827,1676678309781
1676678308719,1676678309813
1676678308219,1676678309849
1676678308642,1676678309889
1676678308379,1676678309897
1676678308103,1676678309925
1676678308635,1676678309937
1676678309011,1676678310053
1676678308543,1676678310177
1676678308794,1676678310185
1676678308979,1676678310193
1676678308888,1676678310225
1676678308619,1676678310225
1676678308455,1676678310229
1676678309015,1676678310241
1676678308903,1676678310272
1676678309051,1676678310289
1676678309051,1676678310345
1676678308927,1676678310357
1676678309159,1676678310457
1676678308543,1676678310461
1676678308771,1676678310477
1676678308835,1676678310485
1676678309115,1676678310505
1676678308891,1676678310517
1676678308856,1676678310520
1676678308719,1676678310577
1676678309307,1676678310629
1676678309435,1676678310655
1676678309306,1676678310681
1676678309015,1676678310697
1676678309223,1676678310709
1676678309076,1676678310710
1676678309459,1676678310749
1676678309815,1676678310777
1676678309539,1676678310785
1676678308767,1676678310797
1676678309527,1676678310929
1676678309579,1676678310933
1676678309625,1676678310941
1676678309927,1676678310973
1676678309715,1676678311008
1676678309287,1676678311049
1676678309283,1676678311053
1676678309483,1676678311077
1676678309939,1676678311129
1676678310179,1676678311173
1676678309563,1676678311189
1676678309611,1676678311205
1676678310507,1676678311257
1676678309851,1676678311289
1676678309639,1676678311309
1676678309775,1676678311325
1676678309899,1676678311353
1676678309591,1676678311354
1676678310227,1676678311381
1676678309891,1676678311385
1676678309395,1676678311405
1676678310093,1676678311469
1676678309783,1676678311489
1676678310231,1676678311577
1676678310479,1676678311637
1676678310227,1676678311637
1676678310347,1676678311665
1676678310657,1676678311665
1676678310291,1676678311677
1676678310487,1676678311689
1676678310711,1676678311717
1676678310055,1676678311793
1676678310699,1676678311829
1676678311079,1676678311953
1676678310779,1676678311973
1676678310463,1676678311993
1676678311051,1676678312005
1676678310186,1676678312005
1676678310935,1676678312029
1676678310799,1676678312061
1676678310195,1676678312081
1676678310751,1676678312165
1676678310943,1676678312173
1676678310359,1676678312177
1676678310975,1676678312185
1676678310522,1676678312189
1676678310273,1676678312209
1676678310683,1676678312213
1676678310715,1676678312257
1676678310631,1676678312297
1676678311311,1676678312305
1676678310787,1676678312421
1676678311055,1676678312421
1676678311191,1676678312425
1676678310519,1676678312449
1676678311175,1676678312457
1676678311327,1676678312473
1676678310931,1676678312477
1676678311491,1676678312533
1676678311010,1676678312593
1676678311407,1676678312613
1676678311291,1676678312629
1676678311131,1676678312641
1676678310243,1676678312705
1676678311691,1676678312813
1676678311356,1676678312821
1676678311355,1676678312832
1676678311387,1676678312857
1676678310579,1676678312881
1676678311207,1676678312901
1676678311639,1676678312902
1676678311383,1676678312917
1676678312007,1676678312997
1676678311667,1676678313013
1676678311975,1676678313025
1676678311475,1676678313045
1676678311795,1676678313101
1676678311639,1676678313108
1676678312083,1676678313141
1676678312178,1676678313149
1676678311995,1676678313177
1676678311259,1676678313185
1676678311667,1676678313253
1676678312007,1676678313268
1676678311719,1676678313277
1676678312211,1676678313394
1676678312167,1676678313437
1676678312107,1676678313449
1676678312479,1676678313469
1676678310459,1676678313485
1676678312459,1676678313521
1676678311579,1676678313565
1676678311955,1676678313573
1676678312259,1676678313581
1676678311679,1676678313661
1676678312031,1676678313677
1676678312595,1676678313692
1676678312423,1676678313705
1676678312307,1676678313709
1676678312186,1676678313713
1676678312423,1676678313737
1676678312063,1676678313769
1676678312214,1676678313777
1676678312427,1676678313817
1676678312299,1676678313837
1676678312903,1676678313949
1676678312174,1676678313957
1676678312707,1676678314026
1676678312631,1676678314053
1676678312859,1676678314057
1676678312190,1676678314073
1676678312615,1676678314114
1676678312643,1676678314141
1676678312919,1676678314193
1676678311831,1676678314229
1676678313047,1676678314257
1676678312999,1676678314271
1676678313109,1676678314277
1676678312451,1676678314289
1676678312883,1676678314289
1676678313186,1676678314325
1676678313279,1676678314373
1676678312823,1676678314405
1676678312904,1676678314410
1676678313015,1676678314429
1676678312475,1676678314433
1676678313439,1676678314525
1676678313269,1676678314537
1676678313471,1676678314545
1676678313119,1676678314562
1676678313151,1676678314593
1676678313179,1676678314613
1676678313663,1676678314616
1676678312834,1676678314625
1676678312815,1676678314669
1676678313103,1676678314673
1676678312536,1676678314701
1676678313487,1676678314753
1676678313454,1676678314797
1676678313027,1676678314808
1676678313255,1676678314825
1676678313779,1676678314837
1676678313143,1676678314869
1676678313567,1676678314970
1676678313583,1676678315001
1676678313523,1676678315009
1676678313839,1676678315049
1676678313575,1676678315073
1676678314195,1676678315089
1676678313396,1676678315101
1676678313711,1676678315181
1676678314279,1676678315209
1676678313959,1676678315277
1676678313715,1676678315281
1676678314075,1676678315293
1676678313951,1676678315305
1676678314291,1676678315309
1676678313739,1676678315321
1676678314055,1676678315417
1676678313694,1676678315433
1676678314412,1676678315449
1676678314547,1676678315477
1676678314059,1676678315501
1676678314028,1676678315513
1676678313819,1676678315521
1676678313707,1676678315572
1676678314116,1676678315585
1676678314435,1676678315585
1676678314527,1676678315617
1676678314273,1676678315661
1676678313771,1676678315665
1676678314539,1676678315689
1676678314671,1676678315761
1676678314143,1676678315765
1676678314810,1676678315797
1676678314231,1676678315801
1676678313679,1676678315813
1676678314375,1676678315865
1676678314798,1676678315905
1676678314327,1676678315925
1676678314291,1676678315929
1676678314567,1676678315969
1676678314259,1676678315973
1676678314626,1676678316017
1676678314615,1676678316038
1676678315011,1676678316065
1676678314406,1676678316069
1676678314595,1676678316085
1676678315103,1676678316085
1676678314675,1676678316097
1676678315002,1676678316201
1676678315091,1676678316213
1676678314971,1676678316225
1676678314827,1676678316289
1676678314870,1676678316363
1676678314703,1676678316381
1676678315419,1676678316397
1676678315451,1676678316401
1676678314431,1676678316417
1676678315211,1676678316428
1676678315142,1676678316425
1676678315279,1676678316465
1676678315307,1676678316501
1676678314618,1676678316569
1676678315310,1676678316570
1676678315075,1676678316614
1676678314755,1676678316625
1676678315479,1676678316649
1676678315503,1676678316729
1676678314839,1676678316733
1676678315051,1676678316741
1676678315587,1676678316821
1676678315514,1676678316829
1676678315867,1676678316833
1676678315767,1676678316881
1676678315294,1676678316897
1676678315815,1676678316937
1676678315435,1676678316937
1676678315574,1676678316985
1676678315587,1676678316997
1676678315183,1676678317041
1676678315523,1676678317045
1676678315799,1676678317113
1676678315691,1676678317153
1676678315803,1676678317193
1676678316071,1676678317209
1676678315619,1676678317221
1676678316067,1676678317280
1676678315931,1676678317333
1676678315763,1676678317345
1676678316019,1676678317373
1676678315927,1676678317389
1676678316215,1676678317389
1676678315663,1676678317403
1676678315667,1676678317501
1676678316086,1676678317501
1676678315907,1676678317517
1676678315971,1676678317569
1676678316403,1676678317577
1676678315323,1676678317577
1676678316467,1676678317585
1676678316399,1676678317622
1676678315283,1676678317649
1676678316087,1676678317653
1676678316040,1676678317669
1676678315975,1676678317713
1676678316616,1676678317713
1676678316503,1676678317733
1676678316383,1676678317753
1676678316430,1676678317770
1676678316203,1676678317781
1676678316823,1676678317853
1676678316419,1676678317889
1676678316731,1676678317889
1676678316365,1676678317929
1676678316735,1676678317937
1676678316743,1676678317937
1676678316227,1676678318005
1676678316835,1676678318005
1676678316572,1676678318017
1676678317047,1676678318097
1676678316999,1676678318097
1676678316939,1676678318109
1676678316099,1676678318141
1676678316651,1676678318177
1676678317334,1676678318181
1676678316939,1676678318205
1676678316291,1676678318205
1676678316431,1676678318205
1676678316987,1676678318273
1676678317195,1676678318313
1676678317159,1676678318345
1676678316627,1676678318413
1676678316883,1676678318445
1676678316899,1676678318485
1676678317579,1676678318565
1676678317115,1676678318565
1676678317503,1676678318617
1676678316831,1676678318617
1676678317405,1676678318621
1676678316571,1676678318637
1676678317374,1676678318689
1676678317503,1676678318693
1676678317155,1676678318729
1676678317043,1676678318737
1676678317772,1676678318745
1676678317346,1676678318753
1676678317655,1676678318753
1676678317390,1676678318763
1676678317735,1676678318861
1676678317390,1676678318913
1676678317671,1676678318929
1676678317939,1676678318929
1676678317715,1676678318941
1676678317754,1676678318974
1676678317579,1676678319025
1676678317518,1676678319055
1676678317571,1676678319061
1676678317223,1676678319065
1676678317624,1676678319085
1676678318099,1676678319101
1676678317715,1676678319169
1676678317211,1676678319209
1676678317651,1676678319233
1676678317587,1676678319269
1676678317281,1676678319277
1676678317939,1676678319297
1676678317783,1676678319317
1676678318179,1676678319345
1676678317891,1676678319389
1676678317891,1676678319413
1676678318207,1676678319413
1676678318019,1676678319429
1676678318207,1676678319429
1676678318007,1676678319441
1676678318623,1676678319505
1676678318111,1676678319505
1676678318183,1676678319549
1676678318143,1676678319553
1676678318415,1676678319565
1676678318619,1676678319581
1676678318567,1676678319589
1676678317855,1676678319625
1676678318207,1676678319693
1676678318007,1676678319705
1676678318099,1676678319785
1676678318351,1676678319793
1676678318755,1676678319857
1676678318315,1676678319858
1676678318447,1676678319905
1676678318931,1676678319929
1676678318747,1676678319937
1676678318620,1676678319965
1676678318739,1676678319989
1676678318732,1676678320009
1676678317931,1676678320031
1676678318275,1676678320109
1676678318755,1676678320119
1676678318695,1676678320177
1676678318943,1676678320181
1676678319067,1676678320193
1676678319057,1676678320197
1676678318487,1676678320217
1676678319027,1676678320233
1676678318567,1676678320277
1676678319278,1676678320293
1676678318639,1676678320306
1676678318765,1676678320349
1676678319583,1676678320397
1676678319171,1676678320405
1676678318976,1676678320453
1676678319087,1676678320493
1676678318931,1676678320513
1676678318915,1676678320557
1676678318863,1676678320605
1676678319235,1676678320613
1676678319103,1676678320613
1676678319063,1676678320649
1676678318691,1676678320713
1676678319299,1676678320782
1676678319319,1676678320782
1676678319795,1676678320801
1676678319627,1676678320833
1676678319391,1676678320841
1676678319507,1676678320901
1676678319707,1676678320929
1676678319415,1676678320933
1676678319347,1676678320957
1676678319443,1676678320976
1676678319175,1676678320973
1676678319551,1676678320977
1676678320011,1676678321009
1676678320111,1676678321029
1676678319567,1676678321033
1676678320199,1676678321115
1676678319695,1676678321153
1676678319211,1676678321209
1676678319415,1676678321217
1676678319860,1676678321277
1676678319931,1676678321337
1676678320455,1676678321381
1676678319431,1676678321393
1676678319431,1676678321413
1676678320235,1676678321462
1676678319991,1676678321502
1676678319555,1676678321513
1676678320278,1676678321541
1676678319507,1676678321553
1676678320515,1676678321601
1676678320219,1676678321601
1676678320407,1676678321613
1676678319787,1676678321621
1676678320351,1676678321674
1676678319939,1676678321697
1676678320121,1676678321697
1676678319591,1676678321753
1676678319907,1676678321757
1676678319859,1676678321761
1676678320179,1676678321765
1676678319967,1676678321773
1676678319271,1676678321805
1676678320308,1676678321837
1676678320183,1676678321857
1676678320195,1676678321917
1676678320843,1676678321921
1676678320803,1676678321929
1676678320495,1676678321949
1676678320033,1676678322017
1676678320785,1676678322037
1676678320903,1676678322041
1676678320399,1676678322045
1676678320650,1676678322113
1676678320607,1676678322129
1676678321011,1676678322165
1676678320295,1676678322173
1676678320935,1676678322180
1676678320835,1676678322193
1676678320559,1676678322213
1676678321031,1676678322217
1676678321117,1676678322253
1676678320977,1676678322289
1676678320979,1676678322313
1676678321155,1676678322329
1676678320784,1676678322329
1676678320959,1676678322377
1676678320931,1676678322381
1676678320715,1676678322405
1676678320979,1676678322425
1676678321035,1676678322437
1676678320615,1676678322521
1676678321279,1676678322545
1676678321555,1676678322569
1676678321602,1676678322569
1676678321383,1676678322573
1676678321615,1676678322585
1676678321415,1676678322585
1676678320615,1676678322609
1676678321806,1676678322693
1676678321395,1676678322693
1676678321211,1676678322713
1676678321339,1676678322829
1676678321515,1676678322861
1676678321464,1676678322869
1676678321504,1676678322949
1676678321699,1676678322961
1676678321923,1676678322986
1676678321219,1676678323005
1676678321194,1676678323021
1676678321839,1676678323129
1676678321775,1676678323161
1676678321919,1676678323213
1676678321762,1676678323225
1676678321755,1676678323325
1676678322331,1676678323345
1676678321676,1676678323365
1676678322115,1676678323381
1676678322043,1676678323401
1676678322039,1676678323456
1676678321543,1676678323461
1676678321766,1676678323509
1676678321931,1676678323545
1676678321623,1676678323577
1676678321951,1676678323597
1676678321859,1676678323638
1676678321698,1676678323657
1676678322019,1676678323693
1676678322587,1676678323693
1676678322195,1676678323717
1676678321603,1676678323785
1676678322130,1676678323793
1676678322695,1676678323807
1676678322219,1676678323817
1676678322291,1676678323873
1676678322047,1676678323897
1676678322575,1676678323898
1676678322523,1676678323915
1676678322182,1676678323925
1676678322715,1676678323929
1676678322695,1676678323941
1676678322167,1676678323953
1676678322255,1676678323957
1676678322214,1676678323977
1676678322330,1676678323981
1676678323007,1676678324001
1676678322611,1676678324013
1676678322315,1676678324069
1676678322427,1676678324081
1676678322175,1676678324101
1676678322383,1676678324105
1676678322587,1676678324128
1676678322951,1676678324181
1676678322871,1676678324201
1676678322547,1676678324241
1676678323227,1676678324261
1676678323327,1676678324313
1676678323027,1676678324326
1676678322407,1676678324353
1676678322963,1676678324365
1676678321759,1676678324381
1676678322571,1676678324441
1676678323131,1676678324449
1676678322571,1676678324477
1676678323463,1676678324477
1676678323211,1676678324561
1676678323347,1676678324565
1676678323458,1676678324577
1676678322988,1676678324593
1676678322379,1676678324633
1676678323659,1676678324669
1676678322863,1676678324677
1676678323383,1676678324713
1676678322439,1676678324721
1676678323511,1676678324733
1676678322831,1676678324761
1676678323599,1676678324853
1676678323367,1676678324869
1676678323931,1676678324877
1676678323795,1676678324877
1676678323547,1676678324885
1676678323900,1676678324889
1676678323695,1676678324949
1676678323917,1676678324957
1676678323215,1676678325009
1676678323787,1676678325053
1676678323875,1676678325105
1676678323809,1676678325129
1676678323640,1676678325161
1676678324015,1676678325169
1676678323163,1676678325197
1676678323403,1676678325269
1676678324003,1676678325317
1676678324263,1676678325333
1676678323955,1676678325333
1676678323579,1676678325337
1676678324071,1676678325377
1676678324243,1676678325389
1676678323819,1676678325397
1676678323959,1676678325398
1676678324107,1676678325441
1676678323979,1676678325505
1676678324328,1676678325513
1676678323927,1676678325541
1676678324129,1676678325557
1676678324479,1676678325673
1676678324579,1676678325729
1676678324443,1676678325737
1676678324595,1676678325745
1676678324083,1676678325758
1676678324383,1676678325773
1676678324103,1676678325809
1676678323719,1676678325817
1676678324567,1676678325821
1676678324479,1676678325821
1676678324315,1676678325841
1676678324182,1676678325842
1676678324367,1676678325849
1676678323899,1676678325877
1676678324567,1676678325901
1676678323983,1676678325925
1676678323695,1676678325933
1676678324355,1676678325965
1676678323944,1676678325985
1676678324671,1676678325997
1676678324871,1676678326013
1676678324855,1676678326069
1676678324879,1676678326105
1676678325198,1676678326117
1676678324887,1676678326129
1676678324635,1676678326153
1676678324451,1676678326165
1676678324203,1676678326205
1676678324879,1676678326209
1676678325107,1676678326285
1676678324959,1676678326301
1676678324951,1676678326349
1676678324763,1676678326349
1676678325399,1676678326353
1676678325400,1676678326353
1676678325131,1676678326393
1676678324679,1676678326405
1676678325271,1676678326433
1676678325543,1676678326441
1676678325335,1676678326441
1676678325055,1676678326457
1676678324714,1676678326533
1676678324891,1676678326585
1676678325391,1676678326673
1676678324735,1676678326685
1676678325443,1676678326697
1676678325379,1676678326713
1676678325507,1676678326759
1676678325338,1676678326773
1676678325515,1676678326798
1676678324723,1676678326821
1676678325163,1676678326845
1676678325334,1676678326849
1676678325559,1676678326881
1676678325171,1676678326910
1676678325760,1676678326978
1676678326107,1676678326997
1676678325775,1676678327017
1676678325675,1676678327037
1676678325843,1676678327097
1676678325879,1676678327097
1676678325812,1676678327181
1676678325852,1676678327193
1676678325747,1676678327201
1676678326015,1676678327225
1676678325927,1676678327229
1676678325987,1676678327245
1676678326167,1676678327285
1676678326071,1676678327301
1676678326207,1676678327361
1676678325935,1676678327365
1676678325731,1676678327397
1676678325819,1676678327437
1676678325823,1676678327441
1676678325903,1676678327465
1676678325739,1676678327505
1676678326155,1676678327521
1676678325967,1676678327553
1676678325823,1676678327564
1676678325319,1676678327569
1676678325844,1676678327621
1676678326231,1676678327673
1676678326351,1676678327693
1676678326287,1676678327709
1676678325011,1676678327717
1676678326351,1676678327737
1676678326355,1676678327745
1676678326535,1676678327757
1676678326303,1676678327757
1676678326699,1676678327765
1676678326131,1676678327793
1676678326355,1676678327801
1676678326119,1676678327829
1676678326211,1676678327841
1676678326911,1676678327861
1676678326687,1676678327861
1676678325999,1676678327865
1676678326407,1676678327925
1676678326395,1676678327971
1676678326715,1676678328017
1676678326775,1676678328017
1676678326847,1676678328049
1676678327195,1676678328094
1676678326800,1676678328117
1676678326675,1676678328117
1676678326459,1676678328161
1676678326588,1676678328173
1676678327019,1676678328189
1676678326979,1676678328192
1676678326883,1676678328193
1676678326823,1676678328245
1676678326443,1676678328265
1676678326760,1676678328277
1676678327099,1676678328285
1676678327287,1676678328384
1676678326443,1676678328389
1676678326851,1676678328401
1676678327399,1676678328413
1676678327203,1676678328501
1676678326999,1676678328549
1676678327038,1676678328553
1676678326435,1676678328597
1676678327182,1676678328621
1676678327367,1676678328645
1676678327362,1676678328653
1676678327231,1676678328693
1676678327678,1676678328697
1676678327467,1676678328705
1676678327443,1676678328757
1676678327623,1676678328773
1676678327303,1676678328785
1676678327099,1676678328849
1676678327759,1676678328865
1676678327795,1676678328885
1676678327747,1676678328917
1676678327571,1676678328929
1676678327523,1676678328969
1676678327719,1676678328969
1676678327863,1676678328997
1676678327863,1676678329001
1676678328119,1676678329029
1676678328175,1676678329097
1676678327507,1676678329101
1676678327867,1676678329113
1676678327247,1676678329115
1676678328163,1676678329210
1676678327555,1676678329225
1676678327759,1676678329266
1676678327803,1676678329285
1676678328191,1676678329317
1676678328051,1676678329321
1676678327439,1676678329345
1676678328247,1676678329373
1676678327767,1676678329373
1676678327695,1676678329385
1676678327739,1676678329398
1676678327711,1676678329409
1676678327566,1676678329425
1676678327843,1676678329441
1676678328391,1676678329449
1676678327831,1676678329457
1676678327927,1676678329457
1676678328019,1676678329524
1676678328119,1676678329541
1676678327227,1676678329561
1676678328623,1676678329573
1676678327973,1676678329593
1676678328194,1676678329593
1676678328551,1676678329617
1676678328503,1676678329677
1676678328096,1676678329701
1676678328386,1676678329713
1676678328019,1676678329713
1676678328647,1676678329721
1676678328267,1676678329753
1676678328279,1676678329757
1676678328195,1676678329773
1676678328699,1676678329813
1676678328287,1676678329844
1676678328694,1676678329865
1676678328403,1676678329869
1676678328774,1676678329885
1676678328599,1676678329977
1676678328707,1676678330109
1676678328415,1676678330113
1676678328655,1676678330124
1676678328919,1676678330134
1676678328759,1676678330156
1676678328851,1676678330197
1676678329099,1676678330197
1676678328867,1676678330209
1676678328999,1676678330273
1676678328971,1676678330301
1676678328887,1676678330341
1676678329003,1676678330345
1676678329115,1676678330381
1676678329212,1676678330461
1676678329347,1676678330485
1676678328971,1676678330497
1676678329400,1676678330565
1676678329031,1676678330569
1676678329117,1676678330574
1676678329227,1676678330577
1676678329543,1676678330597
1676678329375,1676678330625
1676678329103,1676678330629
1676678329319,1676678330633
1676678329595,1676678330749
1676678329451,1676678330773
1676678328555,1676678330797
1676678328931,1676678330825
1676678329679,1676678330853
1676678329268,1676678330881
1676678329703,1676678330981
1676678329723,1676678330997
1676678329251,1676678331053
1676678329459,1676678331073
1676678329755,1676678331081
1676678329375,1676678331089
1676678328787,1676678331105
1676678329387,1676678331113
1676678329323,1676678331129
1676678329715,1676678331142
1676678329442,1676678331177
1676678330136,1676678331221
1676678329459,1676678331221
1676678329815,1676678331270
1676678329979,1676678331285
1676678329775,1676678331289
1676678329427,1676678331296
1676678329563,1676678331297
1676678329595,1676678331301
1676678329411,1676678331301
1676678329866,1676678331317
1676678329619,1676678331337
1676678329526,1676678331349
1676678329575,1676678331374
1676678330347,1676678331385
1676678330303,1676678331401
1676678329846,1676678331405
1676678329715,1676678331437
1676678329870,1676678331477
1676678330463,1676678331497
1676678330383,1676678331537
1676678329287,1676678331549
1676678330275,1676678331557
1676678330627,1676678331577
1676678330199,1676678331581
1676678329758,1676678331661
1676678329887,1676678331717
1676678330599,1676678331741
1676678330126,1676678331749
1676678330487,1676678331761
1676678330567,1676678331761
1676678330158,1676678331821
1676678330882,1676678331850
1676678330211,1676678331865
1676678330342,1676678331877
1676678330571,1676678331878
1676678331059,1676678331909
1676678330775,1676678331942
1676678330115,1676678331960
1676678330751,1676678332053
1676678330799,1676678332073
1676678330855,1676678332097
1676678330635,1676678332121
1676678330999,1676678332165
1676678330200,1676678332185
1676678330499,1676678332189
1676678331403,1676678332193
1676678330631,1676678332237
1676678331179,1676678332253
1676678331107,1676678332261
1676678330576,1676678332289
1676678330827,1676678332306
1676678330111,1676678332373
1676678330983,1676678332505
1676678331303,1676678332537
1676678331131,1676678332541
1676678331075,1676678332573
1676678331319,1676678332581
1676678330579,1676678332597
1676678331291,1676678332601
1676678331299,1676678332673
1676678331115,1676678332681
1676678331499,1676678332697
1676678331144,1676678332717
1676678331339,1676678332809
1676678331763,1676678332857
1676678331091,1676678332857
1676678331287,1676678332861
1676678331663,1676678332865
1676678331559,1676678332890
1676678331351,1676678332925
1676678331302,1676678332965
1676678331763,1676678332973
1676678331376,1676678332973
1676678331272,1676678332981
1676678331961,1676678332985
1676678331223,1676678332985
1676678331719,1676678333009
1676678331223,1676678333065
1676678331851,1676678333069
1676678331479,1676678333101
1676678331867,1676678333137
1676678331438,1676678333157
1676678331751,1676678333157
1676678332099,1676678333217
1676678331743,1676678333229
1676678331943,1676678333245
1676678332055,1676678333253
1676678331551,1676678333301
1676678331407,1676678333325
1676678332123,1676678333353
1676678331911,1676678333381
1676678332187,1676678333381
1676678331823,1676678333405
1676678332075,1676678333405
1676678331297,1676678333441
1676678331387,1676678333445
1676678331539,1676678333461
1676678332291,1676678333465
1676678331879,1676678333489
1676678331583,1676678333497
1676678332195,1676678333501
1676678332375,1676678333517
1676678332263,1676678333517
1676678332191,1676678333521
1676678331083,1676678333553
1676678332255,1676678333577
1676678331579,1676678333601
1676678332167,1676678333633
1676678332507,1676678333653
1676678332308,1676678333761
1676678332675,1676678333769
1676678332967,1676678333795
1676678332683,1676678333821
1676678332539,1676678333853
1676678332238,1676678333922
1676678332811,1676678333925
1676678332698,1676678333981
1676678331879,1676678334010
1676678332927,1676678334021
1676678332575,1676678334045
1676678332986,1676678334061
1676678332598,1676678334061
1676678332719,1676678334089
1676678332602,1676678334132
1676678332583,1676678334153
1676678333159,1676678334189
1676678332867,1676678334196
1676678332975,1676678334249
1676678333255,1676678334269
1676678332892,1676678334370
1676678332983,1676678334389
1676678333103,1676678334465
1676678332859,1676678334481
1676678332863,1676678334538
1676678333462,1676678334557
1676678332975,1676678334557
1676678333071,1676678334558
1676678333159,1676678334565
1676678333327,1676678334597
1676678333355,1676678334641
1676678332859,1676678334686
1676678333011,1676678334793
1676678332987,1676678334805
1676678333446,1676678334808
1676678332543,1676678334813
1676678333383,1676678334849
1676678333139,1676678334873
1676678333407,1676678334886
1676678333231,1676678334889
1676678333219,1676678334901
1676678333603,1676678335005
1676678333555,1676678335041
1676678333503,1676678335058
1676678333522,1676678335065
1676678333067,1676678335081
1676678333303,1676678335085
1676678333797,1676678335149
1676678333467,1676678335173
1676678333579,1676678335177
1676678333823,1676678335181
1676678333247,1676678335185
1676678333498,1676678335213
1676678333771,1676678335213
1676678333763,1676678335221
1676678333407,1676678335233
1676678334134,1676678335238
1676678334091,1676678335277
1676678333635,1676678335305
1676678333655,1676678335313
1676678334198,1676678335316
1676678333519,1676678335337
1676678333983,1676678335349
1676678333383,1676678335353
1676678333927,1676678335357
1676678334063,1676678335401
1676678334191,1676678335405
1676678333490,1676678335437
1676678333443,1676678335445
1676678334155,1676678335509
1676678333855,1676678335517
1676678333924,1676678335533
1676678334271,1676678335561
1676678334047,1676678335593
1676678334012,1676678335609
1676678334391,1676678335629
1676678334567,1676678335721
1676678333519,1676678335745
1676678334888,1676678335825
1676678334795,1676678335841
1676678334559,1676678335853
1676678334063,1676678335861
1676678334599,1676678335869
1676678334540,1676678335877
1676678334280,1676678335909
1676678334851,1676678335937
1676678334483,1676678335938
1676678334372,1676678335941
1676678334807,1676678335949
1676678334250,1676678335953
1676678334815,1676678336093
1676678334466,1676678336109
1676678334560,1676678336125
1676678334810,1676678336153
1676678334687,1676678336193
1676678334559,1676678336193
1676678335043,1676678336201
1676678335060,1676678336206
1676678334903,1676678336253
1676678334891,1676678336257
1676678334643,1676678336333
1676678335187,1676678336415
1676678334023,1676678336453
1676678335355,1676678336473
1676678335067,1676678336493
1676678335087,1676678336497
1676678335403,1676678336501
1676678335235,1676678336509
1676678335007,1676678336517
1676678335240,1676678336569
1676678335215,1676678336621
1676678335215,1676678336629
1676678335179,1676678336674
1676678335827,1676678336705
1676678335279,1676678336725
1676678335307,1676678336749
1676678335595,1676678336761
1676678335083,1676678336877
1676678335183,1676678336877
1676678334875,1676678336889
1676678335439,1676678336921
1676678335447,1676678336945
1676678335339,1676678336967
1676678335855,1676678337077
1676678335943,1676678337116
1676678335631,1676678337137
1676678335223,1676678337145
1676678335317,1676678337161
1676678335151,1676678337177
1676678335175,1676678337209
1676678335863,1676678337229
1676678335350,1676678337248
1676678335879,1676678337257
1676678335940,1676678337273
1676678335359,1676678337273
1676678335871,1676678337285
1676678335611,1676678337297
1676678336155,1676678337345
1676678336195,1676678337345
1676678335915,1676678337373
1676678335563,1676678337385
1676678335843,1676678337401
1676678335315,1676678337441
1676678336203,1676678337465
1676678335747,1676678337487
1676678336208,1676678337517
1676678335535,1676678337529
1676678335519,1676678337569
1676678336499,1676678337585
1676678336111,1676678337598
1676678335407,1676678337605
1676678335951,1676678337645
1676678335511,1676678337673
1676678336475,1676678337681
1676678336259,1676678337725
1676678336417,1676678337729
1676678335939,1676678337733
1676678336631,1676678337733
1676678335955,1676678337733
1676678336095,1676678337749
1676678336335,1676678337753
1676678336969,1676678337809
1676678336510,1676678337830
1676678336503,1676678337837
1676678336127,1676678337861
1676678336571,1676678337877
1676678336255,1676678337901
1676678336879,1676678337917
1676678337178,1676678337989
1676678336623,1676678338017
1676678335723,1676678338057
1676678336675,1676678338065
1676678336763,1676678338073
1676678336455,1676678338077
1676678336194,1676678338089
1676678336707,1676678338101
1676678336879,1676678338149
1676678337375,1676678338241
1676678336751,1676678338293
1676678337079,1676678338297
1676678336727,1676678338321
1676678337210,1676678338377
1676678337139,1676678338385
1676678337117,1676678338425
1676678337275,1676678338433
1676678336495,1676678338473
1676678337163,1676678338485
1676678337275,1676678338497
1676678336923,1676678338501
1676678337403,1676678338533
1676678337387,1676678338549
1676678337146,1676678338561
1676678337259,1676678338609
1676678337250,1676678338641
1676678337683,1676678338693
1676678336519,1676678338741
1676678337347,1676678338773
1676678337731,1676678338785
1676678337599,1676678338821
1676678336891,1676678338841
1676678337231,1676678338845
1676678336947,1676678338861
1676678337834,1676678338873
1676678337519,1676678338877
1676678337299,1676678338897
1676678337442,1676678338909
1676678337571,1676678338933
1676678337647,1676678338953
1676678337286,1676678338957
1676678337751,1676678338989
1676678337735,1676678338992
1676678337531,1676678338993
1676678337607,1676678339029
1676678338075,1676678339069
1676678337863,1676678339173
1676678337587,1676678339205
1676678337347,1676678339225
1676678337467,1676678339253
1676678338151,1676678339297
1676678338103,1676678339301
1676678338091,1676678339312
1676678337919,1676678339369
1676678337735,1676678339377
1676678337489,1676678339377
1676678338019,1676678339381
1676678337727,1676678339393
1676678337755,1676678339410
1676678337838,1676678339413
1676678337675,1676678339421
1676678338059,1676678339473
1676678338487,1676678339525
1676678338323,1676678339541
1676678338379,1676678339561
1676678337992,1676678339581
1676678337810,1676678339582
1676678338243,1676678339617
1676678338299,1676678339629
1676678338475,1676678339653
1676678338067,1676678339654
1676678338079,1676678339713
1676678337879,1676678339725
1676678337903,1676678339761
1676678338295,1676678339809
1676678337735,1676678339825
1676678339031,1676678339857
1676678338551,1676678339857
1676678338387,1676678339869
1676678338843,1676678339909
1676678338645,1676678339910
1676678338847,1676678339925
1676678338875,1676678339933
1676678338611,1676678339953
1676678338911,1676678339969
1676678338563,1676678339985
1676678338426,1676678340009
1676678338499,1676678340029
1676678338435,1676678340069
1676678339313,1676678340157
1676678338775,1676678340165
1676678338743,1676678340201
1676678338823,1676678340236
1676678339207,1676678340237
1676678338787,1676678340245
1676678338535,1676678340277
1676678338863,1676678340305
1676678338935,1676678340312
1676678338503,1676678340321
1676678338955,1676678340361
1676678339379,1676678340393
1676678338879,1676678340405
1676678339394,1676678340441
1676678338899,1676678340501
1676678339383,1676678340513
1676678339298,1676678340529
1676678338991,1676678340545
1676678339071,1676678340553
1676678339227,1676678340601
1676678339414,1676678340609
1676678339583,1676678340629
1676678338695,1676678340657
1676678339423,1676678340681
1676678339175,1676678340745
1676678338959,1676678340773
1676678339655,1676678340809
1676678339912,1676678340813
1676678339727,1676678340845
1676678339474,1676678340853
1676678339619,1676678340853
1676678339563,1676678340881
1676678339655,1676678340885
1676678339378,1676678340889
1676678338994,1676678340905
1676678339303,1676678340929
1676678339715,1676678341005
1676678339584,1676678341009
1676678339255,1676678341041
1676678339371,1676678341053
1676678338995,1676678341057
1676678339543,1676678341069
1676678339859,1676678341073
1676678339630,1676678341133
1676678340167,1676678341201
1676678339412,1676678341241
1676678339927,1676678341241
1676678339811,1676678341293
1676678339987,1676678341325
1676678340279,1676678341377
1676678340071,1676678341413
1676678340515,1676678341413
1676678339935,1676678341469
1676678339763,1676678341497
1676678339827,1676678341529
1676678340238,1676678341557
1676678340603,1676678341569
1676678339527,1676678341597
1676678339971,1676678341633
1676678340611,1676678341645
1676678339871,1676678341645
1676678340503,1676678341645
1676678339859,1676678341680
1676678340323,1676678341702
1676678339955,1676678341717
1676678340159,1676678341718
1676678339911,1676678341721
1676678340247,1676678341741
1676678340659,1676678341769
1676678340443,1676678341797
1676678340031,1676678341833
1676678340011,1676678341857
1676678340203,1676678341885
1676678340891,1676678341889
1676678340847,1676678341941
1676678340530,1676678341957
1676678340555,1676678341969
1676678340683,1676678341981
1676678340307,1676678341989
1676678340395,1676678342067
1676678340811,1676678342085
1676678340887,1676678342093
1676678341055,1676678342122
1676678340239,1676678342149
1676678341058,1676678342165
1676678340547,1676678342173
1676678341071,1676678342225
1676678340747,1676678342233
1676678340631,1676678342241
1676678340363,1676678342249
1676678341243,1676678342293
1676678340407,1676678342317
1676678341011,1676678342369
1676678340855,1676678342369
1676678340883,1676678342377
1676678341007,1676678342377
1676678340314,1676678342389
1676678341243,1676678342437
1676678340855,1676678342501
1676678341295,1676678342525
1676678341043,1676678342545
1676678341203,1676678342549
1676678340907,1676678342557
1676678341075,1676678342601
1676678340774,1676678342602
1676678341327,1676678342609
1676678341379,1676678342669
1676678341471,1676678342765
1676678341559,1676678342817
1676678341135,1676678342825
1676678341943,1676678342825
1676678341415,1676678342829
1676678341720,1676678342885
1676678340931,1676678342897
1676678341771,1676678342902
1676678341531,1676678342905
1676678341635,1676678342921
1676678341799,1676678343041
1676678341719,1676678343061
1676678341647,1676678343109
1676678342087,1676678343146
1676678341959,1676678343165
1676678341835,1676678343189
1676678341743,1676678343201
1676678341983,1676678343269
1676678341704,1676678343269
1676678341682,1676678343290
1676678341647,1676678343305
1676678342069,1676678343317
1676678341647,1676678343322
1676678340815,1676678343329
1676678341571,1676678343361
1676678341971,1676678343385
1676678342125,1676678343401
1676678341499,1676678343433
1676678342175,1676678343453
1676678341723,1676678343453
1676678341859,1676678343485
1676678342604,1676678343496
1676678342235,1676678343504
1676678341599,1676678343505
1676678341887,1676678343521
1676678342095,1676678343537
1676678341991,1676678343565
1676678342371,1676678343605
1676678341891,1676678343609
1676678342503,1676678343649
1676678342526,1676678343661
1676678342295,1676678343665
1676678342243,1676678343697
1676678341414,1676678343713
1676678342227,1676678343713
1676678342167,1676678343741
1676678342551,1676678343810
1676678342390,1676678343885
1676678342370,1676678343905
1676678342439,1676678343917
1676678342611,1676678343933
1676678342923,1676678343949
1676678342151,1676678343949
1676678342378,1676678343953
1676678342251,1676678343969
1676678342603,1676678343985
1676678342827,1676678344025
1676678342767,1676678344057
1676678342671,1676678344077
1676678342887,1676678344141
1676678342819,1676678344173
1676678342827,1676678344173
1676678342899,1676678344177
1676678342318,1676678344189
1676678343191,1676678344201
1676678342379,1676678344225
1676678342547,1676678344233
1676678342904,1676678344253
1676678343167,1676678344301
1676678342907,1676678344325
1676678343111,1676678344325
1676678343148,1676678344393
1676678343293,1676678344401
1676678343272,1676678344457
1676678343271,1676678344541
1676678343063,1676678344565
1676678343319,1676678344592
1676678343651,1676678344594
1676678343715,1676678344661
1676678343042,1676678344681
1676678343403,1676678344685
1676678342831,1676678344701
1676678343715,1676678344709
1676678343506,1676678344745
1676678343324,1676678344770
1676678343611,1676678344813
1676678342559,1676678344813
1676678343331,1676678344837
1676678343487,1676678344845
1676678343455,1676678344857
1676678343812,1676678344889
1676678343743,1676678344925
1676678343607,1676678344979
1676678343539,1676678345021
1676678343435,1676678345041
1676678343699,1676678345049
1676678343497,1676678345065
1676678343306,1676678345101
1676678343663,1676678345138
1676678343506,1676678345141
1676678343887,1676678345169
1676678344303,1676678345197
1676678343567,1676678345233
1676678343455,1676678345249
1676678343202,1676678345257
1676678343987,1676678345262
1676678343907,1676678345305
1676678343951,1676678345353
1676678344179,1676678345353
1676678344227,1676678345357
1676678344203,1676678345365
1676678343935,1676678345429
1676678343387,1676678345453
1676678344027,1676678345509
1676678344143,1676678345525
1676678343955,1676678345525
1676678343523,1676678345529
1676678344327,1676678345533
1676678344175,1676678345541
1676678343951,1676678345552
1676678343667,1676678345581
1676678344235,1676678345605
1676678344191,1676678345645
1676678344703,1676678345709
1676678343363,1676678345741
1676678344596,1676678345825
1676678344079,1676678345829
1676678344567,1676678345849
1676678344459,1676678345849
1676678344175,1676678345885
1676678344395,1676678345893
1676678343971,1676678345925
1676678343919,1676678345929
1676678344058,1676678345937
1676678344255,1676678345938
1676678344891,1676678345951
1676678344403,1676678345957
1676678344772,1676678345965
1676678344815,1676678346001
1676678344663,1676678346002
1676678344711,1676678346069
1676678344543,1676678346086
1676678345023,1676678346113
1676678344927,1676678346136
1676678344683,1676678346181
1676678344326,1676678346205
1676678344846,1676678346205
1676678345051,1676678346237
1676678344858,1676678346241
1676678345067,1676678346293
1676678345199,1676678346309
1676678344687,1676678346309
1676678345140,1676678346313
1676678344594,1676678346329
1676678344839,1676678346353
1676678345251,1676678346357
1676678345143,1676678346369
1676678345511,1676678346489
1676678344815,1676678346505
1676678344747,1676678346513
1676678345553,1676678346549
1676678345043,1676678346549
1676678345171,1676678346553
1676678345359,1676678346584
1676678345264,1676678346589
1676678345259,1676678346645
1676678345535,1676678346665
1676678345430,1676678346701
1676678344980,1676678346749
1676678345832,1676678346749
1676678345355,1676678346761
1676678345307,1676678346769
1676678345531,1676678346770
1676678345103,1676678346777
1676678345235,1676678346889
1676678345543,1676678346905
1676678345607,1676678346909
1676678345355,1676678346933
1676678345953,1676678346957
1676678345931,1676678346973
1676678345887,1676678347009
1676678345895,1676678347037
1676678345743,1676678347089
1676678345939,1676678347117
1676678346206,1676678347129
1676678345527,1676678347160
1676678345827,1676678347169
1676678346071,1676678347181
1676678346207,1676678347185
1676678345959,1676678347197
1676678346239,1676678347221
1676678345712,1676678347229
1676678345455,1676678347265
1676678346115,1676678347288
1676678345967,1676678347309
1676678345939,1676678347311
1676678346003,1676678347333
1676678346370,1676678347380
1676678345527,1676678347393
1676678345851,1676678347421
1676678346088,1676678347421
1676678346295,1676678347507
1676678345647,1676678347529
1676678346358,1676678347562
1676678346355,1676678347585
1676678345367,1676678347597
1676678346004,1676678347613
1676678345927,1676678347629
1676678346331,1676678347657
1676678346243,1676678347757
1676678346586,1676678347757
1676678346555,1676678347817
1676678346183,1676678347837
1676678345583,1676678347853
1676678345851,1676678347861
1676678346703,1676678347873
1676678346311,1676678347873
1676678346551,1676678347877
1676678346315,1676678347877
1676678346763,1676678347920
1676678346772,1676678347933
1676678346138,1676678347941
1676678346891,1676678347985
1676678346751,1676678347989
1676678346515,1676678348033
1676678346907,1676678348105
1676678347092,1676678348105
1676678346771,1676678348128
1676678346934,1676678348177
1676678347039,1676678348201
1676678346551,1676678348237
1676678346975,1676678348257
1676678346667,1676678348261
1676678346311,1676678348277
1676678347335,1676678348341
1676678346911,1676678348348
1676678347131,1676678348349
1676678347187,1676678348353
1676678347162,1676678348481
1676678346779,1676678348490
1676678347011,1676678348517
1676678346959,1676678348585
1676678346751,1676678348628
1676678347119,1676678348667
1676678347171,1676678348673
1676678347422,1676678348685
1676678347819,1676678348773
1676678346507,1676678348777
1676678347313,1676678348809
1676678347231,1676678348817
1676678347759,1676678348853
1676678347423,1676678348873
1676678347199,1676678348877
1676678346491,1676678348885
1676678347943,1676678348889
1676678347183,1676678348925
1676678347839,1676678348937
1676678347508,1676678348953
1676678347879,1676678348977
1676678347223,1676678348989
1676678347311,1676678349001
1676678347564,1676678349017
1676678347615,1676678349025
1676678347289,1676678349033
1676678347599,1676678349033
1676678347395,1676678349045
1676678347935,1676678349053
1676678347759,1676678349057
1676678347382,1676678349077
1676678347267,1676678349101
1676678347855,1676678349141
1676678346591,1676678349157
1676678348107,1676678349161
1676678347875,1676678349193
1676678347587,1676678349197
1676678347531,1676678349225
1676678347991,1676678349241
1676678347660,1676678349281
1676678347863,1676678349301
1676678347631,1676678349331
1676678348203,1676678349389
1676678348130,1676678349397
1676678347879,1676678349421
1676678348279,1676678349436
1676678348343,1676678349473
1676678348239,1676678349485
1676678348258,1676678349493
1676678348779,1676678349529
1676678348354,1676678349533
1676678348179,1676678349533
1676678348107,1676678349677
1676678348674,1676678349713
1676678348519,1676678349741
1676678348879,1676678349769
1676678347922,1676678349773
1676678347875,1676678349781
1676678348035,1676678349833
1676678348775,1676678349849
1676678348349,1676678349973
1676678348262,1676678349985
1676678348492,1676678349997
1676678349143,1676678350010
1676678348669,1676678350061
1676678348891,1676678350069
1676678348351,1676678350105
1676678347987,1676678350109
1676678348991,1676678350125
1676678348630,1676678350161
1676678349027,1676678350169
1676678348875,1676678350185
1676678348482,1676678350186
1676678349059,1676678350201
1676678349055,1676678350225
1676678349035,1676678350273
1676678348811,1676678350297
1676678348955,1676678350301
1676678349198,1676678350313
1676678349159,1676678350329
1676678349303,1676678350345
1676678348687,1676678350385
1676678348927,1676678350413
1676678349079,1676678350429
1676678349047,1676678350437
1676678349195,1676678350445
1676678349003,1676678350453
1676678349019,1676678350545
1676678348587,1676678350545
1676678348819,1676678350546
1676678349494,1676678350661
1676678349103,1676678350685
1676678348887,1676678350697
1676678349474,1676678350805
1676678348855,1676678350833
1676678349035,1676678350841
1676678349535,1676678350844
1676678349283,1676678350869
1676678349422,1676678350925
1676678348939,1676678350937
1676678349227,1676678350981
1676678348979,1676678350981
1676678349437,1676678350992
1676678349333,1676678350993
1676678349243,1676678351013
1676678349679,1676678351069
1676678349163,1676678351077
1676678349535,1676678351157
1676678349999,1676678351161
1676678349775,1676678351209
1676678349835,1676678351237
1676678349743,1676678351253
1676678350275,1676678351257
1676678349851,1676678351265
1676678349987,1676678351265
1676678349399,1676678351269
1676678349487,1676678351285
1676678350171,1676678351313
1676678349715,1676678351345
1676678349783,1676678351365
1676678349391,1676678351373
1676678349771,1676678351389
1676678350071,1676678351405
1676678350111,1676678351437
1676678350012,1676678351449
1676678349975,1676678351453
1676678350548,1676678351509
1676678349531,1676678351640
1676678350299,1676678351669
1676678350107,1676678351701
1676678350331,1676678351709
1676678350439,1676678351741
1676678350163,1676678351753
1676678350431,1676678351753
1676678350315,1676678351765
1676678350387,1676678351785
1676678350127,1676678351789
1676678350347,1676678351793
1676678350547,1676678351817
1676678350063,1676678351821
1676678350834,1676678351837
1676678350415,1676678351877
1676678350663,1676678351901
1676678350187,1676678351925
1676678350227,1676678351953
1676678350446,1676678351969
1676678350187,1676678351989
1676678350455,1676678351993
1676678350843,1676678351998
1676678351079,1676678352025
1676678350203,1676678352109
1676678350846,1676678352142
1676678350547,1676678352149
1676678350939,1676678352205
1676678350687,1676678352289
1676678351267,1676678352329
1676678350699,1676678352337
1676678351455,1676678352365
1676678350807,1676678352371
1676678351163,1676678352410
1676678351015,1676678352445
1676678350871,1676678352469
1676678351367,1676678352473
1676678350303,1676678352514
1676678350993,1676678352533
1676678351407,1676678352549
1676678351211,1676678352557
1676678351271,1676678352581
1676678350995,1676678352581
1676678351439,1676678352637
1676678351376,1676678352645
1676678351287,1676678352661
1676678350983,1676678352677
1676678351240,1676678352702
1676678351315,1676678352729
1676678351642,1676678352738
1676678351071,1676678352741
1676678351511,1676678352813
1676678351755,1676678352821
1676678351703,1676678352821
1676678351991,1676678352845
1676678351255,1676678352869
1676678350983,1676678352879
1676678350927,1676678352889
1676678351267,1676678352921
1676678351259,1676678352954
1676678352000,1676678352957
1676678351767,1676678352969
1676678351159,1676678352973
1676678351347,1676678352993
1676678351710,1676678353149
1676678351791,1676678353157
1676678351391,1676678353157
1676678351955,1676678353181
1676678351839,1676678353181
1676678352111,1676678353218
1676678351795,1676678353221
1676678351927,1676678353285
1676678351743,1676678353293
1676678351819,1676678353365
1676678351903,1676678353365
1676678351451,1676678353393
1676678352447,1676678353425
1676678351671,1676678353425
1676678352471,1676678353437
1676678351822,1676678353453
1676678351755,1676678353456
1676678351879,1676678353573
1676678352559,1676678353602
1676678352372,1676678353665
1676678352678,1676678353669
1676678352331,1676678353677
1676678352339,1676678353681
1676678352144,1676678353681
1676678352151,1676678353709
1676678352411,1676678353733
1676678351995,1676678353781
1676678352639,1676678353841
1676678352535,1676678353845
1676678352291,1676678353853
1676678352704,1676678353865
1676678352515,1676678353873
1676678352743,1676678353933
1676678351787,1676678353937
1676678352367,1676678353973
1676678352583,1676678353977
1676678352955,1676678353985
1676678352474,1676678353985
1676678352740,1676678353989
1676678352207,1676678354045
1676678352823,1676678354073
1676678352027,1676678354113
1676678352923,1676678354145
1676678352646,1676678354147
1676678352815,1676678354195
1676678352871,1676678354245
1676678352583,1676678354295
1676678352823,1676678354311
1676678352663,1676678354345
1676678352891,1676678354369
1676678353183,1676678354373
1676678352551,1676678354401
1676678352731,1676678354405
1676678352971,1676678354433
1676678353367,1676678354447
1676678353159,1676678354477
1676678352994,1676678354477
1676678353367,1676678354485
1676678352881,1676678354505
1676678352959,1676678354533
1676678353455,1676678354541
1676678353220,1676678354549
1676678352975,1676678354581
1676678353604,1676678354588
1676678352847,1676678354605
1676678353159,1676678354637
1676678353151,1676678354649
1676678353395,1676678354653
1676678353287,1676678354653
1676678353295,1676678354697
1676678353783,1676678354742
1676678353427,1676678354762
1676678353427,1676678354829
1676678353847,1676678354857
1676678353683,1676678354933
1676678353667,1676678354961
1676678353735,1676678354977
1676678353855,1676678354985
1676678353875,1676678355005
1676678353575,1676678355037
1676678353439,1676678355057
1676678353679,1676678355085
1676678353457,1676678355129
1676678353935,1676678355161
1676678353987,1676678355209
1676678353987,1676678355277
1676678353975,1676678355309
1676678353223,1676678355329
1676678354148,1676678355389
1676678353711,1676678355393
1676678353671,1676678355401
1676678354346,1676678355401
1676678354296,1676678355409
1676678353867,1676678355441
1676678354435,1676678355453
1676678354403,1676678355481
1676678353183,1676678355481
1676678354313,1676678355605
1676678354479,1676678355641
1676678354744,1676678355697
1676678353683,1676678355697
1676678354374,1676678355757
1676678354247,1676678355765
1676678354407,1676678355797
1676678354486,1676678355801
1676678353843,1676678355817
1676678354535,1676678355841
1676678354651,1676678355885
1676678354147,1676678355890
1676678354047,1676678355893
1676678354582,1676678355901
1676678354507,1676678355909
1676678354550,1676678355946
1676678354197,1676678355946
1676678354986,1676678356017
1676678354371,1676678356045
1676678354115,1676678356049
1676678353991,1676678356077
1676678353939,1676678356085
1676678354699,1676678356085
1676678354655,1676678356162
1676678354449,1676678356233
1676678354075,1676678356261
1676678355211,1676678356273
1676678354979,1676678356301
1676678355007,1676678356301
1676678354479,1676678356329
1676678355039,1676678356331
1676678354543,1676678356345
1676678354607,1676678356345
1676678355163,1676678356353
1676678354655,1676678356365
1676678354764,1676678356377
1676678354639,1676678356385
1676678354859,1676678356389
1676678354590,1676678356397
1676678353979,1676678356469
1676678355483,1676678356477
1676678354934,1676678356533
1676678355699,1676678356597
1676678355767,1676678356613
1676678355403,1676678356641
1676678355131,1676678356661
1676678355607,1676678356681
1676678355331,1676678356717
1676678354963,1676678356780
1676678355403,1676678356789
1676678355059,1676678356793
1676678355410,1676678356837
1676678355443,1676678356857
1676678355311,1676678356865
1676678355395,1676678356877
1676678355391,1676678356894
1676678355483,1676678356913
1676678356019,1676678356941
1676678355759,1676678357017
1676678354831,1676678357053
1676678355819,1676678357073
1676678355887,1676678357084
1676678356079,1676678357133
1676678355455,1676678357137
1676678355895,1676678357145
1676678355911,1676678357193
1676678355948,1676678357226
1676678355803,1676678357226
1676678356263,1676678357249
1676678355279,1676678357273
1676678356048,1676678357313
1676678355843,1676678357337
1676678355643,1676678357349
1676678355799,1676678357361
1676678356479,1676678357381
1676678356303,1676678357389
1676678356052,1676678357393
1676678355699,1676678357393
1676678356303,1676678357465
1676678356275,1676678357473
1676678355892,1676678357517
1676678356347,1676678357522
1676678356235,1676678357573
1676678356355,1676678357601
1676678356331,1676678357613
1676678356387,1676678357677
1676678356399,1676678357678
1676678356535,1676678357697
1676678356379,1676678357721
1676678356164,1676678357777
1676678356683,1676678357785
1676678356367,1676678357785
1676678356471,1676678357837
1676678356347,1676678357849
1676678355948,1676678357861
1676678356791,1676678357869
1676678356086,1676678357885
1676678355903,1676678357939
1676678356663,1676678357945
1676678356391,1676678357949
1676678356867,1676678357997
1676678356782,1676678358073
1676678357251,1676678358113
1676678356915,1676678358129
1676678357139,1676678358197
1676678356643,1676678358200
1676678357019,1676678358201
1676678356879,1676678358201
1676678357195,1676678358213
1676678356087,1676678358245
1676678356599,1676678358297
1676678356858,1676678358302
1676678356333,1676678358309
1676678356719,1676678358409
1676678357275,1676678358497
1676678357055,1676678358505
1676678356839,1676678358529
1676678357383,1676678358561
1676678357228,1676678358613
1676678357075,1676678358617
1676678357085,1676678358625
1676678357394,1676678358645
1676678357779,1676678358645
1676678356943,1676678358657
1676678357680,1676678358661
1676678357395,1676678358673
1676678356795,1676678358737
1676678356896,1676678358769
1676678357363,1676678358785
1676678357339,1676678358833
1676678357787,1676678358874
1676678357467,1676678358897
1676678357135,1676678358909
1676678357523,1676678358933
1676678357871,1676678358993
1676678357999,1676678359021
1676678358199,1676678359085
1676678357575,1676678359097
1676678357851,1676678359117
1676678358075,1676678359138
1676678357698,1676678359145
1676678358247,1676678359157
1676678357839,1676678359169
1676678357787,1676678359193
1676678357390,1676678359199
1676678357615,1676678359209
1676678357147,1676678359297
1676678357887,1676678359321
1676678357722,1676678359341
1676678356616,1676678359342
1676678357951,1676678359345
1676678357475,1676678359353
1676678357519,1676678359354
1676678357315,1676678359357
1676678358299,1676678359361
1676678357228,1676678359377
1676678358203,1676678359465
1676678358131,1676678359477
1676678357679,1676678359481
1676678357863,1676678359517
1676678358115,1676678359521
1676678358203,1676678359553
1676678358215,1676678359565
1676678358498,1676678359581
1676678358202,1676678359669
1676678358411,1676678359713
1676678358627,1676678359721
1676678357941,1676678359725
1676678357351,1676678359725
1676678358647,1676678359737
1676678358619,1676678359789
1676678358875,1676678359845
1676678357603,1676678359862
1676678358771,1676678359909
1676678358935,1676678359961
1676678358563,1676678359985
1676678358899,1676678359993
1676678358911,1676678360025
1676678358675,1676678360029
1676678358507,1676678360037
1676678359023,1676678360061
1676678358304,1676678360101
1676678358663,1676678360161
1676678358787,1676678360173
1676678358311,1676678360209
1676678358739,1676678360217
1676678358647,1676678360273
1676678358659,1676678360301
1676678359323,1676678360321
1676678359171,1676678360325
1676678359363,1676678360333
1676678359099,1676678360353
1676678359344,1676678360389
1676678359087,1676678360449
1676678359140,1676678360456
1676678359147,1676678360473
1676678358995,1676678360509
1676678359378,1676678360509
1676678359195,1676678360629
1676678359211,1676678360689
1676678359519,1676678360697
1676678359963,1676678360713
1676678359299,1676678360729
1676678358615,1676678360741
1676678359723,1676678360765
1676678359119,1676678360785
1676678358531,1676678360845
1676678358835,1676678360889
1676678359159,1676678360909
1676678359523,1676678360933
1676678359343,1676678360997
1676678359483,1676678361017
1676678359359,1676678361029
1676678359479,1676678361034
1676678359356,1676678361046
1676678359791,1676678361057
1676678359355,1676678361085
1676678360063,1676678361093
1676678359567,1676678361185
1676678359727,1676678361197
1676678359347,1676678361209
1676678359863,1676678361241
1676678359467,1676678361249
1676678359910,1676678361265
1676678359739,1676678361269
1676678360039,1676678361301
1676678359200,1676678361337
1676678359726,1676678361361
1676678359583,1676678361373
1676678359715,1676678361381
1676678359987,1676678361385
1676678360103,1676678361405
1676678359671,1676678361437
1676678359554,1676678361453
1676678359847,1676678361471
1676678360327,1676678361493
1676678360391,1676678361578
1676678360211,1676678361609
1676678360031,1676678361617
1676678360323,1676678361621
1676678360219,1676678361649
1676678360847,1676678361653
1676678360027,1676678361665
1676678360275,1676678361717
1676678360458,1676678361721
1676678360474,1676678361777
1676678360355,1676678361787
1676678360511,1676678361801
1676678360164,1676678361813
1676678360699,1676678361841
1676678360743,1676678361869
1676678361031,1676678361902
1676678360691,1676678361941
1676678359995,1676678361962
1676678360891,1676678362069
1676678361087,1676678362193
1676678360175,1676678362209
1676678360999,1676678362209
1676678360451,1676678362213
1676678360715,1676678362241
1676678360335,1676678362241
1676678361058,1676678362269
1676678361036,1676678362305
1676678360787,1676678362320
1676678360911,1676678362321
1676678361244,1676678362349
1676678360731,1676678362357
1676678361019,1676678362369
1676678360935,1676678362397
1676678361211,1676678362405
1676678361251,1676678362433
1676678361611,1676678362441
1676678361047,1676678362441
1676678360631,1676678362449
1676678361199,1676678362476
1676678361375,1676678362485
1676678361454,1676678362505
1676678360767,1676678362553
1676678360511,1676678362635
1676678361580,1676678362773
1676678361406,1676678362805
1676678361667,1676678362853
1676678361655,1676678362853
1676678361267,1676678362877
1676678361439,1676678362881
1676678361303,1676678362893
1676678361187,1676678362929
1676678361271,1676678362973
1676678361789,1676678362981
1676678361095,1676678362992
1676678361383,1676678363021
1676678361651,1676678363033
1676678361495,1676678363057
1676678361363,1676678363097
1676678361779,1676678363113
1676678361723,1676678363129
1676678361803,1676678363133
1676678361843,1676678363157
1676678361339,1676678363165
1676678361619,1676678363169
1676678361387,1676678363200
1676678362071,1676678363221
1676678361871,1676678363249
1676678361719,1676678363261
1676678361815,1676678363289
1676678362358,1676678363367
1676678362243,1676678363389
1676678362435,1676678363405
1676678361472,1676678363433
1676678362322,1676678363449
1676678362215,1676678363449
1676678362195,1676678363544
1676678361623,1676678363545
1676678362243,1676678363549
1676678362307,1676678363661
1676678362443,1676678363693
1676678362478,1676678363701
1676678361943,1676678363705
1676678362407,1676678363713
1676678362271,1676678363721
1676678362351,1676678363765
1676678362883,1676678363873
1676678362443,1676678363873
1676678362211,1676678363925
1676678362486,1676678363945
1676678362322,1676678363973
1676678362451,1676678363973
1676678362895,1676678363981
1676678361963,1676678364001
1676678362930,1676678364013
1676678362399,1676678364053
1676678362371,1676678364057
1676678362506,1676678364085
1676678362855,1676678364121
1676678362879,1676678364124
1676678362982,1676678364137
1676678362211,1676678364169
1676678362807,1676678364189
1676678363023,1676678364201
1676678362554,1676678364281
1676678363034,1676678364285
1676678363059,1676678364297
1676678363131,1676678364337
1676678362974,1676678364345
1676678363135,1676678364385
1676678363170,1676678364445
1676678362775,1676678364457
1676678363114,1676678364459
1676678363450,1676678364469
1676678363547,1676678364485
1676678362993,1676678364489
1676678362636,1676678364513
1676678363392,1676678364553
1676678363703,1676678364581
1676678363099,1676678364585
1676678363369,1676678364593
1676678363223,1676678364606
1676678363159,1676678364617
1676678362855,1676678364621
1676678363263,1676678364645
1676678363707,1676678364661
1676678363546,1676678364781
1676678363291,1676678364781
1676678363407,1676678364813
1676678363251,1676678364829
1676678363435,1676678364885
1676678363202,1676678364949
1676678363167,1676678364981
1676678363715,1676678365021
1676678363875,1676678365045
1676678363983,1676678365057
1676678363975,1676678365081
1676678363451,1676678365129
1676678363767,1676678365169
1676678364059,1676678365201
1676678364138,1676678365301
1676678364217,1676678365301
1676678363947,1676678365317
1676678364122,1676678365385
1676678363663,1676678365389
1676678364282,1676678365453
1676678363927,1676678365453
1676678363975,1676678365549
1676678364299,1676678365581
1676678363723,1676678365589
1676678364015,1676678365589
1676678363875,1676678365701
1676678364003,1676678365721
1676678364459,1676678365729
1676678364470,1676678365753
1676678364662,1676678365785
1676678364126,1676678365793
1676678363695,1676678365797
1676678364490,1676678365801
1676678364055,1676678365805
1676678364170,1676678365829
1676678363551,1676678365845
1676678364447,1676678365897
1676678364587,1676678365937
1676678364514,1676678365949
1676678364287,1676678365949
1676678364783,1676678365965
1676678364486,1676678365965
1676678364594,1676678365993
1676678364387,1676678366005
1676678364608,1676678366017
1676678364555,1676678366053
1676678364190,1676678366065
1676678364618,1676678366081
1676678364815,1676678366089
1676678364783,1676678366113
1676678364347,1676678366157
1676678364339,1676678366229
1676678364887,1676678366241
1676678364831,1676678366289
1676678364622,1676678366333
1676678365171,1676678366333
1676678365023,1676678366341
1676678364583,1676678366345
1676678364647,1676678366354
1676678365387,1676678366357
1676678364461,1676678366377
1676678364951,1676678366381
1676678365059,1676678366386
1676678364983,1676678366393
1676678365303,1676678366617
1676678365391,1676678366629
1676678365591,1676678366687
1676678365319,1676678366725
1676678365731,1676678366737
1676678365047,1676678366749
1676678365847,1676678366753
1676678365131,1676678366761
1676678365083,1676678366761
1676678365203,1676678366789
1676678365551,1676678366825
1676678365455,1676678366901
1676678366007,1676678366921
1676678365899,1676678366957
1676678365703,1676678366985
1676678365723,1676678367017
1676678365583,1676678367041
1676678365807,1676678367061
1676678365951,1676678367081
1676678365755,1676678367096
1676678365831,1676678367109
1676678365303,1676678367173
1676678365799,1676678367205
1676678366019,1676678367249
1676678366115,1676678367285
1676678365939,1676678367313
1676678366055,1676678367329
1676678366083,1676678367369
1676678366395,1676678367437
1676678365967,1676678367449
1676678365995,1676678367493
1676678365787,1676678367525
1676678365795,1676678367536
1676678366291,1676678367601
1676678366343,1676678367621
1676678366159,1676678367669
1676678366383,1676678367710
1676678366066,1676678367713
1676678365951,1676678367721
1676678366739,1676678367725
1676678366379,1676678367729
1676678365803,1676678367730
1676678366091,1676678367761
1676678366243,1676678367773
1676678366231,1676678367789
1676678366791,1676678367897
1676678366335,1676678367933
1676678366631,1676678367933
1676678366335,1676678367941
1676678366727,1676678367941
1676678365967,1676678367965
1676678366827,1676678367981
1676678366388,1676678367981
1676678366751,1676678367985
1676678366359,1676678368017
1676678366356,1676678368018
1676678366347,1676678368053
1676678366903,1676678368097
1676678365455,1676678368129
1676678366755,1676678368141
1676678367287,1676678368157
1676678366959,1676678368201
1676678367063,1676678368249
1676678367111,1676678368288
1676678366689,1676678368330
1676678366923,1676678368338
1676678366764,1676678368345
1676678367495,1676678368349
1676678366763,1676678368353
1676678367083,1676678368439
1676678367019,1676678368513
1676678366619,1676678368533
1676678367250,1676678368577
1676678366987,1676678368594
1676678367439,1676678368613
1676678367043,1676678368613
1676678367791,1676678368653
1676678367098,1676678368677
1676678367451,1676678368685
1676678367732,1676678368697
1676678367174,1676678368765
1676678367763,1676678368837
1676678368099,1676678368845
1676678367330,1676678368909
1676678367715,1676678368949
1676678367731,1676678369025
1676678367207,1676678369045
1676678367943,1676678369053
1676678368347,1676678369117
1676678367727,1676678369125
1676678367899,1676678369125
1676678367671,1676678369149
1676678367983,1676678369173
1676678367775,1676678369205
1676678367538,1676678369253
1676678367371,1676678369261
1676678368251,1676678369261
1676678368055,1676678369333
1676678368131,1676678369385
1676678367603,1676678369405
1676678367936,1676678369413
1676678367711,1676678369425
1676678367967,1676678369429
1676678367935,1676678369429
1676678367987,1676678369433
1676678367314,1676678369437
1676678368159,1676678369525
1676678367623,1676678369577
1676678367527,1676678369582
1676678368615,1676678369621
1676678368355,1676678369633
1676678368699,1676678369657
1676678368143,1676678369669
1676678368203,1676678369733
1676678367943,1676678369753
1676678368596,1676678369785
1676678367983,1676678369833
1676678368655,1676678369837
1676678368340,1676678369853
1676678368615,1676678369872
1676678368019,1676678369873
1676678368290,1676678369881
1676678368535,1676678369921
1676678368332,1676678369928
1676678368579,1676678369933
1676678368839,1676678369977
1676678368767,1676678370077
1676678368351,1676678370097
1676678368679,1676678370145
1676678369151,1676678370149
1676678368441,1676678370157
1676678368515,1676678370161
1676678368019,1676678370165
1676678369055,1676678370177
1676678368951,1676678370225
1676678369047,1676678370261
1676678368687,1676678370277
1676678368911,1676678370301
1676678369027,1676678370309
1676678369175,1676678370325
1676678369127,1676678370349
1676678369207,1676678370485
1676678369415,1676678370489
1676678369255,1676678370505
1676678369334,1676678370513
1676678369387,1676678370513
1676678369431,1676678370601
1676678369439,1676678370645
1676678369127,1676678370665
1676678368847,1676678370677
1676678369623,1676678370677
1676678369119,1676678370753
1676678369579,1676678370861
1676678369855,1676678370861
1676678369263,1676678370867
1676678369659,1676678370889
1676678369835,1676678370897
1676678369930,1676678370962
1676678369923,1676678370969
1676678369671,1676678370989
1676678369787,1676678371001
1676678369635,1676678371049
1676678369735,1676678371053
1676678369431,1676678371053
1676678369875,1676678371129
1676678369407,1676678371141
1676678369435,1676678371173
1676678370151,1676678371173
1676678370147,1676678371197
1676678369263,1676678371209
1676678369755,1676678371213
1676678369527,1676678371217
1676678370163,1676678371265
1676678370079,1676678371281
1676678369979,1676678371285
1676678370167,1676678371325
1676678369583,1676678371389
1676678370302,1676678371445
1676678369839,1676678371473
1676678370311,1676678371477
1676678370227,1676678371601
1676678370099,1676678371653
1676678369874,1676678371661
1676678370278,1676678371669
1676678370327,1676678371733
1676678370515,1676678371749
1676678369935,1676678371841
1676678370679,1676678371869
1676678370507,1676678371877
1676678370491,1676678371933
1676678370351,1676678371957
1676678370487,1676678371969
1676678370667,1676678371997
1676678370863,1676678372045
1676678370603,1676678372057
1676678370647,1676678372061
1676678370515,1676678372073
1676678370869,1676678372085
1676678370964,1676678372089
1676678371055,1676678372129
1676678370263,1676678372149
1676678370991,1676678372152
1676678371131,1676678372165
1676678370159,1676678372253
1676678371267,1676678372265
1676678371175,1676678372285
1676678371003,1676678372285
1676678371051,1676678372309
1676678369883,1676678372329
1676678370679,1676678372353
1676678371175,1676678372369
1676678371219,1676678372377
1676678370971,1676678372393
1676678371602,1676678372461
1676678370755,1676678372505
1676678370179,1676678372613
1676678371663,1676678372625
1676678370891,1676678372677
1676678371283,1676678372692
1676678371215,1676678372705
1676678370900,1676678372741
1676678371751,1676678372777
1676678371327,1676678372781
1676678370863,1676678372809
1676678371287,1676678372849
1676678371475,1676678372865
1676678371199,1676678372905
1676678371871,1676678372968
1676678371055,1676678372972
1676678371879,1676678372989
1676678371479,1676678372989
1676678371655,1676678373013
1676678371959,1676678373069
1676678371391,1676678373073
1676678371447,1676678373085
1676678372154,1676678373133
1676678371935,1676678373221
1676678372075,1676678373269
1676678371843,1676678373325
1676678371734,1676678373333
1676678372087,1676678373341
1676678372091,1676678373417
1676678372059,1676678373421
1676678372287,1676678373433
1676678372047,1676678373449
1676678372255,1676678373497
1676678372131,1676678373505
1676678371971,1676678373521
1676678372311,1676678373569
1676678372151,1676678373585
1676678371671,1676678373628
1676678372063,1676678373649
1676678372627,1676678373761
1676678372371,1676678373781
1676678372395,1676678373881
1676678372167,1676678373905
1676678372267,1676678373909
1676678372991,1676678373941
1676678372694,1676678374005
1676678372379,1676678374008
1676678371999,1676678374097
1676678372463,1676678374105
1676678373135,1676678374137
1676678372779,1676678374165
1676678372974,1676678374197
1676678372679,1676678374209
1676678372907,1676678374221
1676678372507,1676678374241
1676678373075,1676678374281
1676678372355,1676678374285
1676678372615,1676678374325
1676678372707,1676678374329
1676678373071,1676678374345
1676678372331,1676678374385
1676678373015,1676678374385
1676678372851,1676678374425
1676678372811,1676678374529
1676678372287,1676678374553
1676678372743,1676678374585
1676678372783,1676678374623
1676678373335,1676678374649
1676678372867,1676678374654
1676678372990,1676678374693
1676678373523,1676678374701
1676678372970,1676678374781
1676678373507,1676678374829
1676678373435,1676678374857
1676678373087,1676678374873
1676678373499,1676678374877
1676678373651,1676678374881
1676678373630,1676678374941
1676678373451,1676678374985
1676678373571,1676678374985
1676678373911,1676678375005
1676678373883,1676678375119
1676678374243,1676678375133
1676678373223,1676678375157
1676678373327,1676678375193
1676678373908,1676678375221
1676678374331,1676678375225
1676678374211,1676678375233
1676678373343,1676678375273
1676678373587,1676678375278
1676678374387,1676678375293
1676678374007,1676678375413
1676678373423,1676678375449
1676678373783,1676678375473
1676678374009,1676678375473
1676678374099,1676678375477
1676678374387,1676678375497
1676678374283,1676678375501
1676678373419,1676678375517
1676678373944,1676678375649
1676678374223,1676678375697
1676678374555,1676678375713
1676678374287,1676678375741
1676678374327,1676678375753
1676678374883,1676678375764
1676678374651,1676678375817
1676678373271,1676678375845
1676678374167,1676678375849
1676678374199,1676678375869
1676678374427,1676678375889
1676678374830,1676678375889
1676678374139,1676678375929
1676678374347,1676678375953
1676678375159,1676678376021
1676678375007,1676678376053
1676678374531,1676678376054
1676678374859,1676678376057
1676678374987,1676678376121
1676678374107,1676678376141
1676678375235,1676678376165
1676678375227,1676678376185
1676678374695,1676678376186
1676678374656,1676678376213
1676678374587,1676678376301
1676678374987,1676678376305
1676678374783,1676678376369
1676678374874,1676678376393
1676678374703,1676678376401
1676678375295,1676678376405
1676678375195,1676678376497
1676678374879,1676678376505
1676678375121,1676678376533
1676678374942,1676678376585
1676678375135,1676678376602
1676678375519,1676678376637
1676678375651,1676678376689
1676678375503,1676678376705
1676678375451,1676678376725
1676678375280,1676678376777
1676678375275,1676678376793
1676678375499,1676678376809
1676678375415,1676678376813
1676678375476,1676678376898
1676678375765,1676678376933
1676678375851,1676678377073
1676678375955,1676678377081
1676678375755,1676678377081
1676678375819,1676678377085
1676678376123,1676678377181
1676678375715,1676678377205
1676678376143,1676678377249
1676678375699,1676678377341
1676678376371,1676678377349
1676678375479,1676678377353
1676678376187,1676678377397
1676678376023,1676678377421
1676678375224,1676678377449
1676678375871,1676678377489
1676678375743,1676678377501
1676678376059,1676678377545
1676678375931,1676678377673
1676678375891,1676678377698
1676678375847,1676678377713
1676678376215,1676678377721
1676678376307,1676678377737
1676678376499,1676678377737
1676678375891,1676678377773
1676678376057,1676678377813
1676678375475,1676678377833
1676678376691,1676678377833
1676678376407,1676678377865
1676678376055,1676678377873
1676678376188,1676678377897
1676678377074,1676678377929
1676678376303,1676678377936
1676678376604,1676678377941
1676678376403,1676678377953
1676678376587,1676678378001
1676678376779,1676678378005
1676678376507,1676678378017
1676678376815,1676678378037
1676678377087,1676678378053
1676678376639,1676678378142
1676678376900,1676678378181
1676678377183,1676678378205
1676678377083,1676678378237
1676678376811,1676678378241
1676678376395,1676678378273
1676678376795,1676678378273
1676678376707,1676678378305
1676678377251,1676678378321
1676678377547,1676678378353
1676678376935,1676678378417
1676678376167,1676678378417
1676678376535,1676678378445
1676678376727,1676678378465
1676678377738,1676678378557
1676678377503,1676678378657
1676678377491,1676678378665
1676678377835,1676678378737
1676678377355,1676678378761
1676678377343,1676678378817
1676678377675,1676678378865
1676678377207,1676678378893
1676678377875,1676678378901
1676678377775,1676678378913
1676678377938,1676678378945
1676678377451,1676678379077
1676678377083,1676678379125
1676678377350,1676678379129
1676678377723,1676678379241
1676678377835,1676678379249
1676678378007,1676678379269
1676678377942,1676678379285
1676678377867,1676678379317
1676678378183,1676678379401
1676678377700,1676678379446
1676678377815,1676678379460
1676678378003,1676678379509
1676678377931,1676678379529
1676678378039,1676678379529
1676678377739,1676678379557
1676678378275,1676678379581
1676678378243,1676678379585
1676678378239,1676678379593
1676678377900,1676678379653
1676678377955,1676678379653
1676678377398,1676678379705
1676678378145,1676678379748
1676678378419,1676678379781
1676678378055,1676678379781
1676678378307,1676678379837
1676678378867,1676678379893
1676678378447,1676678379917
1676678378355,1676678379961
1676678378819,1676678379985
1676678378559,1676678380005
1676678378323,1676678380069
1676678378019,1676678380091
1676678378275,1676678380117
1676678378895,1676678380125
1676678378915,1676678380141
1676678379079,1676678380185
1676678378658,1676678380213
1676678378763,1676678380221
1676678378903,1676678380253
1676678378739,1676678380381
1676678378667,1676678380393
1676678379243,1676678380417
1676678379271,1676678380449
1676678379131,1676678380497
1676678379403,1676678380509
1676678378207,1676678380514
1676678379706,1676678380533
1676678379511,1676678380553
1676678379287,1676678380577
1676678379987,1676678380653
1676678378467,1676678380669
1676678379127,1676678380721
1676678379594,1676678380849
1676678379462,1676678380853
1676678379586,1676678380857
1676678379583,1676678380861
1676678379531,1676678380937
1676678379531,1676678380945
1676678378947,1676678380981
1676678379319,1676678381013
1676678380007,1676678381046
1676678379447,1676678381061
1676678379963,1676678381125
1676678379839,1676678381129
1676678379559,1676678381137
1676678379750,1676678381169
1676678380071,1676678381237
1676678379919,1676678381281
1676678379783,1676678381354
1676678380255,1676678381413
1676678379655,1676678381413
1676678380143,1676678381421
1676678379895,1676678381477
1676678379783,1676678381490
1676678379655,1676678381517
1676678380119,1676678381537
1676678380187,1676678381617
1676678380419,1676678381621
1676678380499,1676678381653
1676678380215,1676678381665
1676678380535,1676678381669
1676678379251,1676678381749
1676678380670,1676678381789
1676678380511,1676678381817
1676678380395,1676678381829
1676678380092,1676678381905
1676678380127,1676678381937
1676678380383,1676678381977
1676678380862,1676678382005
1676678380516,1676678382029
1676678381131,1676678382089
1676678380222,1676678382097
1676678380555,1676678382205
1676678381171,1676678382209
1676678380939,1676678382225
1676678380851,1676678382245
1676678381015,1676678382273
1676678380859,1676678382323
1676678380723,1676678382337
1676678380579,1676678382385
1676678381127,1676678382456
1676678380451,1676678382469
1676678381415,1676678382513
1676678381063,1676678382521
1676678381283,1676678382533
1676678381357,1676678382545
1676678381048,1676678382549
1676678381479,1676678382609
1676678381423,1676678382633
1676678381139,1676678382661
1676678380855,1676678382704
1676678381415,1676678382721
1676678381670,1676678382757
1676678380947,1676678382825
1676678381667,1676678382869
1676678381539,1676678382893
1676678380983,1676678382897
1676678380655,1676678382984
1676678381623,1676678383005
1676678381791,1676678383089
1676678381519,1676678383093
1676678382031,1676678383093
1676678381619,1676678383106
1676678381239,1676678383153
1676678382098,1676678383189
1676678381831,1676678383237
1676678382247,1676678383265
1676678381751,1676678383277
1676678382091,1676678383305
1676678382007,1676678383369
1676678382387,1676678383389
1676678382324,1676678383421
1676678381939,1676678383485
1676678381907,1676678383501
1676678382459,1676678383561
1676678382635,1676678383610
1676678382827,1676678383625
1676678381819,1676678383633
1676678381655,1676678383637
1676678382207,1676678383653
1676678382471,1676678383661
1676678382275,1676678383705
1676678382546,1676678383733
1676678382227,1676678383785
1676678382706,1676678383801
1676678382523,1676678383877
1676678382515,1676678383901
1676678382211,1676678383933
1676678382723,1676678384025
1676678382612,1676678384065
1676678382899,1676678384089
1676678382871,1676678384149
1676678382663,1676678384217
1676678382895,1676678384233
1676678382551,1676678384309
1676678383091,1676678384337
1676678383267,1676678384361
1676678382339,1676678384365
1676678383095,1676678384385
1676678382758,1676678384389
1676678382535,1676678384461
1676678383108,1676678384489
1676678383191,1676678384501
1676678383154,1676678384533
1676678383391,1676678384541
1676678383006,1676678384565
1676678383307,1676678384621
1676678383279,1676678384630
1676678383095,1676678384649
1676678383423,1676678384829
1676678383563,1676678384850
1676678383639,1676678384857
1676678383239,1676678384881
1676678383371,1676678384920
1676678383655,1676678384949
1676678383663,1676678384965
1676678383612,1676678384993
1676678382986,1676678385045
1676678383935,1676678385218
1676678383706,1676678385233
1676678383487,1676678385286
1676678384027,1676678385297
1676678383734,1676678385377
1676678383803,1676678385393
1676678383635,1676678385445
1676678384219,1676678385449
1676678384387,1676678385489
1676678383626,1676678385517
1676678384311,1676678385517
1676678384151,1676678385525
1676678384363,1676678385566
1676678384490,1676678385573
1676678384067,1676678385574
1676678383903,1676678385617
1676678384535,1676678385645
1676678383879,1676678385735
1676678384503,1676678385781
1676678383787,1676678385797
1676678384391,1676678385837
1676678384567,1676678385877
1676678384951,1676678385881
1676678384463,1676678385889
1676678384091,1676678385933
1676678384339,1676678385997
1676678384623,1676678386003
1676678384967,1676678386153
1676678384235,1676678386161
1676678385395,1676678386229
1676678384367,1676678386248
1676678384922,1676678386257
1676678384883,1676678386277
1676678384632,1676678386309
1676678384995,1676678386325
1676678384651,1676678386353
1676678385220,1676678386385
1676678384853,1676678386389
1676678384831,1676678386493
1676678385288,1676678386517
1676678385299,1676678386532
1676678385491,1676678386545
1676678385379,1676678386733
1676678385519,1676678386745
1676678384543,1676678386797
1676678385235,1676678386933
1676678384859,1676678386977
1676678385799,1676678386986
1676678385575,1676678386993
1676678385575,1676678387009
1676678385646,1676678387033
1676678385519,1676678387073
1676678385839,1676678387093
1676678385883,1676678387171
1676678386163,1676678387221
1676678385047,1676678387221
1676678385447,1676678387253
1676678386249,1676678387309
1676678385891,1676678387337
1676678385451,1676678387341
1676678385619,1676678387377
1676678386005,1676678387381
1676678386355,1676678387405
1676678386327,1676678387513
1676678385737,1676678387532
1676678386279,1676678387549
1676678386231,1676678387609
1676678385879,1676678387613
1676678385935,1676678387661
1676678386386,1676678387693
1676678385527,1676678387697
1676678386259,1676678387705
1676678386155,1676678387769
1676678387011,1676678387909
1676678385783,1676678387913
1676678386311,1676678387974
1676678386391,1676678388040
1676678386734,1676678388053
1676678386547,1676678388069
1676678386988,1676678388073
1676678387255,1676678388121
1676678386798,1676678388145
1676678386747,1676678388209
1676678387035,1676678388309
1676678386935,1676678388341
1676678386995,1676678388377
1676678386979,1676678388397
1676678387075,1676678388413
1676678387173,1676678388437
1676678386533,1676678388441
1676678387343,1676678388501
1676678387407,1676678388521
1676678387534,1676678388609
1676678387551,1676678388633
1676678387694,1676678388709
1676678387339,1676678388725
1676678387379,1676678388738
1676678387383,1676678388785
1676678387223,1676678388801
1676678386495,1676678388813
1676678387095,1676678388869
1676678387223,1676678388901
1676678387699,1676678388953
1676678387771,1676678388953
1676678387515,1676678388965
1676678387311,1676678388973
1676678388147,1676678389005
1676678387911,1676678389069
1676678387663,1676678389085
1676678387916,1676678389193
1676678388123,1676678389257
1676678388311,1676678389265
1676678388071,1676678389269
1676678388443,1676678389297
1676678387615,1676678389397
1676678388343,1676678389465
1676678387976,1676678389525
1676678388042,1676678389537
1676678388054,1676678389573
1676678388378,1676678389593
1676678388415,1676678389605
1676678387707,1676678389692
1676678388786,1676678389753
1676678388635,1676678389777
1676678388439,1676678389793
1676678388075,1676678389849
1676678388399,1676678389957
1676678388955,1676678390013
1676678388523,1676678390013
1676678388975,1676678390133
1676678388903,1676678390137
1676678388503,1676678390149
1676678388955,1676678390217
1676678388815,1676678390233
1676678389071,1676678390245
1676678388871,1676678390273
1676678388211,1676678390331
1676678387611,1676678390381
1676678388967,1676678390433
1676678388727,1676678390465
1676678389087,1676678390537
1676678389007,1676678390541
1676678389258,1676678390625
1676678388740,1676678390657
1676678389299,1676678390845
1676678388803,1676678390845
1676678389399,1676678390893
1676678389466,1676678390901
1676678388711,1676678390905
1676678389795,1676678390965
1676678389195,1676678391009
1676678390139,1676678391041
1676678389754,1676678391042
1676678390135,1676678391049
1676678389607,1676678391077
1676678389527,1676678391117
1676678389574,1676678391133
1676678389538,1676678391169
1676678389778,1676678391281
1676678390015,1676678391289
1676678389694,1676678391289
1676678388611,1676678391313
1676678390015,1676678391349
1676678390275,1676678391354
1676678390383,1676678391457
1676678390627,1676678391473
1676678389851,1676678391513
1676678389271,1676678391561
1676678390235,1676678391665
1676678389959,1676678391681
1676678390467,1676678391693
1676678390151,1676678391761
1676678390219,1676678391797
1676678390435,1676678391861
1676678390539,1676678391909
1676678390543,1676678391925
1676678390967,1676678391937
1676678390847,1676678391965
1676678391135,1676678392093
1676678390659,1676678392125
1676678390333,1676678392265
1676678391043,1676678392333
1676678390903,1676678392373
1676678390847,1676678392381
1676678391079,1676678392396
1676678391291,1676678392421
1676678391355,1676678392421
1676678390247,1676678392457
1676678391051,1676678392497
1676678391283,1676678392537
1676678391044,1676678392569
1676678390895,1676678392589
1676678391459,1676678392613
1676678391119,1676678392665
1676678391171,1676678392668
1676678391351,1676678392669
1676678391011,1676678392685
1676678391515,1676678392769
1676678391291,1676678392813
1676678391927,1676678392905
1676678391315,1676678393081
1676678391563,1676678393117
1676678391863,1676678393129
1676678391763,1676678393185
1676678391967,1676678393189
1676678391939,1676678393205
1676678391695,1676678393257
1676678392459,1676678393309
1676678391475,1676678393341
1676678391683,1676678393385
1676678392375,1676678393389
1676678392383,1676678393449
1676678392127,1676678393517
1676678392267,1676678393585
1676678392539,1676678393589
1676678391667,1676678393617
1676678392591,1676678393894
1676678392615,1676678393897
1676678392397,1676678393901
1676678392687,1676678393901
1676678392423,1676678393981
1676678392667,1676678393993
1676678392571,1676678394001
1676678392907,1676678394093
1676678392095,1676678394120
1676678392499,1676678394163
1676678392671,1676678394173
1676678392423,1676678394213
1676678393387,1676678394337
1676678392771,1676678394361
1676678392815,1676678394373
1676678391911,1676678394401
1676678392670,1676678394449
1676678392335,1676678394453
1676678393187,1676678394465
1676678393130,1676678394481
1676678393083,1676678394493
1676678393118,1676678394573
1676678393343,1676678394585
1676678393311,1676678394637
1676678393451,1676678394721
1676678393587,1676678394733
1676678393619,1676678394761
1676678393259,1676678394797
1676678393903,1676678394813
1676678393391,1676678394813
1676678393207,1676678394849
1676678393191,1676678394857
1676678394215,1676678394901
1676678393899,1676678395077
1676678393903,1676678395169
1676678393995,1676678395283
1676678394003,1676678395309
1676678393895,1676678395329
1676678394165,1676678395429
1676678394403,1676678395445
1676678393519,1676678395469
1676678394467,1676678395549
1676678394363,1676678395569
1676678393983,1676678395581
1676678394095,1676678395594
1676678393591,1676678395609
1676678394339,1676678395661
1676678394451,1676678395797
1676678394455,1676678396025
1676678394723,1676678396085
1676678394799,1676678396153
1676678395079,1676678396173
1676678394483,1676678396189
1676678394375,1676678396209
1676678394495,1676678396213
1676678394859,1676678396305
1676678394587,1676678396389
1676678394763,1676678396404
1676678394575,1676678396465
1676678394903,1676678396481
1676678394815,1676678396541
1676678394815,1676678396553
1676678395171,1676678396568
1676678394122,1676678396641
1676678395447,1676678396709
1676678395431,1676678396733
1676678395331,1676678396761
1676678394735,1676678396761
1676678395663,1676678396789
1676678395311,1676678396864
1676678395284,1676678396865
1676678395611,1676678396873
1676678395551,1676678396965
1676678395470,1676678396981
1676678395571,1676678397049
1676678396027,1676678397097
1676678395583,1676678397237
1676678396175,1676678397249
1676678395596,1676678397301
1676678396155,1676678397377
1676678395799,1676678397397
1676678394851,1676678397425
1676678396307,1676678397473
1676678396555,1676678397489
1676678396391,1676678397545
1676678396211,1676678397569
1676678396191,1676678397661
1676678396763,1676678397841
1676678396087,1676678397844
1676678396466,1676678397917
1676678396215,1676678397961
1676678396642,1676678397961
1676678396791,1676678398005
1676678396569,1676678398173
1676678396406,1676678398209
1676678396763,1676678398229
1676678396865,1676678398265
1676678396734,1676678398325
1676678397051,1676678398337
1676678397303,1676678398337
1676678396983,1676678398357
1676678396867,1676678398453
1676678396542,1676678398461
1676678396875,1676678398469
1676678397099,1676678398481
1676678397399,1676678398489
1676678397239,1676678398620
1676678397427,1676678398649
1676678397491,1676678398793
1676678396711,1676678398809
1676678397251,1676678398841
1676678397571,1676678398861
1676678397846,1676678398974
1676678396967,1676678398986
1676678398007,1676678399093
1676678397963,1676678399125
1676678397843,1676678399253
1676678397475,1676678399277
1676678398231,1676678399289
1676678398211,1676678399309
1676678397919,1676678399377
1676678397963,1676678399393
1676678397663,1676678399405
1676678398339,1676678399433
1676678397379,1676678399477
1676678398327,1676678399501
1676678397547,1676678399533
1676678398175,1676678399677
1676678398455,1676678399689
1676678398463,1676678399721
1676678398491,1676678399765
1676678398651,1676678399769
1676678398267,1676678399813
1676678398359,1676678399845
1676678398483,1676678400101
1676678398863,1676678400213
1676678398621,1676678400233
1676678398811,1676678400245
1676678398976,1676678400261
1676678399127,1676678400321
1676678399379,1676678400453
1676678399255,1676678400461
1676678399535,1676678400641
1676678399279,1676678400677
1676678398471,1676678400697
1676678398795,1676678400697
1676678398843,1676678400697
1676678399291,1676678400729
1676678399095,1676678400733
1676678399394,1676678400857
1676678399479,1676678400955
1676678399767,1676678401101
1676678399846,1676678401113
1676678399503,1676678401169
1676678399691,1676678401229
1676678400247,1676678401237
1676678399679,1676678401273
1676678399407,1676678401365
1676678399723,1676678401381
1676678400215,1676678401425
1676678398989,1676678401441
1676678400103,1676678401501
1676678399771,1676678401517
1676678399435,1676678401529
1676678400463,1676678401601
1676678399815,1676678401613
1676678400263,1676678401625
1676678400454,1676678401725
1676678400323,1676678401785
1676678400699,1676678401801
1676678400735,1676678401893
1676678400731,1676678401893
1676678400679,1676678401929
1676678400643,1676678402081
1676678400699,1676678402185
1676678400235,1676678402205
1676678401275,1676678402297
1676678400957,1676678402373
1676678401443,1676678402533
1676678401520,1676678402601
1676678401727,1676678402637
1676678401239,1676678402649
1676678401383,1676678402657
1676678401615,1676678402737
1676678401103,1676678402777
1676678401171,1676678402801
1676678401503,1676678402892
1676678401895,1676678402961
1676678400858,1676678403093
1676678401895,1676678403113
1676678401603,1676678403349
1676678401115,1676678403433
1676678402083,1676678403465
1676678402187,1676678403533
1676678401931,1676678403617
1676678401531,1676678403669
1676678401787,1676678403705
1676678402207,1676678403717
1676678402659,1676678403813
1676678402299,1676678403825
1676678401231,1676678403948
1676678402894,1676678403949
1676678402374,1676678403981
1676678401803,1676678404006
1676678402603,1676678404029
1676678402535,1676678404029
1676678401367,1676678404097
1676678403095,1676678404201
1676678402963,1676678404229
1676678402651,1676678404269
1676678403115,1676678404305
1676678402739,1676678404413
1676678402639,1676678404481
1676678403467,1676678404529
1676678402803,1676678404549
1676678403435,1676678404661
1676678403535,1676678404737
1676678402779,1676678404833
1676678403707,1676678404853
1676678403671,1676678405085
1676678403950,1676678405089
1676678404099,1676678405137
1676678404031,1676678405173
1676678403827,1676678405237
1676678404008,1676678405253
1676678403719,1676678405365
1676678403815,1676678405401
1676678404203,1676678405489
1676678404307,1676678405501
1676678403951,1676678405549
1676678403351,1676678405565
1676678403983,1676678405569
1676678404835,1676678405605
1676678404663,1676678405661
1676678404415,1676678405857
1676678404483,1676678405865
1676678404031,1676678405873
1676678404551,1676678405937
1676678405087,1676678406181
1676678404531,1676678406201
1676678404271,1676678406205
1676678405175,1676678406281
1676678405503,1676678406313
1676678404231,1676678406329
1676678404854,1676678406393
1676678405091,1676678406509
1676678405567,1676678406585
1676678404739,1676678406653
1676678405139,1676678406697
1676678405491,1676678406981
1676678405403,1676678406982
1676678405571,1676678407013
1676678405551,1676678407061
1676678405939,1676678407093
1676678405607,1676678407145
1676678405875,1676678407285
1676678405255,1676678407289
1676678405367,1676678407296
1676678405663,1676678407347
1676678406183,1676678407364
1676678406331,1676678407417
1676678406283,1676678407437
1676678405859,1676678407465
1676678405239,1676678407540
1676678406207,1676678407801
1676678406203,1676678407830
1676678406699,1676678407865
1676678406315,1676678407941
1676678406655,1676678407985
1676678407063,1676678408017
1676678406511,1676678408025
1676678406587,1676678408117
1676678407014,1676678408193
1676678406983,1676678408285
1676678406984,1676678408297
1676678407291,1676678408353
1676678407297,1676678408461
1676678407439,1676678408474
1676678407287,1676678408576
1676678407095,1676678408729
1676678407365,1676678408781
1676678407467,1676678408785
1676678407419,1676678408813
1676678407147,1676678408865
1676678407542,1676678408881
1676678407348,1676678409065
1676678408027,1676678409117
1676678407867,1676678409193
1676678408119,1676678409308
1676678407803,1676678409404
1676678408287,1676678409461
1676678408194,1676678409481
1676678407987,1676678409557
1676678408731,1676678409665
1676678408299,1676678409841
1676678407943,1676678409879
1676678408475,1676678409937
1676678408867,1676678409985
1676678407832,1676678410145
1676678408815,1676678410213
1676678408019,1676678410217
1676678408786,1676678410337
1676678408355,1676678410342
1676678409067,1676678410373
1676678408463,1676678410405
1676678409483,1676678410481
1676678409119,1676678410513
1676678408578,1676678410549
1676678409310,1676678410565
1676678408883,1676678410605
1676678408782,1676678410625
1676678409463,1676678410801
1676678409195,1676678410849
1676678409559,1676678411033
1676678409881,1676678411249
1676678409843,1676678411486
1676678410215,1676678411561
1676678410219,1676678411621
1676678409987,1676678411621
1676678410147,1676678411669
1676678410627,1676678411701
1676678410407,1676678411705
1676678409667,1676678411709
1676678410551,1676678411817
1676678410339,1676678411913
1676678410375,1676678412061
1676678410567,1676678412065
1676678410803,1676678412170
1676678410515,1676678412194
1676678411488,1676678412333
1676678411251,1676678412425
1676678409938,1676678412513
1676678410851,1676678412517
1676678411707,1676678412573
1676678410483,1676678412681
1676678411035,1676678412711
1676678411623,1676678413017
1676678411671,1676678413089
1676678410607,1676678413129
1676678411915,1676678413133
1676678411819,1676678413217
1676678411563,1676678413221
1676678412171,1676678413285
1676678411623,1676678413413
1676678412196,1676678413477
1676678412067,1676678413573
1676678412519,1676678413597
1676678411711,1676678413625
1676678411703,1676678413765
1676678412575,1676678413765
1676678412427,1676678413776
1676678412063,1676678413845
1676678413135,1676678414029
1676678412713,1676678414029
1676678412683,1676678414161
1676678413223,1676678414397
1676678413287,1676678414429
1676678413599,1676678414605
1676678413415,1676678414617
1676678413091,1676678414773
1676678413131,1676678414813
1676678413019,1676678414901
1676678413847,1676678414933
1676678413627,1676678414941
1676678413575,1676678414941
1676678413778,1676678414961
1676678413219,1676678415029
1676678414031,1676678415325
1676678413479,1676678415337
1676678414031,1676678415365
1676678414163,1676678415449
1676678413767,1676678415489
1676678414431,1676678415517
1676678414815,1676678415821
1676678414775,1676678415905
1676678414619,1676678416005
1676678413767,1676678416125
1676678415327,1676678416277
1676678414399,1676678416373
1676678414943,1676678416405
1676678414942,1676678416477
1676678414903,1676678416505
1676678414962,1676678416529
1676678414934,1676678416545
1676678414607,1676678416713
1676678415339,1676678416721
1676678415451,1676678416761
1676678415823,1676678417069
1676678416127,1676678417142
1676678415367,1676678417209
1676678415519,1676678417213
1676678415491,1676678417217
1676678416007,1676678417401
1676678415907,1676678417418
1676678416407,1676678417473
1676678416279,1676678417593
1676678416375,1676678417649
1676678416547,1676678417777
1676678416507,1676678417857
1676678416479,1676678418013
1676678416531,1676678418117
1676678417143,1676678418141
1676678416723,1676678418201
1676678416715,1676678418529
1676678417403,1676678418557
1676678417219,1676678418613
1676678417420,1676678418669
1676678417071,1676678418709
1676678416763,1676678418825
1676678417475,1676678418853
1676678417651,1676678418953
1676678417211,1676678419029
1676678417859,1676678419201
1676678418119,1676678419537
1676678417595,1676678419589
1676678418559,1676678419677
1676678418143,1676678419729
1676678417779,1676678419901
1676678418531,1676678419929
1676678418671,1676678420037
1676678418826,1676678420041
1676678418711,1676678420149
1676678418015,1676678420170
1676678419031,1676678420173
1676678418955,1676678420277
1676678418855,1676678420417
1676678419731,1676678420525
1676678418615,1676678420561
1676678419591,1676678420941
1676678419539,1676678421041
1676678419679,1676678421125
1676678419903,1676678421169
1676678420172,1676678421169
1676678419202,1676678421185
1676678420042,1676678421189
1676678420419,1676678421569
1676678420563,1676678421697
1676678419931,1676678421757
1676678420151,1676678421793
1676678420943,1676678421937
1676678420527,1676678422037
1676678421171,1676678422101
1676678420175,1676678422153
1676678421187,1676678422205
1676678420038,1676678422253
1676678421043,1676678422577
1676678420279,1676678422625
1676678421191,1676678422697
1676678421571,1676678422781
1676678421759,1676678422937
1676678421795,1676678423065
1676678421699,1676678423069
1676678421939,1676678423273
1676678422039,1676678423309
1676678422255,1676678423441
1676678422207,1676678423473
1676678422103,1676678423605
1676678421127,1676678423709
1676678422627,1676678423873
1676678422155,1676678423969
1676678422699,1676678424010
1676678423070,1676678424101
1676678422939,1676678424169
1676678423275,1676678424250
1676678423443,1676678424597
1676678422579,1676678424601
1676678423475,1676678424601
1676678423311,1676678424717
1676678423067,1676678424945
1676678423607,1676678424953
1676678423875,1676678425205
1676678424171,1676678425261
1676678424253,1676678425285
1676678423711,1676678425301
1676678424012,1676678425337
1676678423971,1676678425441
1676678424102,1676678425609
1676678424603,1676678425793
1676678424603,1676678426137
1676678424599,1676678426193
1676678424946,1676678426241
1676678424955,1676678426249
1676678424719,1676678426569
1676678425611,1676678426705
1676678425206,1676678426717
1676678425302,1676678426777
1676678425262,1676678426933
1676678425338,1676678426949
1676678425443,1676678427173
1676678425287,1676678427197
1676678426139,1676678427345
1676678426195,1676678427421
1676678426251,1676678427577
1676678426243,1676678427841
1676678426571,1676678427933
1676678426935,1676678428033
1676678426718,1676678428110
1676678426779,1676678428125
1676678427347,1676678428377
1676678426707,1676678428529
1676678427175,1676678428625
1676678427423,1676678428701
1676678426951,1676678428889
1676678427199,1676678428893
1676678427579,1676678428929
1676678427935,1676678429073
1676678428035,1676678429129
1676678427843,1676678429129
1676678428111,1676678429365
1676678428127,1676678429465
1676678428379,1676678429665
1676678428627,1676678429673
1676678428703,1676678429873
1676678428895,1676678430065
1676678428891,1676678430153
1676678429131,1676678430337
1676678428931,1676678430349
1676678429467,1676678430405
1676678428531,1676678430554
1676678429131,1676678430709
1676678429075,1676678430805
1676678429675,1676678430849
1676678429667,1676678430953
1676678429875,1676678431141
1676678430067,1676678431485
1676678430351,1676678431557
1676678430407,1676678431661
1676678430807,1676678431681
1676678430155,1676678431941
1676678430955,1676678432265
1676678430556,1676678432313
1676678430711,1676678432397
1676678430339,1676678432469
1676678431487,1676678432561
1676678431143,1676678432797
1676678431683,1676678433033
1676678431559,1676678433161
1676678431663,1676678433229
1676678430850,1676678433405
1676678431943,1676678433433
1676678432315,1676678433641
1676678432471,1676678433768
1676678432399,1676678433849
1676678432267,1676678434133
1676678433035,1676678434153
1676678432563,1676678434301
1676678432799,1676678434361
1676678433231,1676678434749
1676678433407,1676678434761
1676678433851,1676678434969
1676678433643,1676678435137
1676678433163,1676678435141
1676678434303,1676678435345
1676678434155,1676678435489
1676678434135,1676678435621
1676678433435,1676678435689
1676678434763,1676678435969
1676678434751,1676678436021
1676678434971,1676678436141
1676678434363,1676678436233
1676678435143,1676678436269
1676678435491,1676678436585
1676678435691,1676678436785
1676678435347,1676678436913
1676678436271,1676678437193
1676678435623,1676678437209
1676678435138,1676678437281
1676678436143,1676678437349
1676678435971,1676678437369
1676678436235,1676678437373
1676678436023,1676678437538
1676678436787,1676678437997
1676678436915,1676678438209
1676678436587,1676678438265
1676678437283,1676678438477
1676678437195,1676678438700
1676678437211,1676678438706
1676678437350,1676678438773
1676678437375,1676678438949
1676678437371,1676678439001
1676678438211,1676678439109
1676678437999,1676678439305
1676678437540,1676678439497
1676678438267,1676678440109
1676678438478,1676678440177
1676678439111,1676678440473
1676678439002,1676678440633
1676678439499,1676678440653
1676678438708,1676678440817
1676678439307,1676678440897
1676678438701,1676678440965
1676678438775,1676678441041
1676678438951,1676678441213
1676678440111,1676678441413
1676678440635,1676678441769
1676678440179,1676678442041
1676678440819,1676678442225
1676678440655,1676678442353
1676678440475,1676678442581
1676678441415,1676678442609
1676678441215,1676678442741
1676678440967,1676678442989
1676678440899,1676678443109
1676678441043,1676678443133
1676678442043,1676678443341
1676678442355,1676678443713
1676678442611,1676678443829
1676678442226,1676678443905
1676678441771,1676678443985
1676678442583,1676678444021
1676678442743,1676678444037
1676678443111,1676678444657
1676678443135,1676678444821
1676678443343,1676678445021
1676678442991,1676678445129
1676678443715,1676678445365
1676678443907,1676678445421
1676678443987,1676678445429
1676678444039,1676678445569
1676678443831,1676678445641
1676678444023,1676678445645
1676678444823,1676678445977
1676678444659,1676678446313
1676678445023,1676678446469
1676678445367,1676678446745
1676678445431,1676678447057
1676678445979,1676678447153
1676678445647,1676678447245
1676678446315,1676678447477
1676678445643,1676678447501
1676678445571,1676678447561
1676678445423,1676678447620
1676678447059,1676678447747
1676678445131,1676678447757
1676678447247,1676678448285
1676678447155,1676678448521
1676678447503,1676678448645
1676678446471,1676678448681
1676678446747,1676678448955
1676678447563,1676678449093
1676678447622,1676678449169
1676678447759,1676678449413
1676678447479,1676678449465
1676678447749,1676678449609
1676678448084,1676678449690
1676678448683,1676678449713
1676678448287,1676678449843
1676678448523,1676678450357
1676678449467,1676678450621
1676678448957,1676678450773
1676678448647,1676678450965
1676678449171,1676678451061
1676678449611,1676678451081
1676678449415,1676678451137
1676678449844,1676678451377
1676678450775,1676678451581
1676678449695,1676678451621
1676678449095,1676678451649
1676678449715,1676678451693
1676678450623,1676678451809
1676678450359,1676678452217
1676678451379,1676678452269
1676678451083,1676678452349
1676678451139,1676678452514
1676678450967,1676678452553
1676678451583,1676678452733
1676678451623,1676678452857
1676678451063,1676678452901
1676678451651,1676678452949
1676678451695,1676678453045
1676678451811,1676678453233
1676678452517,1676678453730
1676678452351,1676678453845
1676678452735,1676678453957
1676678452903,1676678454013
1676678452219,1676678454101
1676678452555,1676678454129
1676678452271,1676678454201
1676678453047,1676678454349
1676678452858,1676678454385
1676678453235,1676678454409
1676678453112,1676678454705
1676678452951,1676678454741
1676678454015,1676678454853
1676678453959,1676678455337
1676678454351,1676678455449
1676678454203,1676678455521
1676678453732,1676678455605
1676678454387,1676678455665
1676678454711,1676678455713
1676678453847,1676678455737
1676678454855,1676678455897
1676678454411,1676678456121
1676678454743,1676678456137
1676678454103,1676678456385
1676678454131,1676678456417
1676678455339,1676678457041
1676678455606,1676678457045
1676678455523,1676678457305
1676678455667,1676678457413
1676678455715,1676678457581
1676678455451,1676678457661
1676678456387,1676678457697
1676678456419,1676678457733
1676678456123,1676678457777
1676678455899,1676678457797
1676678455739,1676678457805
1676678456139,1676678457817
1676678457043,1676678457885
1676678456129,1676678458281
1676678457819,1676678458833
1676678457307,1676678458889
1676678457415,1676678459102
1676678457047,1676678459165
1676678457699,1676678459169
1676678457799,1676678459537
1676678457583,1676678459549
1676678457663,1676678459585
1676678457807,1676678459693
1676678457779,1676678459909
1676678457735,1676678459917
1676678458286,1676678459949
1676678458891,1676678459981
1676678457887,1676678460074
1676678458835,1676678460175
1676678459171,1676678460293
1676678459167,1676678460341
1676678459551,1676678460388
1676678459539,1676678460429
1676678459587,1676678460745
1676678459149,1676678460785
1676678459919,1676678461029
1676678459104,1676678461054
1676678459983,1676678461181
1676678459951,1676678461309
1676678460343,1676678461329
1676678460177,1676678461509
1676678459911,1676678461585
1676678460076,1676678461605
1676678460295,1676678461821
1676678460747,1676678461861
1676678460390,1676678461909
1676678459695,1676678461953
1676678461056,1676678462181
1676678460790,1676678462221
1676678461183,1676678462693
1676678461031,1676678462705
1676678460431,1676678462733
1676678461511,1676678462789
1676678461607,1676678462801
1676678461164,1676678462902
1676678461311,1676678462957
1676678461911,1676678463013
1676678461863,1676678463125
1676678461587,1676678463141
1676678462223,1676678463257
1676678462183,1676678463285
1676678461823,1676678463337
1676678461331,1676678463357
1676678461954,1676678463573
1676678462735,1676678464017
1676678462707,1676678464045
1676678462791,1676678464161
1676678463015,1676678464229
1676678462695,1676678464445
1676678462803,1676678464513
1676678462959,1676678464569
1676678463143,1676678464597
1676678463127,1676678464656
1676678462908,1676678464753
1676678463180,1676678464793
1676678463286,1676678464829
1676678463359,1676678464917
1676678463339,1676678465001
1676678464018,1676678465133
1676678463259,1676678465309
1676678464163,1676678465321
1676678464599,1676678465441
1676678464515,1676678465477
1676678463575,1676678465529
1676678464232,1676678465661
1676678464447,1676678465669
1676678464047,1676678465809
1676678464755,1676678465829
1676678464919,1676678466177
1676678464571,1676678466289
1676678464797,1676678466394
1676678465003,1676678466409
1676678464831,1676678466529
1676678465197,1676678466574
1676678465135,1676678466637
1676678464658,1676678466761
1676678465671,1676678466881
1676678465323,1676678466953
1676678465531,1676678466969
1676678465311,1676678467001
1676678465479,1676678467061
1676678465831,1676678467185
1676678465443,1676678467213
1676678466291,1676678467261
1676678465663,1676678467289
1676678466178,1676678467333
1676678466396,1676678467381
1676678465811,1676678467541
1676678466411,1676678467793
1676678466883,1676678467813
1676678466639,1676678467873
1676678466579,1676678467990
1676678467063,1676678468117
1676678466763,1676678468233
1676678467187,1676678468245
1676678466531,1676678468533
1676678466971,1676678468561
1676678467291,1676678468677
1676678467383,1676678468713
1676678467335,1676678468777
1676678467003,1676678468873
1676678467215,1676678468905
1676678467263,1676678468913
1676678467815,1676678468993
1676678467543,1676678469021
1676678466955,1676678469097
1676678467214,1676678469101
1676678468247,1676678469301
1676678467795,1676678469325
1676678467992,1676678469417
1676678467875,1676678469573
1676678468234,1676678469605
1676678468536,1676678469677
1676678468715,1676678469785
1676678468679,1676678469789
1676678469023,1676678469805
1676678468915,1676678469941
1676678468119,1676678469977
1676678468907,1676678470129
1676678468995,1676678470137
1676678468875,1676678470313
1676678469231,1676678470453
1676678469303,1676678470665
1676678468563,1676678470741
1676678469419,1676678470821
1676678469099,1676678470933
1676678469943,1676678470933
1676678469679,1676678470937
1676678469327,1676678470945
1676678469575,1676678471061
1676678468779,1676678471113
1676678469787,1676678471261
1676678470131,1676678471277
1676678469107,1676678471297
1676678470315,1676678471465
1676678469979,1676678471517
1676678469807,1676678471525
1676678470245,1676678471630
1676678469607,1676678471641
1676678470139,1676678471813
1676678470459,1676678471974
1676678470935,1676678471997
1676678470743,1676678472033
1676678470823,1676678472177
1676678470947,1676678472437
1676678470667,1676678472501
1676678471299,1676678472521
1676678471063,1676678472553
1676678471115,1676678472585
1676678469791,1676678472674
1676678470935,1676678472678
1676678471467,1676678472697
1676678470939,1676678472769
1676678471636,1676678472829
1676678471279,1676678472833
1676678471263,1676678472849
1676678471976,1676678472973
1676678471642,1676678473021
1676678471519,1676678473029
1676678471527,1676678473169
1676678471999,1676678473397
1676678472035,1676678473413
1676678471815,1676678473641
1676678472259,1676678473657
1676678472831,1676678473685
1676678472439,1676678473693
1676678472503,1676678473725
1676678472179,1676678473845
1676678473031,1676678473941
1676678472523,1676678473969
1676678472699,1676678474113
1676678472587,1676678474237
1676678472555,1676678474241
1676678472679,1676678474357
1676678473271,1676678474381
1676678472851,1676678474469
1676678472676,1676678474485
1676678472771,1676678474669
1676678473023,1676678474689
1676678472834,1676678474701
1676678473171,1676678474725
1676678473643,1676678474802
1676678472975,1676678474845
1676678473943,1676678474873
1676678473727,1676678474925
1676678473687,1676678474953
1676678473847,1676678475101
1676678473662,1676678475181
1676678473415,1676678475241
1676678474115,1676678475377
1676678474243,1676678475437
1676678473399,1676678475525
1676678474239,1676678475537
1676678473971,1676678475621
1676678473695,1676678475653
1676678474359,1676678475685
1676678474672,1676678475685
1676678474387,1676678475717
1676678474487,1676678475773
1676678474691,1676678475845
1676678474955,1676678475865
1676678474875,1676678475945
1676678474927,1676678475961
1676678474803,1676678476037
1676678474727,1676678476086
1676678474703,1676678476133
1676678475287,1676678476161
1676678474471,1676678476189
1676678474847,1676678476273
1676678475379,1676678476289
1676678475539,1676678476453
1676678475183,1676678476582
1676678475847,1676678476657
1676678475103,1676678476753
1676678475527,1676678476801
1676678475687,1676678476821
1676678475243,1676678476837
1676678475439,1676678476861
1676678475655,1676678476905
1676678475963,1676678476965
1676678475719,1676678477002
1676678475687,1676678477125
1676678475947,1676678477209
1676678476168,1676678477285
1676678476088,1676678477417
1676678475623,1676678477429
1676678476039,1676678477429
1676678475775,1676678477469
1676678476291,1676678477625
1676678476191,1676678477633
1676678476659,1676678477797
1676678476455,1676678477805
1676678475867,1676678477869
1676678476823,1676678477901
1676678476584,1676678477961
1676678476275,1676678478013
1676678476803,1676678478125
1676678476863,1676678478153
1676678476135,1676678478229
1676678476301,1676678478365
1676678476755,1676678478544
1676678477287,1676678478557
1676678476839,1676678478561
1676678477127,1676678478589
1676678477418,1676678478633
1676678477431,1676678478737
1676678476967,1676678478745
1676678477627,1676678478813
1676678477871,1676678478929
1676678477635,1676678478953
1676678477470,1676678479009
1676678477211,1676678479061
1676678477963,1676678479073
1676678477004,1676678479133
1676678476907,1676678479169
1676678477903,1676678479269
1676678477431,1676678479308
1676678477799,1676678479401
1676678478635,1676678479613
1676678478127,1676678479617
1676678478015,1676678479633
1676678478370,1676678479701
1676678478559,1676678479793
1676678478231,1676678479809
1676678478317,1676678479873
1676678478591,1676678479917
1676678478739,1676678479921
1676678478815,1676678479973
1676678479011,1676678479986
1676678477807,1676678479993
1676678478563,1676678480027
1676678478546,1676678480057
1676678479063,1676678480181
1676678478747,1676678480273
1676678478155,1676678480361
1676678479171,1676678480405
1676678479327,1676678480433
1676678479134,1676678480477
1676678478931,1676678480585
1676678478955,1676678480617
1676678479635,1676678480709
1676678479795,1676678480725
1676678479619,1676678480753
1676678479615,1676678480849
1676678479271,1676678481017
1676678479075,1676678481025
1676678479923,1676678481085
1676678479811,1676678481157
1676678479919,1676678481174
1676678479402,1676678481205
1676678479878,1676678481236
1676678479994,1676678481485
1676678480275,1676678481497
1676678479309,1676678481529
1676678479703,1676678481549
1676678480183,1676678481561
1676678479975,1676678481581
1676678479987,1676678481609
1676678480340,1676678481885
1676678480407,1676678481897
1676678480059,1676678481909
1676678480363,1676678481957
1676678481027,1676678481969
1676678480029,1676678482069
1676678480479,1676678482161
1676678480438,1676678482169
1676678480851,1676678482249
1676678480587,1676678482317
1676678480711,1676678482425
1676678481486,1676678482545
1676678480619,1676678482565
1676678481159,1676678482569
1676678480727,1676678482613
1676678481176,1676678482646
1676678481237,1676678482693
1676678481207,1676678482693
1676678480755,1676678482697
1676678481087,1676678482765
1676678481019,1676678482765
1676678481531,1676678482801
1676678481551,1676678482849
1676678481564,1676678482913
1676678481971,1676678482917
1676678481611,1676678482925
1676678482163,1676678483057
1676678481899,1676678483225
1676678481499,1676678483225
1676678482252,1676678483237
1676678481891,1676678483389
1676678482319,1676678483453
1676678481583,1676678483525
1676678482071,1676678483537
1676678482171,1676678483565
1676678482547,1676678483673
1676678482851,1676678483709
1676678482767,1676678483793
1676678482427,1676678483809
1676678482919,1676678483905
1676678482803,1676678483913
1676678482695,1676678483945
1676678482352,1676678484003
1676678482927,1676678484049
1676678483059,1676678484097
1676678481959,1676678484129
1676678481911,1676678484202
1676678482571,1676678484248
1676678482615,1676678484257
1676678482567,1676678484353
1676678483239,1676678484405
1676678482915,1676678484465
1676678482694,1676678484481
1676678482767,1676678484549
1676678482648,1676678484569
1676678483368,1676678484637
1676678483227,1676678484673
1676678483527,1676678484705
1676678483567,1676678484797
1676678483227,1676678484829
1676678483539,1676678484873
1676678482699,1676678484906
1676678483391,1676678484933
1676678483811,1676678484966
1676678483907,1676678485109
1676678484008,1676678485141
1676678483455,1676678485161
1676678483675,1676678485221
1676678483795,1676678485221
1676678483915,1676678485253
1676678484052,1676678485289
1676678484099,1676678485297
1676678483947,1676678485401
1676678483711,1676678485409
1676678484250,1676678485500
1676678484355,1676678485561
1676678484259,1676678485769
1676678484131,1676678485821
1676678484467,1676678485837
1676678484642,1676678485905
1676678484799,1676678485910
1676678484204,1676678485973
1676678484831,1676678486005
1676678484706,1676678486013
1676678484551,1676678486021
1676678484380,1676678486021
1676678484908,1676678486141
1676678484875,1676678486153
1676678485111,1676678486157
1676678484675,1676678486173
1676678485223,1676678486261
1676678484571,1676678486285
1676678484935,1676678486329
1676678484483,1676678486353
1676678485163,1676678486449
1676678485299,1676678486485
1676678485403,1676678486661
1676678485291,1676678486669
1676678485255,1676678486709
1676678484407,1676678486717
1676678485501,1676678486733
1676678485143,1676678486733
1676678485410,1676678486777
1676678484968,1676678486814
1676678485771,1676678487010
1676678486026,1676678487089
1676678486014,1676678487093
1676678486007,1676678487153
1676678485823,1676678487189
1676678485907,1676678487201
1676678485975,1676678487201
1676678485839,1676678487213
1676678485912,1676678487277
1676678485223,1676678487441
1676678486487,1676678487453
1676678486175,1676678487469
1676678486155,1676678487485
1676678486331,1676678487505
1676678486263,1676678487553
1676678486355,1676678487649
1676678485563,1676678487677
1676678486159,1676678487681
1676678486663,1676678487757
1676678486396,1676678487781
1676678486143,1676678487793
1676678486287,1676678487909
1676678486779,1676678487933
1676678486023,1676678487961
1676678486451,1676678487977
1676678487012,1676678488069
1676678487091,1676678488165
1676678486735,1676678488181
1676678486816,1676678488433
1676678486711,1676678488625
1676678487443,1676678488645
1676678487095,1676678488677
1676678487191,1676678488729
1676678487454,1676678488757
1676678486671,1676678488793
1676678487651,1676678488909
1676678486735,1676678489061
1676678487787,1676678489073
1676678487215,1676678489081
1676678486719,1676678489125
1676678487203,1676678489129
1676678487911,1676678489181
1676678487203,1676678489185
1676678487155,1676678489185
1676678487279,1676678489233
1676678487411,1676678489281
1676678487796,1676678489305
1676678487471,1676678489317
1676678487963,1676678489333
1676678487507,1676678489349
1676678487679,1676678489393
1676678487980,1676678489405
1676678487487,1676678489445
1676678487935,1676678489448
1676678487555,1676678489457
1676678487683,1676678489494
1676678488911,1676678489641
1676678488167,1676678489645
1676678488627,1676678489689
1676678487759,1676678489829
1676678488647,1676678489833
1676678488423,1676678489845
1676678488071,1676678489849
1676678489075,1676678489937
1676678488183,1676678490053
1676678488435,1676678490117
1676678489394,1676678490185
1676678489286,1676678490205
1676678488759,1676678490309
1676678489235,1676678490321
1676678489351,1676678490445
1676678489447,1676678490493
1676678489131,1676678490513
1676678489063,1676678490521
1676678489183,1676678490529
1676678488731,1676678490565
1676678489187,1676678490574
1676678488795,1676678490581
1676678489306,1676678490605
1676678489187,1676678490625
1676678489083,1676678490632
1676678489459,1676678490699
1676678489335,1676678490725
1676678489647,1676678490738
1676678489127,1676678490749
1676678489851,1676678490873
1676678488679,1676678490905
1676678489407,1676678490913
1676678489449,1676678490917
1676678489835,1676678490925
1676678489496,1676678490945
1676678489643,1676678490969
1676678489831,1676678490993
1676678489851,1676678491197
1676678489319,1676678491229
1676678489691,1676678491333
1676678490187,1676678491345
1676678490119,1676678491605
1676678490626,1676678491609
1676678490311,1676678491673
1676678490575,1676678491773
1676678489939,1676678491790
1676678490727,1676678491869
1676678490523,1676678491961
1676678490919,1676678492025
1676678490606,1676678492033
1676678490055,1676678492041
1676678490531,1676678492065
1676678490437,1676678492093
1676678490447,1676678492197
1676678490566,1676678492225
1676678490907,1676678492253
1676678490701,1676678492277
1676678490323,1676678492305
1676678490875,1676678492329
1676678491199,1676678492337
1676678490634,1676678492413
1676678490515,1676678492485
1676678490915,1676678492497
1676678490582,1676678492597
1676678490971,1676678492609
1676678490495,1676678492613
1676678490947,1676678492789
1676678491450,1676678492809
1676678490207,1676678492881
1676678490995,1676678492885
1676678490750,1676678492905
1676678490927,1676678492905
1676678491675,1676678492917
1676678491347,1676678492961
1676678491335,1676678492977
1676678491792,1676678493001
1676678491611,1676678493033
1676678492067,1676678493061
1676678492027,1676678493113
1676678491231,1676678493145
1676678490740,1676678493157
1676678492043,1676678493165
1676678492099,1676678493193
1676678491871,1676678493221
1676678492035,1676678493293
1676678492307,1676678493301
1676678491775,1676678493349
1676678492339,1676678493461
1676678492226,1676678493542
1676678492255,1676678493553
1676678492199,1676678493609
1676678492499,1676678493629
1676678491607,1676678493681
1676678492331,1676678493813
1676678492887,1676678493917
1676678492487,1676678494105
1676678492611,1676678494129
1676678492599,1676678494169
1676678493063,1676678494193
1676678492919,1676678494209
1676678492815,1676678494257
1676678491963,1676678494265
1676678492963,1676678494269
1676678492883,1676678494289
1676678492979,1676678494301
1676678492615,1676678494366
1676678493195,1676678494377
1676678493223,1676678494493
1676678493003,1676678494517
1676678493463,1676678494529
1676678493035,1676678494545
1676678493115,1676678494545
1676678492279,1676678494560
1676678492907,1676678494609
1676678492907,1676678494813
1676678493303,1676678494881
1676678493159,1676678494881
1676678493555,1676678494941
1676678493815,1676678494945
1676678493147,1676678494949
1676678493351,1676678494965
1676678493611,1676678495025
1676678493295,1676678495029
1676678493167,1676678495073
1676678493683,1676678495077
1676678492415,1676678495093
1676678493631,1676678495133
1676678492792,1676678495245
1676678493544,1676678495413
1676678494519,1676678495449
1676678494259,1676678495465
1676678493919,1676678495472
1676678494303,1676678495525
1676678494131,1676678495532
1676678494495,1676678495609
1676678494547,1676678495645
1676678494108,1676678495701
1676678494291,1676678495713
1676678494271,1676678495721
1676678494211,1676678495725
1676678494547,1676678495729
1676678494267,1676678495837
1676678494815,1676678495857
1676678494171,1676678495953
1676678494379,1676678495969
1676678494883,1676678495973
1676678495079,1676678496061
1676678494195,1676678496070
1676678495075,1676678496085
1676678494883,1676678496093
1676678494561,1676678496117
1676678495027,1676678496169
1676678494611,1676678496185
1676678495095,1676678496221
1676678495031,1676678496221
1676678494531,1676678496249
1676678494967,1676678496368
1676678495415,1676678496381
1676678495247,1676678496485
1676678494368,1676678496493
1676678495451,1676678496601
1676678494951,1676678496729
1676678494947,1676678496745
1676678495474,1676678496764
1676678495467,1676678496789
1676678495135,1676678496805
1676678495611,1676678496901
1676678495859,1676678496933
1676678495703,1676678496945
1676678495731,1676678496953
1676678495727,1676678496997
1676678495975,1676678497045
1676678495723,1676678497137
1676678494943,1676678497189
1676678495970,1676678497225
1676678495534,1676678497275
1676678495526,1676678497277
1676678495839,1676678497285
1676678495715,1676678497288
1676678496087,1676678497305
1676678496186,1676678497373
1676678495955,1676678497393
1676678496071,1676678497425
1676678496250,1676678497433
1676678496171,1676678497533
1676678495647,1676678497673
1676678496807,1676678497692
1676678496118,1676678497697
1676678496063,1676678497701
1676678496223,1676678497797
1676678496095,1676678497836
1676678496903,1676678497841
1676678496487,1676678497845
1676678496222,1676678497989
1676678496383,1676678498009
1676678496747,1676678498133
1676678496790,1676678498184
1676678496369,1676678498187
1676678496731,1676678498233
1676678497307,1676678498325
1676678497287,1676678498369
1676678497279,1676678498397
1676678496495,1676678498465
1676678496935,1676678498545
1676678496766,1676678498565
1676678497226,1676678498697
1676678497191,1676678498733
1676678496999,1676678498785
1676678497290,1676678498789
1676678496603,1676678498797
1676678496947,1676678498813
1676678497139,1676678498833
1676678496955,1676678498833
1676678497374,1676678498865
1676678497434,1676678498869
1676678497675,1676678498949
1676678497395,1676678498961
1676678498135,1676678499113
1676678497990,1676678499177
1676678497699,1676678499179
1676678497799,1676678499197
1676678497702,1676678499201
1676678497277,1676678499225
1676678497427,1676678499233
1676678498189,1676678499299
1676678497047,1676678499341
1676678497535,1676678499389
1676678498326,1676678499389
1676678497838,1676678499433
1676678498547,1676678499485
1676678497846,1676678499485
1676678498185,1676678499537
1676678497843,1676678499557
1676678498234,1676678499601
1676678497693,1676678499617
1676678498370,1676678499641
